1.000	6509.000	480.000
2.000	6509.100	300.000
3.000	6509.200	390.000
4.000	6509.300	460.000
5.000	6509.400	290.000
6.000	6509.500	400.000
7.000	6509.600	400.000
8.000	6509.700	370.000
9.000	6509.800	350.000
10.000	6509.900	280.000
11.000	6510.000	360.000
12.000	6510.100	320.000
13.000	6510.200	350.000
14.000	6510.300	240.000
15.000	6510.400	330.000
16.000	6510.500	300.000
17.000	6510.600	430.000
18.000	6510.700	430.000
19.000	6510.800	460.000
20.000	6510.900	620.000
21.000	6511.000	1400.000
22.000	6511.100	4250.000
23.000	6511.200	6160.000
24.000	6511.300	5860.000
25.000	6511.400	1730.000
26.000	6511.500	640.000
27.000	6511.600	630.000
28.000	6511.700	460.000
29.000	6511.800	340.000
30.000	6511.900	350.000
31.000	6512.000	310.000
32.000	6512.100	350.000
33.000	6512.200	330.000
34.000	6512.300	450.000
35.000	6512.400	350.000
36.000	6512.500	480.000
37.000	6512.600	540.000
38.000	6512.700	710.000
39.000	6512.800	1830.000
40.000	6512.900	4250.000
41.000	6513.000	5420.000
42.000	6513.100	3650.000
43.000	6513.200	1200.000
44.000	6513.300	630.000
45.000	6513.400	340.000
46.000	6513.500	490.000
47.000	6513.600	350.000
48.000	6513.700	320.000
49.000	6513.800	320.000
50.000	6513.900	290.000
51.000	6514.000	320.000
52.000	6514.100	370.000
53.000	6514.200	210.000
54.000	6514.300	340.000
55.000	6514.400	410.000
56.000	6514.500	430.000
57.000	6514.600	380.000
58.000	6514.700	480.000
59.000	6514.800	330.000
60.000	6514.900	410.000
61.000	6515.000	480.000
62.000	6515.100	480.000
63.000	6515.200	360.000
64.000	6515.300	300.000
65.000	6515.400	270.000
66.000	6515.500	440.000
67.000	6515.600	370.000
68.000	6515.700	320.000
69.000	6515.800	400.000
70.000	6515.900	370.000
71.000	6516.000	360.000
