1.000	4820.000	410.000
2.000	4820.100	390.000
3.000	4820.200	430.000
4.000	4820.300	370.000
5.000	4820.400	340.000
6.000	4820.500	410.000
7.000	4820.600	320.000
8.000	4820.700	390.000
9.000	4820.800	370.000
10.000	4820.900	370.000
11.000	4821.000	390.000
12.000	4821.100	360.000
13.000	4821.200	260.000
14.000	4821.300	300.000
15.000	4821.400	460.000
16.000	4821.500	320.000
17.000	4821.600	330.000
18.000	4821.700	320.000
19.000	4821.800	340.000
20.000	4821.900	410.000
21.000	4822.000	270.000
22.000	4822.100	440.000
23.000	4822.200	300.000
24.000	4822.300	370.000
25.000	4822.400	280.000
26.000	4822.500	390.000
27.000	4822.600	320.000
28.000	4822.700	390.000
29.000	4822.800	340.000
30.000	4822.900	310.000
31.000	4823.000	290.000
32.000	4823.100	470.000
33.000	4823.200	320.000
34.000	4823.300	360.000
35.000	4823.400	320.000
36.000	4823.500	380.000
37.000	4823.600	400.000
38.000	4823.700	430.000
39.000	4823.800	320.000
40.000	4823.900	350.000
41.000	4824.000	330.000
42.000	4824.100	370.000
43.000	4824.200	320.000
44.000	4824.300	310.000
45.000	4824.400	450.000
46.000	4824.500	410.000
47.000	4824.600	320.000
48.000	4824.700	300.000
49.000	4824.800	440.000
50.000	4824.900	340.000
51.000	4825.000	260.000
52.000	4825.100	330.000
53.000	4825.200	320.000
54.000	4825.300	310.000
55.000	4825.400	390.000
56.000	4825.500	360.000
57.000	4825.600	380.000
58.000	4825.700	330.000
59.000	4825.800	330.000
60.000	4825.900	390.000
61.000	4826.000	310.000
62.000	4826.100	220.000
63.000	4826.200	320.000
64.000	4826.300	530.000
65.000	4826.400	370.000
66.000	4826.500	340.000
67.000	4826.600	350.000
68.000	4826.700	400.000
69.000	4826.800	400.000
70.000	4826.900	370.000
71.000	4827.000	440.000
72.000	4827.100	430.000
73.000	4827.200	450.000
74.000	4827.300	420.000
75.000	4827.400	270.000
76.000	4827.500	350.000
77.000	4827.600	460.000
78.000	4827.700	390.000
79.000	4827.800	340.000
80.000	4827.900	450.000
81.000	4828.000	960.000
82.000	4828.100	2180.000
83.000	4828.200	2220.000
84.000	4828.300	1170.000
85.000	4828.400	530.000
86.000	4828.500	330.000
87.000	4828.600	330.000
88.000	4828.700	330.000
89.000	4828.800	430.000
90.000	4828.900	320.000
91.000	4829.000	450.000
92.000	4829.100	380.000
93.000	4829.200	350.000
94.000	4829.300	800.000
95.000	4829.400	1330.000
96.000	4829.500	1940.000
97.000	4829.600	1400.000
98.000	4829.700	620.000
99.000	4829.800	480.000
100.000	4829.900	580.000
101.000	4830.000	350.000
102.000	4830.100	420.000
103.000	4830.200	350.000
104.000	4830.300	440.000
105.000	4830.400	480.000
106.000	4830.500	280.000
107.000	4830.600	360.000
108.000	4830.700	330.000
109.000	4830.800	290.000
110.000	4830.900	240.000
111.000	4831.000	310.000
112.000	4831.100	420.000
113.000	4831.200	290.000
114.000	4831.300	360.000
115.000	4831.400	280.000
116.000	4831.500	280.000
117.000	4831.600	390.000
118.000	4831.700	380.000
119.000	4831.800	260.000
120.000	4831.900	340.000
121.000	4832.000	290.000
122.000	4832.100	310.000
123.000	4832.200	350.000
124.000	4832.300	230.000
125.000	4832.400	380.000
126.000	4832.500	300.000
127.000	4832.600	280.000
128.000	4832.700	470.000
129.000	4832.800	460.000
130.000	4832.900	340.000
131.000	4833.000	360.000
132.000	4833.100	440.000
133.000	4833.200	470.000
134.000	4833.300	310.000
135.000	4833.400	450.000
136.000	4833.500	310.000
137.000	4833.600	290.000
138.000	4833.700	280.000
139.000	4833.800	210.000
140.000	4833.900	360.000
141.000	4834.000	280.000
142.000	4834.100	340.000
143.000	4834.200	390.000
144.000	4834.300	290.000
145.000	4834.400	350.000
146.000	4834.500	370.000
147.000	4834.600	450.000
148.000	4834.700	270.000
149.000	4834.800	310.000
150.000	4834.900	340.000
151.000	4835.000	300.000
