1.000	4090.000	33770.000
2.000	4090.100	34770.000
3.000	4090.200	35660.000
4.000	4090.300	34580.000
5.000	4090.400	33050.000
6.000	4090.500	30590.000
7.000	4090.600	29970.000
8.000	4090.700	29580.000
9.000	4090.800	28540.000
10.000	4090.900	29440.000
11.000	4091.000	29330.000
12.000	4091.100	28670.000
13.000	4091.200	28980.000
14.000	4091.300	30450.000
15.000	4091.400	30760.000
16.000	4091.500	31580.000
17.000	4091.600	32780.000
18.000	4091.700	33290.000
19.000	4091.800	31730.000
20.000	4091.900	30520.000
21.000	4092.000	29470.000
22.000	4092.100	27860.000
23.000	4092.200	28180.000
24.000	4092.300	28730.000
25.000	4092.400	27170.000
26.000	4092.500	27130.000
27.000	4092.600	27920.000
28.000	4092.700	28790.000
29.000	4092.800	29070.000
30.000	4092.900	27550.000
31.000	4093.000	28600.000
32.000	4093.100	29280.000
33.000	4093.200	29770.000
34.000	4093.300	28420.000
35.000	4093.400	28950.000
36.000	4093.500	30080.000
37.000	4093.600	31010.000
38.000	4093.700	32350.000
39.000	4093.800	32080.000
40.000	4093.900	31040.000
41.000	4094.000	29430.000
42.000	4094.100	27990.000
43.000	4094.200	27830.000
44.000	4094.300	28940.000
45.000	4094.400	28640.000
46.000	4094.500	28490.000
47.000	4094.600	28700.000
48.000	4094.700	29740.000
49.000	4094.800	30560.000
50.000	4094.900	31350.000
51.000	4095.000	33160.000
52.000	4095.100	33710.000
53.000	4095.200	40790.000
54.000	4095.300	44930.000
55.000	4095.400	49850.000
56.000	4095.500	48240.000
57.000	4095.600	42670.000
58.000	4095.700	35590.000
59.000	4095.800	30500.000
60.000	4095.900	27690.000
61.000	4096.000	26790.000
62.000	4096.100	29310.000
63.000	4096.200	27320.000
64.000	4096.300	27550.000
65.000	4096.400	29750.000
66.000	4096.500	28550.000
67.000	4096.600	28170.000
68.000	4096.700	29150.000
69.000	4096.800	29750.000
70.000	4096.900	30910.000
71.000	4097.000	34710.000
72.000	4097.100	33580.000
73.000	4097.200	32770.000
74.000	4097.300	33530.000
75.000	4097.400	31660.000
76.000	4097.500	30040.000
77.000	4097.600	31120.000
78.000	4097.700	32000.000
79.000	4097.800	34140.000
80.000	4097.900	35880.000
81.000	4098.000	36660.000
82.000	4098.100	37330.000
83.000	4098.200	37220.000
84.000	4098.300	35470.000
85.000	4098.400	32600.000
86.000	4098.500	30280.000
87.000	4098.600	33920.000
88.000	4098.700	38890.000
89.000	4098.800	43530.000
90.000	4098.900	45370.000
91.000	4099.000	43590.000
92.000	4099.100	39080.000
93.000	4099.200	34200.000
94.000	4099.300	31990.000
95.000	4099.400	30980.000
96.000	4099.500	31270.000
97.000	4099.600	32010.000
98.000	4099.700	30240.000
99.000	4099.800	30010.000
100.000	4099.900	32150.000
101.000	4100.000	37630.000
102.000	4100.100	43690.000
103.000	4100.200	49630.000
104.000	4100.300	52130.000
105.000	4100.400	49930.000
106.000	4100.500	46190.000
107.000	4100.600	47670.000
108.000	4100.700	55970.000
109.000	4100.800	65850.000
110.000	4100.900	76320.000
111.000	4101.000	76770.000
112.000	4101.100	67210.000
113.000	4101.200	58290.000
114.000	4101.300	43530.000
115.000	4101.400	36630.000
116.000	4101.500	33530.000
117.000	4101.600	31110.000
118.000	4101.700	30280.000
119.000	4101.800	29780.000
120.000	4101.900	28100.000
121.000	4102.000	28550.000
122.000	4102.100	27450.000
123.000	4102.200	27410.000
124.000	4102.300	28660.000
125.000	4102.400	28360.000
126.000	4102.500	30250.000
127.000	4102.600	30160.000
128.000	4102.700	31000.000
129.000	4102.800	31580.000
130.000	4102.900	32190.000
131.000	4103.000	34770.000
132.000	4103.100	35540.000
133.000	4103.200	35870.000
134.000	4103.300	35750.000
135.000	4103.400	36500.000
136.000	4103.500	34280.000
137.000	4103.600	34660.000
138.000	4103.700	32700.000
139.000	4103.800	31840.000
140.000	4103.900	32080.000
141.000	4104.000	30240.000
142.000	4104.100	30470.000
143.000	4104.200	30420.000
144.000	4104.300	29890.000
145.000	4104.400	31070.000
146.000	4104.500	30580.000
147.000	4104.600	31310.000
148.000	4104.700	34650.000
149.000	4104.800	46110.000
150.000	4104.900	61470.000
151.000	4105.000	75530.000
152.000	4105.100	81680.000
153.000	4105.200	73550.000
154.000	4105.300	59760.000
155.000	4105.400	44100.000
156.000	4105.500	37560.000
157.000	4105.600	34190.000
158.000	4105.700	33950.000
159.000	4105.800	32500.000
160.000	4105.900	32010.000
161.000	4106.000	31410.000
162.000	4106.100	32270.000
163.000	4106.200	32500.000
164.000	4106.300	33910.000
165.000	4106.400	32780.000
166.000	4106.500	31630.000
167.000	4106.600	29080.000
168.000	4106.700	28440.000
169.000	4106.800	27670.000
170.000	4106.900	28140.000
171.000	4107.000	28880.000
172.000	4107.100	28160.000
173.000	4107.200	27680.000
174.000	4107.300	28860.000
175.000	4107.400	29530.000
176.000	4107.500	31730.000
177.000	4107.600	39630.000
178.000	4107.700	55920.000
179.000	4107.800	72650.000
180.000	4107.900	86880.000
181.000	4108.000	88860.000
182.000	4108.100	76270.000
183.000	4108.200	58070.000
184.000	4108.300	44170.000
185.000	4108.400	33000.000
186.000	4108.500	32900.000
187.000	4108.600	31800.000
188.000	4108.700	29980.000
189.000	4108.800	28520.000
190.000	4108.900	28180.000
191.000	4109.000	27780.000
192.000	4109.100	28860.000
193.000	4109.200	28790.000
194.000	4109.300	29980.000
195.000	4109.400	33360.000
196.000	4109.500	40000.000
197.000	4109.600	50730.000
198.000	4109.700	63620.000
199.000	4109.800	70910.000
200.000	4109.900	66930.000
201.000	4110.000	55400.000
202.000	4110.100	42730.000
203.000	4110.200	32850.000
204.000	4110.300	29230.000
205.000	4110.400	29150.000
206.000	4110.500	29990.000
207.000	4110.600	29450.000
208.000	4110.700	28150.000
209.000	4110.800	32570.000
210.000	4110.900	37230.000
211.000	4111.000	45290.000
212.000	4111.100	52180.000
213.000	4111.200	54000.000
214.000	4111.300	50800.000
215.000	4111.400	41640.000
216.000	4111.500	33870.000
217.000	4111.600	31120.000
218.000	4111.700	28740.000
219.000	4111.800	29360.000
220.000	4111.900	30440.000
221.000	4112.000	31740.000
222.000	4112.100	35920.000
223.000	4112.200	39600.000
224.000	4112.300	43540.000
225.000	4112.400	44010.000
226.000	4112.500	39360.000
227.000	4112.600	35780.000
228.000	4112.700	30530.000
229.000	4112.800	27760.000
230.000	4112.900	27560.000
231.000	4113.000	28330.000
232.000	4113.100	28220.000
233.000	4113.200	29870.000
234.000	4113.300	30150.000
235.000	4113.400	29280.000
236.000	4113.500	30280.000
237.000	4113.600	29940.000
238.000	4113.700	31570.000
239.000	4113.800	30720.000
240.000	4113.900	32240.000
241.000	4114.000	32510.000
242.000	4114.100	32530.000
243.000	4114.200	32860.000
244.000	4114.300	32480.000
245.000	4114.400	31050.000
246.000	4114.500	32260.000
247.000	4114.600	30640.000
248.000	4114.700	30960.000
249.000	4114.800	29400.000
250.000	4114.900	27940.000
251.000	4115.000	28110.000
252.000	4115.100	27050.000
253.000	4115.200	27340.000
254.000	4115.300	27240.000
255.000	4115.400	28780.000
256.000	4115.500	31930.000
257.000	4115.600	32290.000
258.000	4115.700	35920.000
259.000	4115.800	35340.000
260.000	4115.900	33750.000
261.000	4116.000	30520.000
262.000	4116.100	31930.000
263.000	4116.200	33910.000
264.000	4116.300	31960.000
265.000	4116.400	34130.000
266.000	4116.500	31370.000
267.000	4116.600	29300.000
268.000	4116.700	27520.000
269.000	4116.800	26580.000
270.000	4116.900	26420.000
271.000	4117.000	27280.000
272.000	4117.100	27090.000
273.000	4117.200	26100.000
274.000	4117.300	25210.000
275.000	4117.400	26210.000
276.000	4117.500	26440.000
277.000	4117.600	26880.000
278.000	4117.700	27010.000
279.000	4117.800	26140.000
280.000	4117.900	25590.000
281.000	4118.000	25830.000
282.000	4118.100	26500.000
283.000	4118.200	27880.000
284.000	4118.300	28810.000
285.000	4118.400	30920.000
286.000	4118.500	37330.000
287.000	4118.600	42280.000
288.000	4118.700	48790.000
289.000	4118.800	51580.000
290.000	4118.900	46570.000
291.000	4119.000	40960.000
292.000	4119.100	35120.000
293.000	4119.200	32750.000
294.000	4119.300	31040.000
295.000	4119.400	31760.000
296.000	4119.500	30130.000
297.000	4119.600	29540.000
298.000	4119.700	29530.000
299.000	4119.800	29750.000
300.000	4119.900	30600.000
301.000	4120.000	31680.000
