1.000	4246.000	330.000
2.000	4246.100	317.000
3.000	4246.200	356.000
4.000	4246.300	378.000
5.000	4246.400	372.000
6.000	4246.500	348.000
7.000	4246.600	322.000
8.000	4246.700	323.000
9.000	4246.800	312.000
10.000	4246.900	363.000
11.000	4247.000	423.000
12.000	4247.100	328.000
13.000	4247.200	341.000
14.000	4247.300	375.000
15.000	4247.400	371.000
16.000	4247.500	315.000
17.000	4247.600	345.000
18.000	4247.700	374.000
19.000	4247.800	335.000
20.000	4247.900	336.000
21.000	4248.000	334.000
22.000	4248.100	337.000
23.000	4248.200	380.000
24.000	4248.300	414.000
25.000	4248.400	366.000
26.000	4248.500	344.000
27.000	4248.600	373.000
28.000	4248.700	384.000
29.000	4248.800	402.000
30.000	4248.900	372.000
31.000	4249.000	374.000
32.000	4249.100	363.000
33.000	4249.200	420.000
34.000	4249.300	408.000
35.000	4249.400	340.000
36.000	4249.500	316.000
37.000	4249.600	337.000
38.000	4249.700	332.000
39.000	4249.800	329.000
40.000	4249.900	346.000
41.000	4250.000	325.000
