1.000	4240.470	320.000
2.000	4240.570	430.000
3.000	4240.670	330.000
4.000	4240.770	320.000
5.000	4240.870	250.000
6.000	4240.970	370.000
7.000	4241.070	340.000
8.000	4241.170	360.000
9.000	4241.270	250.000
10.000	4241.370	280.000
11.000	4241.470	250.000
12.000	4241.570	410.000
13.000	4241.670	310.000
14.000	4241.770	280.000
15.000	4241.870	430.000
16.000	4241.970	450.000
17.000	4242.070	350.000
18.000	4242.170	420.000
19.000	4242.270	260.000
20.000	4242.370	310.000
21.000	4242.470	530.000
22.000	4242.570	400.000
23.000	4242.670	380.000
24.000	4242.770	400.000
25.000	4242.870	300.000
26.000	4242.970	420.000
27.000	4243.070	330.000
28.000	4243.170	300.000
29.000	4243.270	510.000
30.000	4243.370	330.000
31.000	4243.470	370.000
32.000	4243.570	410.000
33.000	4243.670	320.000
34.000	4243.770	320.000
35.000	4243.870	360.000
36.000	4243.970	310.000
37.000	4244.070	260.000
38.000	4244.170	390.000
39.000	4244.270	440.000
40.000	4244.370	350.000
41.000	4244.470	340.000
42.000	4244.570	360.000
43.000	4244.670	310.000
44.000	4244.770	320.000
45.000	4244.870	410.000
46.000	4244.970	380.000
47.000	4245.070	240.000
48.000	4245.170	500.000
49.000	4245.270	300.000
50.000	4245.370	400.000
51.000	4245.470	240.000
52.000	4245.570	290.000
53.000	4245.670	430.000
54.000	4245.770	360.000
55.000	4245.870	340.000
56.000	4245.970	340.000
57.000	4246.070	420.000
58.000	4246.170	450.000
59.000	4246.270	420.000
60.000	4246.370	370.000
61.000	4246.470	410.000
62.000	4246.570	230.000
63.000	4246.670	340.000
64.000	4246.770	310.000
65.000	4246.870	430.000
66.000	4246.970	320.000
67.000	4247.070	210.000
68.000	4247.170	320.000
69.000	4247.270	280.000
70.000	4247.370	370.000
71.000	4247.470	340.000
72.000	4247.570	400.000
73.000	4247.670	310.000
74.000	4247.770	340.000
75.000	4247.870	280.000
76.000	4247.970	480.000
77.000	4248.070	310.000
78.000	4248.170	270.000
79.000	4248.270	490.000
80.000	4248.370	370.000
81.000	4248.470	440.000
82.000	4248.570	400.000
83.000	4248.670	320.000
84.000	4248.770	400.000
85.000	4248.870	260.000
86.000	4248.970	230.000
87.000	4249.070	300.000
88.000	4249.170	350.000
89.000	4249.270	350.000
90.000	4249.370	340.000
91.000	4249.470	350.000
92.000	4249.570	320.000
93.000	4249.670	230.000
94.000	4249.770	390.000
95.000	4249.870	270.000
96.000	4249.970	320.000
97.000	4250.070	300.000
98.000	4250.170	270.000
99.000	4250.270	370.000
100.000	4250.370	340.000
101.000	4250.470	390.000
102.000	4250.570	400.000
103.000	4250.670	250.000
104.000	4250.770	290.000
105.000	4250.870	400.000
106.000	4250.970	340.000
107.000	4251.070	460.000
108.000	4251.170	350.000
109.000	4251.270	270.000
110.000	4251.370	320.000
111.000	4251.470	240.000
112.000	4251.570	320.000
113.000	4251.670	270.000
114.000	4251.770	480.000
115.000	4251.870	500.000
116.000	4251.970	390.000
117.000	4252.070	410.000
118.000	4252.170	450.000
119.000	4252.270	370.000
120.000	4252.370	430.000
121.000	4252.470	320.000
122.000	4252.570	420.000
123.000	4252.670	350.000
124.000	4252.770	330.000
125.000	4252.870	250.000
126.000	4252.970	420.000
127.000	4253.070	300.000
128.000	4253.170	310.000
129.000	4253.270	240.000
130.000	4253.370	390.000
131.000	4253.470	300.000
132.000	4253.570	400.000
133.000	4253.670	310.000
134.000	4253.770	340.000
135.000	4253.870	300.000
136.000	4253.970	280.000
137.000	4254.070	320.000
138.000	4254.170	360.000
139.000	4254.270	340.000
140.000	4254.370	270.000
141.000	4254.470	350.000
142.000	4254.570	350.000
143.000	4254.670	300.000
144.000	4254.770	420.000
145.000	4254.870	350.000
146.000	4254.970	320.000
147.000	4255.070	410.000
148.000	4255.170	310.000
149.000	4255.270	330.000
150.000	4255.370	400.000
151.000	4255.470	270.000
152.000	4255.570	360.000
153.000	4255.670	350.000
154.000	4255.770	310.000
155.000	4255.870	200.000
156.000	4255.970	480.000
157.000	4256.070	330.000
158.000	4256.170	470.000
159.000	4256.270	370.000
160.000	4256.370	260.000
161.000	4256.470	360.000
162.000	4256.570	360.000
163.000	4256.670	180.000
164.000	4256.770	280.000
165.000	4256.870	370.000
166.000	4256.970	360.000
167.000	4257.070	310.000
168.000	4257.170	330.000
169.000	4257.270	360.000
170.000	4257.370	370.000
171.000	4257.470	330.000
172.000	4257.570	290.000
173.000	4257.670	440.000
174.000	4257.770	280.000
175.000	4257.870	310.000
176.000	4257.970	370.000
177.000	4258.070	290.000
178.000	4258.170	300.000
179.000	4258.270	340.000
180.000	4258.370	320.000
181.000	4258.470	300.000
182.000	4258.570	340.000
183.000	4258.670	470.000
184.000	4258.770	290.000
185.000	4258.870	400.000
186.000	4258.970	320.000
187.000	4259.070	380.000
188.000	4259.170	330.000
189.000	4259.270	570.000
190.000	4259.370	270.000
191.000	4259.470	340.000
192.000	4259.570	390.000
193.000	4259.670	400.000
194.000	4259.770	350.000
195.000	4259.870	330.000
196.000	4259.970	350.000
197.000	4260.070	350.000
198.000	4260.170	300.000
199.000	4260.270	340.000
200.000	4260.370	440.000
201.000	4260.470	460.000
202.000	4260.570	310.000
203.000	4260.670	390.000
204.000	4260.770	370.000
205.000	4260.870	300.000
206.000	4260.970	330.000
207.000	4261.070	410.000
208.000	4261.170	460.000
209.000	4261.270	380.000
210.000	4261.370	430.000
211.000	4261.470	330.000
212.000	4261.570	260.000
213.000	4261.670	330.000
214.000	4261.770	310.000
215.000	4261.870	320.000
216.000	4261.970	300.000
217.000	4262.070	420.000
218.000	4262.170	380.000
219.000	4262.270	300.000
220.000	4262.370	420.000
221.000	4262.470	330.000
222.000	4262.570	260.000
223.000	4262.670	480.000
224.000	4262.770	260.000
225.000	4262.870	290.000
226.000	4262.970	350.000
227.000	4263.070	370.000
228.000	4263.170	370.000
229.000	4263.270	370.000
230.000	4263.370	450.000
231.000	4263.470	460.000
232.000	4263.570	340.000
233.000	4263.670	360.000
234.000	4263.770	390.000
235.000	4263.870	260.000
236.000	4263.970	360.000
237.000	4264.070	340.000
238.000	4264.170	360.000
239.000	4264.270	240.000
240.000	4264.370	400.000
241.000	4264.470	420.000
242.000	4264.570	410.000
243.000	4264.670	410.000
244.000	4264.770	270.000
245.000	4264.870	430.000
246.000	4264.970	300.000
247.000	4265.070	430.000
248.000	4265.170	360.000
249.000	4265.270	280.000
250.000	4265.370	340.000
251.000	4265.470	300.000
252.000	4265.570	330.000
253.000	4265.670	340.000
254.000	4265.770	340.000
255.000	4265.870	310.000
256.000	4265.970	290.000
257.000	4266.070	350.000
258.000	4266.170	290.000
259.000	4266.270	280.000
260.000	4266.370	340.000
261.000	4266.470	390.000
262.000	4266.570	260.000
263.000	4266.670	380.000
264.000	4266.770	290.000
265.000	4266.870	300.000
266.000	4266.970	260.000
267.000	4267.070	280.000
268.000	4267.170	350.000
269.000	4267.270	230.000
270.000	4267.370	330.000
271.000	4267.470	340.000
272.000	4267.570	340.000
273.000	4267.670	370.000
274.000	4267.770	440.000
275.000	4267.870	350.000
276.000	4267.970	370.000
277.000	4268.070	370.000
278.000	4268.170	350.000
279.000	4268.270	380.000
280.000	4268.370	410.000
281.000	4268.470	340.000
282.000	4268.570	310.000
283.000	4268.670	300.000
284.000	4268.770	350.000
285.000	4268.870	320.000
286.000	4268.970	400.000
287.000	4269.070	430.000
288.000	4269.170	380.000
289.000	4269.270	290.000
290.000	4269.370	380.000
291.000	4269.470	330.000
292.000	4269.570	380.000
293.000	4269.670	260.000
294.000	4269.770	300.000
295.000	4269.870	400.000
296.000	4269.970	360.000
297.000	4270.070	350.000
298.000	4270.170	290.000
299.000	4270.270	460.000
300.000	4270.370	410.000
301.000	4270.470	300.000
302.000	4270.570	250.000
303.000	4270.670	410.000
304.000	4270.770	350.000
305.000	4270.870	380.000
306.000	4270.970	230.000
307.000	4271.070	250.000
308.000	4271.170	300.000
309.000	4271.270	310.000
310.000	4271.370	390.000
311.000	4271.470	360.000
312.000	4271.570	310.000
313.000	4271.670	400.000
314.000	4271.770	340.000
315.000	4271.870	340.000
316.000	4271.970	370.000
317.000	4272.070	340.000
318.000	4272.170	420.000
319.000	4272.270	270.000
320.000	4272.370	370.000
321.000	4272.470	340.000
322.000	4272.570	270.000
323.000	4272.670	360.000
324.000	4272.770	350.000
325.000	4272.870	390.000
326.000	4272.970	320.000
327.000	4273.070	170.000
328.000	4273.170	360.000
329.000	4273.270	400.000
330.000	4273.370	280.000
331.000	4273.470	400.000
332.000	4273.570	250.000
333.000	4273.670	350.000
334.000	4273.770	290.000
335.000	4273.870	390.000
336.000	4273.970	330.000
337.000	4274.070	270.000
338.000	4274.170	350.000
339.000	4274.270	290.000
340.000	4274.370	400.000
341.000	4274.470	350.000
342.000	4274.570	410.000
343.000	4274.670	360.000
344.000	4274.770	380.000
345.000	4274.870	290.000
346.000	4274.970	300.000
347.000	4275.070	240.000
348.000	4275.170	380.000
349.000	4275.270	460.000
350.000	4275.370	330.000
351.000	4275.470	270.000
352.000	4275.570	220.000
353.000	4275.670	320.000
354.000	4275.770	340.000
355.000	4275.870	440.000
356.000	4275.970	330.000
357.000	4276.070	350.000
358.000	4276.170	390.000
359.000	4276.270	440.000
360.000	4276.370	370.000
361.000	4276.470	340.000
362.000	4276.570	390.000
363.000	4276.670	340.000
364.000	4276.770	230.000
365.000	4276.870	420.000
366.000	4276.970	290.000
367.000	4277.070	360.000
368.000	4277.170	350.000
369.000	4277.270	410.000
370.000	4277.370	440.000
371.000	4277.470	410.000
372.000	4277.570	410.000
373.000	4277.670	260.000
374.000	4277.770	350.000
375.000	4277.870	380.000
376.000	4277.970	340.000
377.000	4278.070	390.000
378.000	4278.170	420.000
379.000	4278.270	270.000
380.000	4278.370	390.000
381.000	4278.470	400.000
382.000	4278.570	340.000
383.000	4278.670	390.000
384.000	4278.770	260.000
385.000	4278.870	380.000
386.000	4278.970	430.000
387.000	4279.070	390.000
388.000	4279.170	390.000
389.000	4279.270	340.000
390.000	4279.370	280.000
391.000	4279.470	370.000
392.000	4279.570	320.000
393.000	4279.670	410.000
394.000	4279.770	280.000
395.000	4279.870	340.000
396.000	4279.970	260.000
397.000	4280.070	340.000
398.000	4280.170	390.000
399.000	4280.270	300.000
400.000	4280.370	330.000
401.000	4280.470	350.000
402.000	4280.570	380.000
403.000	4280.670	310.000
404.000	4280.770	320.000
405.000	4280.870	380.000
406.000	4280.970	480.000
407.000	4281.070	420.000
408.000	4281.170	300.000
409.000	4281.270	370.000
410.000	4281.370	460.000
411.000	4281.470	310.000
412.000	4281.570	460.000
413.000	4281.670	430.000
414.000	4281.770	320.000
415.000	4281.870	330.000
416.000	4281.970	410.000
417.000	4282.070	380.000
418.000	4282.170	370.000
419.000	4282.270	320.000
420.000	4282.370	240.000
421.000	4282.470	370.000
422.000	4282.570	270.000
423.000	4282.670	340.000
424.000	4282.770	440.000
425.000	4282.870	300.000
426.000	4282.970	470.000
427.000	4283.070	160.000
428.000	4283.170	350.000
429.000	4283.270	350.000
430.000	4283.370	430.000
431.000	4283.470	300.000
432.000	4283.570	320.000
433.000	4283.670	270.000
434.000	4283.770	310.000
435.000	4283.870	340.000
436.000	4283.970	260.000
437.000	4284.070	350.000
438.000	4284.170	330.000
439.000	4284.270	270.000
440.000	4284.370	270.000
441.000	4284.470	300.000
442.000	4284.570	340.000
443.000	4284.670	260.000
444.000	4284.770	290.000
445.000	4284.870	320.000
446.000	4284.970	330.000
447.000	4285.070	360.000
448.000	4285.170	320.000
449.000	4285.270	410.000
450.000	4285.370	380.000
451.000	4285.470	420.000
452.000	4285.570	330.000
453.000	4285.670	380.000
454.000	4285.770	380.000
455.000	4285.870	390.000
456.000	4285.970	320.000
457.000	4286.070	310.000
458.000	4286.170	340.000
459.000	4286.270	340.000
460.000	4286.370	320.000
461.000	4286.470	400.000
462.000	4286.570	350.000
463.000	4286.670	330.000
464.000	4286.770	280.000
465.000	4286.870	330.000
466.000	4286.970	330.000
467.000	4287.070	400.000
468.000	4287.170	330.000
469.000	4287.270	360.000
470.000	4287.370	240.000
471.000	4287.470	410.000
472.000	4287.570	430.000
473.000	4287.670	280.000
474.000	4287.770	410.000
475.000	4287.870	480.000
476.000	4287.970	280.000
477.000	4288.070	300.000
478.000	4288.170	410.000
479.000	4288.270	380.000
480.000	4288.370	440.000
481.000	4288.470	380.000
482.000	4288.570	260.000
483.000	4288.670	370.000
484.000	4288.770	440.000
485.000	4288.870	490.000
486.000	4288.970	360.000
487.000	4289.070	350.000
488.000	4289.170	340.000
489.000	4289.270	400.000
490.000	4289.370	310.000
491.000	4289.470	240.000
492.000	4289.570	360.000
493.000	4289.670	310.000
494.000	4289.770	320.000
495.000	4289.870	330.000
496.000	4289.970	350.000
497.000	4290.070	340.000
498.000	4290.170	310.000
499.000	4290.270	360.000
500.000	4290.370	270.000
501.000	4290.470	370.000
502.000	4290.570	270.000
503.000	4290.670	360.000
504.000	4290.770	310.000
505.000	4290.870	270.000
506.000	4290.970	250.000
507.000	4291.070	410.000
508.000	4291.170	480.000
509.000	4291.270	420.000
510.000	4291.370	260.000
511.000	4291.470	350.000
512.000	4291.570	280.000
513.000	4291.670	360.000
514.000	4291.770	350.000
515.000	4291.870	280.000
516.000	4291.970	400.000
517.000	4292.070	340.000
518.000	4292.170	260.000
519.000	4292.270	340.000
520.000	4292.370	420.000
521.000	4292.470	400.000
522.000	4292.570	390.000
523.000	4292.670	340.000
524.000	4292.770	350.000
525.000	4292.870	370.000
526.000	4292.970	330.000
527.000	4293.070	330.000
528.000	4293.170	430.000
529.000	4293.270	280.000
530.000	4293.370	290.000
531.000	4293.470	270.000
532.000	4293.570	480.000
533.000	4293.670	380.000
534.000	4293.770	390.000
535.000	4293.870	420.000
536.000	4293.970	320.000
537.000	4294.070	320.000
538.000	4294.170	440.000
539.000	4294.270	300.000
540.000	4294.370	590.000
541.000	4294.470	330.000
542.000	4294.570	380.000
543.000	4294.670	260.000
544.000	4294.770	340.000
545.000	4294.870	380.000
546.000	4294.970	230.000
547.000	4295.070	330.000
548.000	4295.170	340.000
549.000	4295.270	380.000
550.000	4295.370	310.000
551.000	4295.470	230.000
552.000	4295.570	370.000
553.000	4295.670	340.000
554.000	4295.770	320.000
555.000	4295.870	330.000
556.000	4295.970	350.000
557.000	4296.070	290.000
558.000	4296.170	250.000
559.000	4296.270	360.000
560.000	4296.370	350.000
561.000	4296.470	340.000
562.000	4296.570	360.000
563.000	4296.670	340.000
564.000	4296.770	350.000
565.000	4296.870	210.000
566.000	4296.970	290.000
567.000	4297.070	340.000
568.000	4297.170	280.000
569.000	4297.270	260.000
570.000	4297.370	420.000
571.000	4297.470	440.000
572.000	4297.570	490.000
573.000	4297.670	390.000
574.000	4297.770	300.000
575.000	4297.870	450.000
576.000	4297.970	320.000
577.000	4298.070	380.000
578.000	4298.170	340.000
579.000	4298.270	350.000
580.000	4298.370	350.000
581.000	4298.470	250.000
582.000	4298.570	310.000
583.000	4298.670	300.000
584.000	4298.770	270.000
585.000	4298.870	420.000
586.000	4298.970	320.000
587.000	4299.070	290.000
588.000	4299.170	270.000
589.000	4299.270	320.000
590.000	4299.370	340.000
591.000	4299.470	330.000
592.000	4299.570	320.000
593.000	4299.670	200.000
594.000	4299.770	380.000
595.000	4299.870	340.000
596.000	4299.970	350.000
597.000	4300.070	250.000
598.000	4300.170	360.000
599.000	4300.270	380.000
600.000	4300.370	410.000
601.000	4300.470	380.000
602.000	4300.570	250.000
603.000	4300.670	340.000
604.000	4300.770	330.000
605.000	4300.870	340.000
606.000	4300.970	390.000
607.000	4301.070	350.000
608.000	4301.170	440.000
609.000	4301.270	360.000
610.000	4301.370	310.000
611.000	4301.470	500.000
612.000	4301.570	380.000
613.000	4301.670	420.000
614.000	4301.770	240.000
615.000	4301.870	270.000
616.000	4301.970	240.000
617.000	4302.070	490.000
618.000	4302.170	330.000
619.000	4302.270	320.000
620.000	4302.370	320.000
621.000	4302.470	410.000
622.000	4302.570	300.000
623.000	4302.670	320.000
624.000	4302.770	300.000
625.000	4302.870	320.000
626.000	4302.970	330.000
627.000	4303.070	340.000
628.000	4303.170	270.000
629.000	4303.270	370.000
630.000	4303.370	350.000
631.000	4303.470	340.000
632.000	4303.570	370.000
633.000	4303.670	500.000
634.000	4303.770	290.000
635.000	4303.870	400.000
636.000	4303.970	420.000
637.000	4304.070	360.000
638.000	4304.170	380.000
639.000	4304.270	310.000
640.000	4304.370	320.000
641.000	4304.470	390.000
642.000	4304.570	390.000
643.000	4304.670	340.000
644.000	4304.770	360.000
645.000	4304.870	270.000
646.000	4304.970	310.000
647.000	4305.070	370.000
648.000	4305.170	380.000
649.000	4305.270	220.000
650.000	4305.370	360.000
651.000	4305.470	410.000
652.000	4305.570	310.000
653.000	4305.670	260.000
654.000	4305.770	420.000
655.000	4305.870	290.000
656.000	4305.970	310.000
657.000	4306.070	610.000
658.000	4306.170	430.000
659.000	4306.270	370.000
660.000	4306.370	330.000
661.000	4306.470	470.000
662.000	4306.570	340.000
663.000	4306.670	480.000
664.000	4306.770	340.000
665.000	4306.870	350.000
666.000	4306.970	380.000
667.000	4307.070	400.000
668.000	4307.170	370.000
669.000	4307.270	260.000
670.000	4307.370	470.000
671.000	4307.470	510.000
672.000	4307.570	280.000
673.000	4307.670	430.000
674.000	4307.770	240.000
675.000	4307.870	360.000
676.000	4307.970	270.000
677.000	4308.070	300.000
678.000	4308.170	320.000
679.000	4308.270	270.000
680.000	4308.370	470.000
681.000	4308.470	380.000
682.000	4308.570	340.000
683.000	4308.670	310.000
684.000	4308.770	250.000
685.000	4308.870	370.000
686.000	4308.970	420.000
687.000	4309.070	290.000
688.000	4309.170	280.000
689.000	4309.270	360.000
690.000	4309.370	420.000
691.000	4309.470	360.000
692.000	4309.570	290.000
693.000	4309.670	240.000
694.000	4309.770	290.000
695.000	4309.870	280.000
696.000	4309.970	260.000
697.000	4310.070	340.000
698.000	4310.170	340.000
699.000	4310.270	340.000
700.000	4310.370	290.000
701.000	4310.470	340.000
702.000	4310.570	370.000
703.000	4310.670	390.000
704.000	4310.770	280.000
705.000	4310.870	350.000
706.000	4310.970	380.000
707.000	4311.070	300.000
708.000	4311.170	340.000
709.000	4311.270	440.000
710.000	4311.370	460.000
711.000	4311.470	310.000
712.000	4311.570	480.000
713.000	4311.670	490.000
714.000	4311.770	520.000
715.000	4311.870	410.000
716.000	4311.970	420.000
717.000	4312.070	350.000
718.000	4312.170	480.000
719.000	4312.270	360.000
720.000	4312.370	260.000
721.000	4312.470	280.000
722.000	4312.570	390.000
723.000	4312.670	290.000
724.000	4312.770	410.000
725.000	4312.870	470.000
726.000	4312.970	500.000
727.000	4313.070	520.000
728.000	4313.170	360.000
729.000	4313.270	240.000
730.000	4313.370	380.000
731.000	4313.470	310.000
732.000	4313.570	460.000
733.000	4313.670	550.000
734.000	4313.770	310.000
735.000	4313.870	400.000
736.000	4313.970	270.000
737.000	4314.070	340.000
738.000	4314.170	280.000
739.000	4314.270	350.000
740.000	4314.370	370.000
741.000	4314.470	320.000
742.000	4314.570	310.000
743.000	4314.670	400.000
744.000	4314.770	400.000
745.000	4314.870	330.000
746.000	4314.970	450.000
747.000	4315.070	270.000
748.000	4315.170	330.000
749.000	4315.270	310.000
750.000	4315.370	330.000
751.000	4315.470	330.000
752.000	4315.570	320.000
753.000	4315.670	370.000
754.000	4315.770	410.000
755.000	4315.870	240.000
756.000	4315.970	380.000
757.000	4316.070	300.000
758.000	4316.170	430.000
759.000	4316.270	410.000
760.000	4316.370	320.000
761.000	4316.470	350.000
762.000	4316.570	360.000
763.000	4316.670	430.000
764.000	4316.770	320.000
765.000	4316.870	300.000
766.000	4316.970	400.000
767.000	4317.070	350.000
768.000	4317.170	520.000
769.000	4317.270	430.000
770.000	4317.370	410.000
771.000	4317.470	300.000
772.000	4317.570	270.000
773.000	4317.670	350.000
774.000	4317.770	410.000
775.000	4317.870	430.000
776.000	4317.970	460.000
777.000	4318.070	310.000
778.000	4318.170	360.000
779.000	4318.270	450.000
780.000	4318.370	290.000
781.000	4318.470	470.000
782.000	4318.570	320.000
783.000	4318.670	420.000
784.000	4318.770	480.000
785.000	4318.870	250.000
786.000	4318.970	330.000
787.000	4319.070	240.000
788.000	4319.170	430.000
789.000	4319.270	400.000
790.000	4319.370	310.000
791.000	4319.470	340.000
792.000	4319.570	300.000
793.000	4319.670	410.000
794.000	4319.770	260.000
795.000	4319.870	420.000
796.000	4319.970	330.000
