1.000	4308.000	362.000
2.000	4308.100	371.000
3.000	4308.200	314.000
4.000	4308.300	270.000
5.000	4308.400	328.000
6.000	4308.500	340.000
7.000	4308.600	313.000
8.000	4308.700	345.000
9.000	4308.800	319.000
10.000	4308.900	349.000
11.000	4309.000	323.000
12.000	4309.100	357.000
13.000	4309.200	376.000
14.000	4309.300	293.000
15.000	4309.400	337.000
16.000	4309.500	347.000
17.000	4309.600	322.000
18.000	4309.700	357.000
19.000	4309.800	289.000
20.000	4309.900	371.000
21.000	4310.000	333.000
22.000	4310.100	326.000
23.000	4310.200	334.000
24.000	4310.300	343.000
25.000	4310.400	321.000
26.000	4310.500	356.000
27.000	4310.600	331.000
28.000	4310.700	344.000
29.000	4310.800	321.000
30.000	4310.900	355.000
31.000	4311.000	335.000
32.000	4311.100	355.000
33.000	4311.200	351.000
34.000	4311.300	360.000
35.000	4311.400	363.000
36.000	4311.500	304.000
37.000	4311.600	373.000
38.000	4311.700	420.000
39.000	4311.800	419.000
40.000	4311.900	365.000
41.000	4312.000	381.000
42.000	4312.100	359.000
43.000	4312.200	352.000
44.000	4312.300	365.000
45.000	4312.400	362.000
46.000	4312.500	342.000
47.000	4312.600	317.000
48.000	4312.700	369.000
49.000	4312.800	424.000
50.000	4312.900	400.000
51.000	4313.000	396.000
52.000	4313.100	390.000
53.000	4313.200	324.000
54.000	4313.300	358.000
55.000	4313.400	376.000
56.000	4313.500	325.000
57.000	4313.600	363.000
58.000	4313.700	382.000
59.000	4313.800	287.000
60.000	4313.900	340.000
61.000	4314.000	337.000
