1.000	4310.000	470.000
2.000	4310.100	400.000
3.000	4310.200	410.000
4.000	4310.300	280.000
5.000	4310.400	640.000
6.000	4310.500	370.000
7.000	4310.600	330.000
8.000	4310.700	470.000
9.000	4310.800	530.000
10.000	4310.900	310.000
11.000	4311.000	410.000
12.000	4311.100	360.000
13.000	4311.200	350.000
14.000	4311.300	560.000
15.000	4311.400	1060.000
16.000	4311.500	1150.000
17.000	4311.600	1150.000
18.000	4311.700	590.000
19.000	4311.800	380.000
20.000	4311.900	320.000
21.000	4312.000	330.000
22.000	4312.100	400.000
23.000	4312.200	490.000
24.000	4312.300	570.000
25.000	4312.400	500.000
26.000	4312.500	610.000
27.000	4312.600	770.000
28.000	4312.700	1330.000
29.000	4312.800	900.000
30.000	4312.900	390.000
31.000	4313.000	540.000
32.000	4313.100	380.000
33.000	4313.200	470.000
34.000	4313.300	450.000
35.000	4313.400	320.000
36.000	4313.500	330.000
37.000	4313.600	440.000
38.000	4313.700	400.000
39.000	4313.800	330.000
40.000	4313.900	480.000
41.000	4314.000	380.000
42.000	4314.100	340.000
43.000	4314.200	420.000
44.000	4314.300	520.000
45.000	4314.400	310.000
46.000	4314.500	370.000
47.000	4314.600	420.000
48.000	4314.700	300.000
49.000	4314.800	400.000
50.000	4314.900	400.000
51.000	4315.000	270.000
52.000	4315.100	490.000
53.000	4315.200	250.000
54.000	4315.300	310.000
55.000	4315.400	440.000
56.000	4315.500	410.000
57.000	4315.600	470.000
58.000	4315.700	500.000
59.000	4315.800	390.000
60.000	4315.900	240.000
61.000	4316.000	340.000
62.000	4316.100	390.000
63.000	4316.200	410.000
64.000	4316.300	320.000
65.000	4316.400	430.000
66.000	4316.500	460.000
67.000	4316.600	380.000
68.000	4316.700	430.000
69.000	4316.800	500.000
70.000	4316.900	400.000
71.000	4317.000	440.000
72.000	4317.100	360.000
73.000	4317.200	260.000
74.000	4317.300	310.000
75.000	4317.400	420.000
76.000	4317.500	560.000
77.000	4317.600	230.000
78.000	4317.700	490.000
79.000	4317.800	280.000
80.000	4317.900	390.000
81.000	4318.000	350.000
82.000	4318.100	410.000
83.000	4318.200	450.000
84.000	4318.300	370.000
85.000	4318.400	320.000
86.000	4318.500	330.000
87.000	4318.600	320.000
88.000	4318.700	350.000
89.000	4318.800	420.000
90.000	4318.900	340.000
91.000	4319.000	380.000
92.000	4319.100	460.000
93.000	4319.200	340.000
94.000	4319.300	360.000
95.000	4319.400	450.000
96.000	4319.500	630.000
97.000	4319.600	270.000
98.000	4319.700	360.000
99.000	4319.800	460.000
100.000	4319.900	350.000
101.000	4320.000	440.000
