1.000	6512.500	442.000
2.000	6512.502	376.000
3.000	6512.505	378.000
4.000	6512.507	414.000
5.000	6512.510	396.000
6.000	6512.512	384.000
7.000	6512.515	378.000
8.000	6512.517	352.000
9.000	6512.520	394.000
10.000	6512.523	366.000
11.000	6512.525	420.000
12.000	6512.528	474.000
13.000	6512.530	392.000
14.000	6512.533	410.000
15.000	6512.535	436.000
16.000	6512.538	352.000
17.000	6512.540	492.000
18.000	6512.542	356.000
19.000	6512.545	432.000
20.000	6512.547	416.000
21.000	6512.550	376.000
22.000	6512.552	366.000
23.000	6512.555	426.000
24.000	6512.557	422.000
25.000	6512.560	390.000
26.000	6512.562	400.000
27.000	6512.565	392.000
28.000	6512.568	404.000
29.000	6512.570	426.000
30.000	6512.573	396.000
31.000	6512.575	386.000
32.000	6512.578	474.000
33.000	6512.580	480.000
34.000	6512.583	406.000
35.000	6512.585	416.000
36.000	6512.587	408.000
37.000	6512.590	460.000
38.000	6512.592	444.000
39.000	6512.595	422.000
40.000	6512.597	466.000
41.000	6512.600	494.000
42.000	6512.602	418.000
43.000	6512.605	472.000
44.000	6512.608	416.000
45.000	6512.610	416.000
46.000	6512.613	458.000
47.000	6512.615	434.000
48.000	6512.618	504.000
49.000	6512.620	444.000
50.000	6512.623	442.000
51.000	6512.625	468.000
52.000	6512.627	524.000
53.000	6512.630	452.000
54.000	6512.632	462.000
55.000	6512.635	464.000
56.000	6512.637	500.000
57.000	6512.640	466.000
58.000	6512.642	472.000
59.000	6512.645	442.000
60.000	6512.648	464.000
61.000	6512.650	458.000
62.000	6512.653	504.000
63.000	6512.655	484.000
64.000	6512.658	466.000
65.000	6512.660	498.000
66.000	6512.663	464.000
67.000	6512.665	544.000
68.000	6512.667	458.000
69.000	6512.670	514.000
70.000	6512.672	530.000
71.000	6512.675	530.000
72.000	6512.677	500.000
73.000	6512.680	544.000
74.000	6512.682	542.000
75.000	6512.685	552.000
76.000	6512.687	488.000
77.000	6512.690	506.000
78.000	6512.693	498.000
79.000	6512.695	580.000
80.000	6512.698	548.000
81.000	6512.700	610.000
82.000	6512.703	666.000
83.000	6512.705	648.000
84.000	6512.708	640.000
85.000	6512.710	666.000
86.000	6512.712	672.000
87.000	6512.715	626.000
88.000	6512.717	618.000
89.000	6512.720	682.000
90.000	6512.722	666.000
91.000	6512.725	604.000
92.000	6512.727	640.000
93.000	6512.730	718.000
94.000	6512.733	702.000
95.000	6512.735	674.000
96.000	6512.738	746.000
97.000	6512.740	726.000
98.000	6512.743	728.000
99.000	6512.745	798.000
100.000	6512.748	764.000
101.000	6512.750	780.000
102.000	6512.752	876.000
103.000	6512.755	860.000
104.000	6512.757	876.000
105.000	6512.760	1032.000
106.000	6512.762	916.000
107.000	6512.765	898.000
108.000	6512.767	874.000
109.000	6512.770	1004.000
110.000	6512.773	942.000
111.000	6512.775	894.000
112.000	6512.778	1008.000
113.000	6512.780	1098.000
114.000	6512.783	1118.000
115.000	6512.785	1124.000
116.000	6512.788	1068.000
117.000	6512.790	1102.000
118.000	6512.792	1116.000
119.000	6512.795	1248.000
120.000	6512.797	1280.000
121.000	6512.800	1342.000
122.000	6512.802	1370.000
123.000	6512.805	1350.000
124.000	6512.807	1294.000
125.000	6512.810	1510.000
126.000	6512.812	1644.000
127.000	6512.815	1526.000
128.000	6512.818	1572.000
129.000	6512.820	1694.000
130.000	6512.823	1686.000
131.000	6512.825	1546.000
132.000	6512.828	1740.000
133.000	6512.830	1722.000
134.000	6512.833	1878.000
135.000	6512.835	1776.000
136.000	6512.837	1894.000
137.000	6512.840	1894.000
138.000	6512.842	2134.000
139.000	6512.845	2032.000
140.000	6512.847	1998.000
141.000	6512.850	2286.000
142.000	6512.852	2188.000
143.000	6512.855	2342.000
144.000	6512.858	2312.000
145.000	6512.860	2374.000
146.000	6512.863	2500.000
147.000	6512.865	2432.000
148.000	6512.868	2468.000
149.000	6512.870	2790.000
150.000	6512.873	2662.000
151.000	6512.875	2654.000
152.000	6512.877	2584.000
153.000	6512.880	2928.000
154.000	6512.882	2946.000
155.000	6512.885	2836.000
156.000	6512.887	2934.000
157.000	6512.890	2922.000
158.000	6512.892	3108.000
159.000	6512.895	3214.000
160.000	6512.898	3206.000
161.000	6512.900	3366.000
162.000	6512.903	3398.000
163.000	6512.905	3394.000
164.000	6512.908	3334.000
165.000	6512.910	3360.000
166.000	6512.913	3402.000
167.000	6512.915	3402.000
168.000	6512.917	3472.000
169.000	6512.920	3634.000
170.000	6512.922	3652.000
171.000	6512.925	3706.000
172.000	6512.927	3702.000
173.000	6512.930	3734.000
174.000	6512.932	3736.000
175.000	6512.935	3832.000
176.000	6512.937	4020.000
177.000	6512.940	3968.000
178.000	6512.943	3764.000
179.000	6512.945	4022.000
180.000	6512.948	4128.000
181.000	6512.950	4106.000
182.000	6512.953	4012.000
183.000	6512.955	4148.000
184.000	6512.958	4228.000
185.000	6512.960	4154.000
186.000	6512.962	4232.000
187.000	6512.965	4398.000
188.000	6512.967	4394.000
189.000	6512.970	3984.000
190.000	6512.972	4468.000
191.000	6512.975	4448.000
192.000	6512.977	4244.000
193.000	6512.980	4350.000
194.000	6512.983	4352.000
195.000	6512.985	4290.000
196.000	6512.988	4472.000
197.000	6512.990	4588.000
198.000	6512.993	4400.000
199.000	6512.995	4594.000
200.000	6512.998	4432.000
201.000	6513.000	4476.000
202.000	6513.002	4784.000
203.000	6513.005	4592.000
204.000	6513.007	4636.000
205.000	6513.010	4514.000
206.000	6513.012	4700.000
207.000	6513.015	4576.000
208.000	6513.017	4668.000
209.000	6513.020	4594.000
210.000	6513.023	4496.000
211.000	6513.025	4506.000
212.000	6513.028	4918.000
213.000	6513.030	4728.000
214.000	6513.033	4736.000
215.000	6513.035	4560.000
216.000	6513.038	4468.000
217.000	6513.040	4686.000
218.000	6513.042	4640.000
219.000	6513.045	4578.000
220.000	6513.047	4576.000
221.000	6513.050	4610.000
222.000	6513.052	4748.000
223.000	6513.055	4732.000
224.000	6513.057	4516.000
225.000	6513.060	4626.000
226.000	6513.062	4616.000
227.000	6513.065	4540.000
228.000	6513.068	4268.000
229.000	6513.070	4472.000
230.000	6513.073	4298.000
231.000	6513.075	4160.000
232.000	6513.078	4130.000
233.000	6513.080	4126.000
234.000	6513.083	4350.000
235.000	6513.085	3952.000
236.000	6513.087	4054.000
237.000	6513.090	4034.000
238.000	6513.092	3722.000
239.000	6513.095	3780.000
240.000	6513.097	3804.000
241.000	6513.100	3694.000
242.000	6513.102	3606.000
243.000	6513.105	3594.000
244.000	6513.108	3472.000
245.000	6513.110	3626.000
246.000	6513.113	3430.000
247.000	6513.115	3390.000
248.000	6513.118	3478.000
249.000	6513.120	3180.000
250.000	6513.123	3178.000
251.000	6513.125	3192.000
252.000	6513.127	3116.000
253.000	6513.130	2988.000
254.000	6513.132	2860.000
255.000	6513.135	2996.000
256.000	6513.137	2872.000
257.000	6513.140	2736.000
258.000	6513.142	2746.000
259.000	6513.145	2660.000
260.000	6513.148	2654.000
261.000	6513.150	2596.000
262.000	6513.153	2414.000
263.000	6513.155	2524.000
264.000	6513.158	2496.000
265.000	6513.160	2360.000
266.000	6513.163	2286.000
267.000	6513.165	2220.000
268.000	6513.167	2352.000
269.000	6513.170	2192.000
270.000	6513.172	2190.000
271.000	6513.175	2084.000
272.000	6513.177	2164.000
273.000	6513.180	2048.000
274.000	6513.182	1844.000
275.000	6513.185	1932.000
276.000	6513.187	1884.000
277.000	6513.190	1768.000
278.000	6513.193	1668.000
279.000	6513.195	1708.000
280.000	6513.198	1730.000
281.000	6513.200	1586.000
282.000	6513.203	1626.000
283.000	6513.205	1534.000
284.000	6513.208	1530.000
285.000	6513.210	1444.000
286.000	6513.212	1496.000
287.000	6513.215	1446.000
288.000	6513.217	1348.000
289.000	6513.220	1324.000
290.000	6513.222	1212.000
291.000	6513.225	1288.000
292.000	6513.227	1266.000
293.000	6513.230	1334.000
294.000	6513.233	1168.000
295.000	6513.235	1110.000
296.000	6513.238	1012.000
297.000	6513.240	1130.000
298.000	6513.243	1138.000
299.000	6513.245	1016.000
300.000	6513.248	1038.000
301.000	6513.250	974.000
302.000	6513.252	940.000
303.000	6513.255	1038.000
304.000	6513.257	988.000
305.000	6513.260	1060.000
306.000	6513.262	878.000
307.000	6513.265	958.000
308.000	6513.267	856.000
309.000	6513.270	936.000
310.000	6513.273	820.000
311.000	6513.275	870.000
312.000	6513.278	830.000
313.000	6513.280	788.000
314.000	6513.283	802.000
315.000	6513.285	842.000
316.000	6513.288	794.000
317.000	6513.290	736.000
318.000	6513.292	718.000
319.000	6513.295	714.000
320.000	6513.297	738.000
321.000	6513.300	704.000
322.000	6513.302	672.000
323.000	6513.305	688.000
324.000	6513.307	590.000
325.000	6513.310	602.000
326.000	6513.312	694.000
327.000	6513.315	686.000
328.000	6513.318	612.000
329.000	6513.320	550.000
330.000	6513.323	522.000
331.000	6513.325	584.000
332.000	6513.328	654.000
333.000	6513.330	580.000
334.000	6513.333	538.000
335.000	6513.335	578.000
336.000	6513.337	598.000
337.000	6513.340	628.000
338.000	6513.342	536.000
339.000	6513.345	498.000
340.000	6513.347	528.000
341.000	6513.350	572.000
342.000	6513.352	464.000
343.000	6513.355	498.000
344.000	6513.358	536.000
345.000	6513.360	460.000
346.000	6513.363	480.000
347.000	6513.365	480.000
348.000	6513.368	510.000
349.000	6513.370	476.000
350.000	6513.373	442.000
351.000	6513.375	428.000
352.000	6513.377	414.000
353.000	6513.380	434.000
354.000	6513.382	474.000
355.000	6513.385	416.000
356.000	6513.387	444.000
357.000	6513.390	502.000
358.000	6513.392	452.000
359.000	6513.395	404.000
360.000	6513.398	440.000
361.000	6513.400	504.000
