1.000	4829.200	322.000
2.000	4829.202	344.000
3.000	4829.205	362.000
4.000	4829.207	400.000
5.000	4829.210	384.000
6.000	4829.212	358.000
7.000	4829.215	400.000
8.000	4829.217	360.000
9.000	4829.220	402.000
10.000	4829.222	404.000
11.000	4829.225	388.000
12.000	4829.227	356.000
13.000	4829.230	380.000
14.000	4829.233	398.000
15.000	4829.235	426.000
16.000	4829.238	320.000
17.000	4829.240	378.000
18.000	4829.242	378.000
19.000	4829.245	360.000
20.000	4829.247	396.000
21.000	4829.250	396.000
22.000	4829.252	420.000
23.000	4829.255	372.000
24.000	4829.257	408.000
25.000	4829.260	366.000
26.000	4829.262	374.000
27.000	4829.265	356.000
28.000	4829.267	368.000
29.000	4829.270	408.000
30.000	4829.273	330.000
31.000	4829.275	376.000
32.000	4829.278	400.000
33.000	4829.280	328.000
34.000	4829.283	370.000
35.000	4829.285	436.000
36.000	4829.287	364.000
37.000	4829.290	448.000
38.000	4829.292	388.000
39.000	4829.295	382.000
40.000	4829.297	404.000
41.000	4829.300	394.000
42.000	4829.302	418.000
43.000	4829.305	382.000
44.000	4829.307	420.000
45.000	4829.310	448.000
46.000	4829.312	422.000
47.000	4829.315	356.000
48.000	4829.318	362.000
49.000	4829.320	426.000
50.000	4829.323	400.000
51.000	4829.325	448.000
52.000	4829.327	376.000
53.000	4829.330	446.000
54.000	4829.332	408.000
55.000	4829.335	360.000
56.000	4829.337	430.000
57.000	4829.340	452.000
58.000	4829.342	412.000
59.000	4829.345	504.000
60.000	4829.347	340.000
61.000	4829.350	412.000
62.000	4829.352	388.000
63.000	4829.355	476.000
64.000	4829.358	358.000
65.000	4829.360	402.000
66.000	4829.363	440.000
67.000	4829.365	420.000
68.000	4829.367	426.000
69.000	4829.370	446.000
70.000	4829.372	390.000
71.000	4829.375	454.000
72.000	4829.377	418.000
73.000	4829.380	448.000
74.000	4829.382	422.000
75.000	4829.385	438.000
76.000	4829.387	462.000
77.000	4829.390	490.000
78.000	4829.392	410.000
79.000	4829.395	484.000
80.000	4829.398	514.000
81.000	4829.400	488.000
82.000	4829.403	474.000
83.000	4829.405	508.000
84.000	4829.408	494.000
85.000	4829.410	504.000
86.000	4829.412	528.000
87.000	4829.415	542.000
88.000	4829.417	484.000
89.000	4829.420	514.000
90.000	4829.422	478.000
91.000	4829.425	486.000
92.000	4829.427	582.000
93.000	4829.430	522.000
94.000	4829.432	592.000
95.000	4829.435	482.000
96.000	4829.437	506.000
97.000	4829.440	622.000
98.000	4829.443	558.000
99.000	4829.445	526.000
100.000	4829.448	572.000
101.000	4829.450	574.000
102.000	4829.452	618.000
103.000	4829.455	660.000
104.000	4829.457	628.000
105.000	4829.460	640.000
106.000	4829.462	640.000
107.000	4829.465	634.000
108.000	4829.467	670.000
109.000	4829.470	558.000
110.000	4829.472	660.000
111.000	4829.475	654.000
112.000	4829.477	734.000
113.000	4829.480	724.000
114.000	4829.483	762.000
115.000	4829.485	700.000
116.000	4829.488	778.000
117.000	4829.490	680.000
118.000	4829.492	708.000
119.000	4829.495	736.000
120.000	4829.497	766.000
121.000	4829.500	718.000
122.000	4829.502	712.000
123.000	4829.505	814.000
124.000	4829.507	796.000
125.000	4829.510	684.000
126.000	4829.512	770.000
127.000	4829.515	752.000
128.000	4829.517	796.000
129.000	4829.520	748.000
130.000	4829.523	786.000
131.000	4829.525	778.000
132.000	4829.528	818.000
133.000	4829.530	838.000
134.000	4829.533	710.000
135.000	4829.535	794.000
136.000	4829.537	854.000
137.000	4829.540	954.000
138.000	4829.542	876.000
139.000	4829.545	798.000
140.000	4829.547	856.000
141.000	4829.550	826.000
142.000	4829.552	924.000
143.000	4829.555	910.000
144.000	4829.557	914.000
145.000	4829.560	868.000
146.000	4829.562	774.000
147.000	4829.565	904.000
148.000	4829.568	944.000
149.000	4829.570	814.000
150.000	4829.573	850.000
151.000	4829.575	808.000
152.000	4829.577	936.000
153.000	4829.580	772.000
154.000	4829.582	770.000
155.000	4829.585	960.000
156.000	4829.587	924.000
157.000	4829.590	932.000
158.000	4829.592	896.000
159.000	4829.595	952.000
160.000	4829.597	972.000
161.000	4829.600	876.000
162.000	4829.602	870.000
163.000	4829.605	868.000
164.000	4829.608	992.000
165.000	4829.610	936.000
166.000	4829.613	864.000
167.000	4829.615	980.000
168.000	4829.617	978.000
169.000	4829.620	936.000
170.000	4829.622	926.000
171.000	4829.625	900.000
172.000	4829.627	876.000
173.000	4829.630	916.000
174.000	4829.632	852.000
175.000	4829.635	826.000
176.000	4829.637	850.000
177.000	4829.640	808.000
178.000	4829.642	908.000
179.000	4829.645	880.000
180.000	4829.648	876.000
181.000	4829.650	824.000
182.000	4829.653	790.000
183.000	4829.655	886.000
184.000	4829.658	912.000
185.000	4829.660	834.000
186.000	4829.662	864.000
187.000	4829.665	822.000
188.000	4829.667	748.000
189.000	4829.670	838.000
190.000	4829.672	798.000
191.000	4829.675	818.000
192.000	4829.677	788.000
193.000	4829.680	808.000
194.000	4829.682	864.000
195.000	4829.685	786.000
196.000	4829.687	716.000
197.000	4829.690	780.000
198.000	4829.693	736.000
199.000	4829.695	796.000
200.000	4829.698	728.000
201.000	4829.700	714.000
202.000	4829.702	738.000
203.000	4829.705	842.000
204.000	4829.707	752.000
205.000	4829.710	752.000
206.000	4829.712	750.000
207.000	4829.715	774.000
208.000	4829.717	694.000
209.000	4829.720	704.000
210.000	4829.722	708.000
211.000	4829.725	636.000
212.000	4829.727	704.000
213.000	4829.730	622.000
214.000	4829.733	616.000
215.000	4829.735	590.000
216.000	4829.738	676.000
217.000	4829.740	656.000
218.000	4829.742	604.000
219.000	4829.745	576.000
220.000	4829.747	506.000
221.000	4829.750	606.000
222.000	4829.752	650.000
223.000	4829.755	550.000
224.000	4829.757	556.000
225.000	4829.760	560.000
226.000	4829.762	510.000
227.000	4829.765	596.000
228.000	4829.767	534.000
229.000	4829.770	608.000
230.000	4829.773	516.000
231.000	4829.775	558.000
232.000	4829.778	494.000
233.000	4829.780	528.000
234.000	4829.783	544.000
235.000	4829.785	522.000
236.000	4829.787	554.000
237.000	4829.790	508.000
238.000	4829.792	512.000
239.000	4829.795	544.000
240.000	4829.797	524.000
241.000	4829.800	424.000
