1.000	4312.000	400.000
2.000	4312.002	428.000
3.000	4312.005	388.000
4.000	4312.007	440.000
5.000	4312.010	394.000
6.000	4312.012	414.000
7.000	4312.015	344.000
8.000	4312.017	404.000
9.000	4312.020	392.000
10.000	4312.023	374.000
11.000	4312.025	398.000
12.000	4312.028	362.000
13.000	4312.030	394.000
14.000	4312.033	540.000
15.000	4312.035	404.000
16.000	4312.038	384.000
17.000	4312.040	426.000
18.000	4312.042	398.000
19.000	4312.045	366.000
20.000	4312.047	412.000
21.000	4312.050	426.000
22.000	4312.052	362.000
23.000	4312.055	380.000
24.000	4312.057	396.000
25.000	4312.060	374.000
26.000	4312.062	354.000
27.000	4312.065	382.000
28.000	4312.068	434.000
29.000	4312.070	424.000
30.000	4312.073	412.000
31.000	4312.075	410.000
32.000	4312.078	364.000
33.000	4312.080	372.000
34.000	4312.083	416.000
35.000	4312.085	400.000
36.000	4312.087	504.000
37.000	4312.090	424.000
38.000	4312.092	402.000
39.000	4312.095	440.000
40.000	4312.097	346.000
41.000	4312.100	394.000
42.000	4312.102	424.000
43.000	4312.105	358.000
44.000	4312.108	410.000
45.000	4312.110	362.000
46.000	4312.113	376.000
47.000	4312.115	368.000
48.000	4312.118	456.000
49.000	4312.120	378.000
50.000	4312.123	446.000
51.000	4312.125	412.000
52.000	4312.127	390.000
53.000	4312.130	466.000
54.000	4312.132	404.000
55.000	4312.135	386.000
56.000	4312.137	450.000
57.000	4312.140	314.000
58.000	4312.142	416.000
59.000	4312.145	324.000
60.000	4312.148	298.000
61.000	4312.150	350.000
62.000	4312.153	352.000
63.000	4312.155	422.000
64.000	4312.158	358.000
65.000	4312.160	346.000
66.000	4312.163	428.000
67.000	4312.165	344.000
68.000	4312.167	420.000
69.000	4312.170	380.000
70.000	4312.172	352.000
71.000	4312.175	388.000
72.000	4312.177	376.000
73.000	4312.180	370.000
74.000	4312.182	418.000
75.000	4312.185	448.000
76.000	4312.187	404.000
77.000	4312.190	354.000
78.000	4312.193	372.000
79.000	4312.195	400.000
80.000	4312.198	404.000
81.000	4312.200	426.000
82.000	4312.203	388.000
83.000	4312.205	412.000
84.000	4312.208	458.000
85.000	4312.210	420.000
86.000	4312.212	404.000
87.000	4312.215	452.000
88.000	4312.217	386.000
89.000	4312.220	360.000
90.000	4312.222	356.000
91.000	4312.225	376.000
92.000	4312.227	398.000
93.000	4312.230	410.000
94.000	4312.233	364.000
95.000	4312.235	400.000
96.000	4312.238	392.000
97.000	4312.240	490.000
98.000	4312.243	356.000
99.000	4312.245	382.000
100.000	4312.248	400.000
101.000	4312.250	406.000
102.000	4312.252	386.000
103.000	4312.255	392.000
104.000	4312.257	362.000
105.000	4312.260	394.000
106.000	4312.262	350.000
107.000	4312.265	364.000
108.000	4312.267	346.000
109.000	4312.270	366.000
110.000	4312.273	360.000
111.000	4312.275	428.000
112.000	4312.278	432.000
113.000	4312.280	362.000
114.000	4312.283	382.000
115.000	4312.285	372.000
116.000	4312.288	364.000
117.000	4312.290	364.000
118.000	4312.292	360.000
119.000	4312.295	364.000
120.000	4312.297	422.000
121.000	4312.300	362.000
122.000	4312.302	368.000
123.000	4312.305	396.000
124.000	4312.307	358.000
125.000	4312.310	444.000
126.000	4312.312	384.000
127.000	4312.315	454.000
128.000	4312.318	328.000
129.000	4312.320	378.000
130.000	4312.323	372.000
131.000	4312.325	386.000
132.000	4312.328	468.000
133.000	4312.330	410.000
134.000	4312.333	408.000
135.000	4312.335	362.000
136.000	4312.337	384.000
137.000	4312.340	362.000
138.000	4312.342	422.000
139.000	4312.345	424.000
140.000	4312.347	422.000
141.000	4312.350	446.000
142.000	4312.352	406.000
143.000	4312.355	404.000
144.000	4312.358	382.000
145.000	4312.360	416.000
146.000	4312.363	372.000
147.000	4312.365	418.000
148.000	4312.368	416.000
149.000	4312.370	410.000
150.000	4312.373	378.000
151.000	4312.375	464.000
152.000	4312.377	364.000
153.000	4312.380	412.000
154.000	4312.382	374.000
155.000	4312.385	358.000
156.000	4312.387	376.000
157.000	4312.390	362.000
158.000	4312.392	386.000
159.000	4312.395	396.000
160.000	4312.398	372.000
161.000	4312.400	376.000
162.000	4312.403	346.000
163.000	4312.405	406.000
164.000	4312.408	424.000
165.000	4312.410	432.000
166.000	4312.413	470.000
167.000	4312.415	428.000
168.000	4312.417	352.000
169.000	4312.420	464.000
170.000	4312.422	382.000
171.000	4312.425	384.000
172.000	4312.427	444.000
173.000	4312.430	414.000
174.000	4312.432	390.000
175.000	4312.435	374.000
176.000	4312.437	416.000
177.000	4312.440	456.000
178.000	4312.443	394.000
179.000	4312.445	356.000
180.000	4312.448	432.000
181.000	4312.450	392.000
182.000	4312.453	414.000
183.000	4312.455	444.000
184.000	4312.458	424.000
185.000	4312.460	416.000
186.000	4312.462	454.000
187.000	4312.465	354.000
188.000	4312.467	388.000
189.000	4312.470	474.000
190.000	4312.472	438.000
191.000	4312.475	448.000
192.000	4312.477	350.000
193.000	4312.480	364.000
194.000	4312.483	402.000
195.000	4312.485	420.000
196.000	4312.488	400.000
197.000	4312.490	430.000
198.000	4312.493	428.000
199.000	4312.495	412.000
200.000	4312.498	418.000
201.000	4312.500	418.000
202.000	4312.502	392.000
203.000	4312.505	358.000
204.000	4312.507	458.000
205.000	4312.510	386.000
206.000	4312.512	416.000
207.000	4312.515	446.000
208.000	4312.517	400.000
209.000	4312.520	404.000
210.000	4312.523	408.000
211.000	4312.525	484.000
212.000	4312.528	416.000
213.000	4312.530	428.000
214.000	4312.533	448.000
215.000	4312.535	466.000
216.000	4312.538	392.000
217.000	4312.540	408.000
218.000	4312.542	422.000
219.000	4312.545	460.000
220.000	4312.547	406.000
221.000	4312.550	384.000
222.000	4312.552	450.000
223.000	4312.555	486.000
224.000	4312.557	416.000
225.000	4312.560	422.000
226.000	4312.562	492.000
227.000	4312.565	432.000
228.000	4312.568	512.000
229.000	4312.570	472.000
230.000	4312.573	530.000
231.000	4312.575	472.000
232.000	4312.578	440.000
233.000	4312.580	444.000
234.000	4312.583	512.000
235.000	4312.585	514.000
236.000	4312.587	478.000
237.000	4312.590	452.000
238.000	4312.592	512.000
239.000	4312.595	460.000
240.000	4312.597	514.000
241.000	4312.600	556.000
242.000	4312.602	520.000
243.000	4312.605	488.000
244.000	4312.608	438.000
245.000	4312.610	562.000
246.000	4312.613	526.000
247.000	4312.615	576.000
248.000	4312.618	626.000
249.000	4312.620	560.000
250.000	4312.623	548.000
251.000	4312.625	536.000
252.000	4312.627	544.000
253.000	4312.630	570.000
254.000	4312.632	556.000
255.000	4312.635	608.000
256.000	4312.637	560.000
257.000	4312.640	580.000
258.000	4312.642	544.000
259.000	4312.645	570.000
260.000	4312.648	620.000
261.000	4312.650	582.000
262.000	4312.653	592.000
263.000	4312.655	732.000
264.000	4312.658	598.000
265.000	4312.660	726.000
266.000	4312.663	748.000
267.000	4312.665	652.000
268.000	4312.667	740.000
269.000	4312.670	688.000
270.000	4312.672	752.000
271.000	4312.675	768.000
272.000	4312.677	784.000
273.000	4312.680	760.000
274.000	4312.682	836.000
275.000	4312.685	790.000
276.000	4312.687	766.000
277.000	4312.690	782.000
278.000	4312.693	854.000
279.000	4312.695	798.000
280.000	4312.698	746.000
281.000	4312.700	800.000
282.000	4312.703	782.000
283.000	4312.705	856.000
284.000	4312.708	880.000
285.000	4312.710	878.000
286.000	4312.712	884.000
287.000	4312.715	892.000
288.000	4312.717	800.000
289.000	4312.720	868.000
290.000	4312.722	842.000
291.000	4312.725	974.000
292.000	4312.727	768.000
293.000	4312.730	950.000
294.000	4312.733	860.000
295.000	4312.735	876.000
296.000	4312.738	972.000
297.000	4312.740	982.000
298.000	4312.743	1010.000
299.000	4312.745	1048.000
300.000	4312.748	944.000
301.000	4312.750	942.000
302.000	4312.752	1008.000
303.000	4312.755	944.000
304.000	4312.757	1116.000
305.000	4312.760	1054.000
306.000	4312.762	980.000
307.000	4312.765	1000.000
308.000	4312.767	916.000
309.000	4312.770	1018.000
310.000	4312.773	914.000
311.000	4312.775	1070.000
312.000	4312.778	1058.000
313.000	4312.780	978.000
314.000	4312.783	1038.000
315.000	4312.785	1130.000
316.000	4312.788	1070.000
317.000	4312.790	1010.000
318.000	4312.792	1112.000
319.000	4312.795	1042.000
320.000	4312.797	1188.000
321.000	4312.800	1120.000
322.000	4312.802	1076.000
323.000	4312.805	1100.000
324.000	4312.807	1096.000
325.000	4312.810	1166.000
326.000	4312.812	1066.000
327.000	4312.815	1152.000
328.000	4312.818	1106.000
329.000	4312.820	1116.000
330.000	4312.823	1062.000
331.000	4312.825	1084.000
332.000	4312.828	1114.000
333.000	4312.830	1080.000
334.000	4312.833	1156.000
335.000	4312.835	1134.000
336.000	4312.837	986.000
337.000	4312.840	1156.000
338.000	4312.842	1000.000
339.000	4312.845	1056.000
340.000	4312.847	1164.000
341.000	4312.850	1044.000
342.000	4312.852	1110.000
343.000	4312.855	980.000
344.000	4312.858	984.000
345.000	4312.860	984.000
346.000	4312.863	956.000
347.000	4312.865	938.000
348.000	4312.868	1048.000
349.000	4312.870	926.000
350.000	4312.873	982.000
351.000	4312.875	1022.000
352.000	4312.877	860.000
353.000	4312.880	874.000
354.000	4312.882	918.000
355.000	4312.885	956.000
356.000	4312.887	1006.000
357.000	4312.890	896.000
358.000	4312.892	882.000
359.000	4312.895	886.000
360.000	4312.898	862.000
361.000	4312.900	858.000
362.000	4312.903	960.000
363.000	4312.905	894.000
364.000	4312.908	840.000
365.000	4312.910	814.000
366.000	4312.913	762.000
367.000	4312.915	776.000
368.000	4312.917	720.000
369.000	4312.920	724.000
370.000	4312.922	786.000
371.000	4312.925	704.000
372.000	4312.927	734.000
373.000	4312.930	730.000
374.000	4312.932	706.000
375.000	4312.935	700.000
376.000	4312.937	756.000
377.000	4312.940	818.000
378.000	4312.943	680.000
379.000	4312.945	722.000
380.000	4312.948	722.000
381.000	4312.950	624.000
382.000	4312.953	620.000
383.000	4312.955	640.000
384.000	4312.958	532.000
385.000	4312.960	648.000
386.000	4312.962	654.000
387.000	4312.965	550.000
388.000	4312.967	624.000
389.000	4312.970	616.000
390.000	4312.972	568.000
391.000	4312.975	538.000
392.000	4312.977	558.000
393.000	4312.980	460.000
394.000	4312.983	588.000
395.000	4312.985	598.000
396.000	4312.988	602.000
397.000	4312.990	544.000
398.000	4312.993	542.000
399.000	4312.995	542.000
400.000	4312.998	498.000
401.000	4313.000	520.000
402.000	4313.002	392.000
403.000	4313.005	416.000
404.000	4313.007	510.000
405.000	4313.010	468.000
406.000	4313.012	510.000
407.000	4313.015	486.000
408.000	4313.017	526.000
409.000	4313.020	470.000
410.000	4313.023	518.000
411.000	4313.025	488.000
412.000	4313.028	508.000
413.000	4313.030	462.000
414.000	4313.033	474.000
415.000	4313.035	584.000
416.000	4313.038	408.000
417.000	4313.040	434.000
418.000	4313.042	460.000
419.000	4313.045	440.000
420.000	4313.047	424.000
421.000	4313.050	432.000
422.000	4313.052	504.000
423.000	4313.055	474.000
424.000	4313.057	438.000
425.000	4313.060	458.000
426.000	4313.062	424.000
427.000	4313.065	422.000
428.000	4313.068	434.000
429.000	4313.070	502.000
430.000	4313.073	358.000
431.000	4313.075	446.000
432.000	4313.078	406.000
433.000	4313.080	386.000
434.000	4313.083	450.000
435.000	4313.085	396.000
436.000	4313.087	396.000
437.000	4313.090	438.000
438.000	4313.092	374.000
439.000	4313.095	392.000
440.000	4313.097	426.000
441.000	4313.100	444.000
442.000	4313.102	400.000
443.000	4313.105	382.000
444.000	4313.108	420.000
445.000	4313.110	460.000
446.000	4313.113	372.000
447.000	4313.115	376.000
448.000	4313.118	400.000
449.000	4313.120	360.000
450.000	4313.123	388.000
451.000	4313.125	350.000
452.000	4313.127	406.000
453.000	4313.130	382.000
454.000	4313.132	454.000
455.000	4313.135	392.000
456.000	4313.137	416.000
457.000	4313.140	370.000
458.000	4313.142	442.000
459.000	4313.145	454.000
460.000	4313.148	448.000
461.000	4313.150	450.000
462.000	4313.153	364.000
463.000	4313.155	412.000
464.000	4313.158	426.000
465.000	4313.160	384.000
466.000	4313.163	400.000
467.000	4313.165	398.000
468.000	4313.167	474.000
469.000	4313.170	392.000
470.000	4313.172	384.000
471.000	4313.175	428.000
472.000	4313.177	440.000
473.000	4313.180	432.000
474.000	4313.182	376.000
475.000	4313.185	404.000
476.000	4313.187	430.000
477.000	4313.190	404.000
478.000	4313.193	378.000
479.000	4313.195	402.000
480.000	4313.198	402.000
481.000	4313.200	402.000
482.000	4313.203	410.000
483.000	4313.205	372.000
484.000	4313.208	456.000
485.000	4313.210	382.000
486.000	4313.212	402.000
487.000	4313.215	380.000
488.000	4313.217	414.000
489.000	4313.220	398.000
490.000	4313.222	354.000
491.000	4313.225	354.000
492.000	4313.227	414.000
493.000	4313.230	416.000
494.000	4313.233	408.000
495.000	4313.235	438.000
496.000	4313.238	386.000
497.000	4313.240	406.000
498.000	4313.243	364.000
499.000	4313.245	406.000
500.000	4313.248	434.000
501.000	4313.250	340.000
502.000	4313.252	394.000
503.000	4313.255	384.000
504.000	4313.257	362.000
505.000	4313.260	408.000
506.000	4313.262	386.000
507.000	4313.265	490.000
508.000	4313.267	458.000
509.000	4313.270	432.000
510.000	4313.273	432.000
511.000	4313.275	388.000
512.000	4313.278	422.000
513.000	4313.280	376.000
514.000	4313.283	448.000
515.000	4313.285	380.000
516.000	4313.288	418.000
517.000	4313.290	468.000
518.000	4313.292	416.000
519.000	4313.295	448.000
520.000	4313.297	478.000
521.000	4313.300	414.000
522.000	4313.302	414.000
523.000	4313.305	474.000
524.000	4313.307	398.000
525.000	4313.310	446.000
526.000	4313.312	372.000
527.000	4313.315	424.000
528.000	4313.318	366.000
529.000	4313.320	514.000
530.000	4313.323	380.000
531.000	4313.325	304.000
532.000	4313.328	364.000
533.000	4313.330	378.000
534.000	4313.333	402.000
535.000	4313.335	364.000
536.000	4313.337	370.000
537.000	4313.340	370.000
538.000	4313.342	408.000
539.000	4313.345	374.000
540.000	4313.347	386.000
541.000	4313.350	430.000
542.000	4313.352	332.000
543.000	4313.355	378.000
544.000	4313.358	356.000
545.000	4313.360	342.000
546.000	4313.363	348.000
547.000	4313.365	450.000
548.000	4313.368	378.000
549.000	4313.370	386.000
550.000	4313.373	342.000
551.000	4313.375	334.000
552.000	4313.377	412.000
553.000	4313.380	346.000
554.000	4313.382	332.000
555.000	4313.385	336.000
556.000	4313.387	412.000
557.000	4313.390	372.000
558.000	4313.392	410.000
559.000	4313.395	332.000
560.000	4313.398	388.000
561.000	4313.400	408.000
562.000	4313.403	394.000
563.000	4313.405	350.000
564.000	4313.408	350.000
565.000	4313.410	392.000
566.000	4313.413	394.000
567.000	4313.415	368.000
568.000	4313.417	384.000
569.000	4313.420	398.000
570.000	4313.422	424.000
571.000	4313.425	390.000
572.000	4313.427	400.000
573.000	4313.430	404.000
574.000	4313.432	370.000
575.000	4313.435	370.000
576.000	4313.437	380.000
577.000	4313.440	404.000
578.000	4313.443	394.000
579.000	4313.445	380.000
580.000	4313.448	368.000
581.000	4313.450	376.000
582.000	4313.453	382.000
583.000	4313.455	374.000
584.000	4313.458	392.000
585.000	4313.460	390.000
586.000	4313.462	354.000
587.000	4313.465	412.000
588.000	4313.467	348.000
589.000	4313.470	352.000
590.000	4313.472	416.000
591.000	4313.475	372.000
592.000	4313.477	366.000
593.000	4313.480	352.000
594.000	4313.483	380.000
595.000	4313.485	296.000
596.000	4313.488	414.000
597.000	4313.490	358.000
598.000	4313.493	384.000
599.000	4313.495	420.000
600.000	4313.498	430.000
601.000	4313.500	376.000
602.000	4313.502	336.000
603.000	4313.505	338.000
604.000	4313.507	344.000
605.000	4313.510	360.000
606.000	4313.512	398.000
607.000	4313.515	398.000
608.000	4313.517	364.000
609.000	4313.520	404.000
610.000	4313.523	402.000
611.000	4313.525	416.000
612.000	4313.528	404.000
613.000	4313.530	382.000
614.000	4313.533	420.000
615.000	4313.535	376.000
616.000	4313.538	412.000
617.000	4313.540	374.000
618.000	4313.542	372.000
619.000	4313.545	374.000
620.000	4313.547	364.000
621.000	4313.550	418.000
622.000	4313.552	378.000
623.000	4313.555	386.000
624.000	4313.557	358.000
625.000	4313.560	358.000
626.000	4313.562	390.000
627.000	4313.565	400.000
628.000	4313.568	352.000
629.000	4313.570	384.000
630.000	4313.573	406.000
631.000	4313.575	412.000
632.000	4313.578	398.000
633.000	4313.580	388.000
634.000	4313.583	408.000
635.000	4313.585	430.000
636.000	4313.587	382.000
637.000	4313.590	364.000
638.000	4313.592	436.000
639.000	4313.595	324.000
640.000	4313.597	392.000
641.000	4313.600	460.000
642.000	4313.602	380.000
643.000	4313.605	354.000
644.000	4313.608	340.000
645.000	4313.610	386.000
646.000	4313.613	348.000
647.000	4313.615	378.000
648.000	4313.618	422.000
649.000	4313.620	416.000
650.000	4313.623	430.000
651.000	4313.625	360.000
652.000	4313.627	370.000
653.000	4313.630	378.000
654.000	4313.632	490.000
655.000	4313.635	394.000
656.000	4313.637	392.000
657.000	4313.640	380.000
658.000	4313.642	432.000
659.000	4313.645	386.000
660.000	4313.648	374.000
661.000	4313.650	420.000
662.000	4313.653	380.000
663.000	4313.655	396.000
664.000	4313.658	390.000
665.000	4313.660	376.000
666.000	4313.663	438.000
667.000	4313.665	402.000
668.000	4313.667	416.000
669.000	4313.670	400.000
670.000	4313.672	434.000
671.000	4313.675	424.000
672.000	4313.677	426.000
673.000	4313.680	448.000
674.000	4313.682	458.000
675.000	4313.685	368.000
676.000	4313.687	388.000
677.000	4313.690	398.000
678.000	4313.693	378.000
679.000	4313.695	370.000
680.000	4313.698	376.000
681.000	4313.700	404.000
682.000	4313.703	374.000
683.000	4313.705	410.000
684.000	4313.708	368.000
685.000	4313.710	412.000
686.000	4313.712	466.000
687.000	4313.715	406.000
688.000	4313.717	414.000
689.000	4313.720	382.000
690.000	4313.722	332.000
691.000	4313.725	362.000
692.000	4313.727	444.000
693.000	4313.730	348.000
694.000	4313.733	362.000
695.000	4313.735	374.000
696.000	4313.738	348.000
697.000	4313.740	420.000
698.000	4313.743	400.000
699.000	4313.745	302.000
700.000	4313.748	380.000
701.000	4313.750	410.000
702.000	4313.752	332.000
703.000	4313.755	354.000
704.000	4313.757	378.000
705.000	4313.760	412.000
706.000	4313.762	348.000
707.000	4313.765	440.000
708.000	4313.767	380.000
709.000	4313.770	406.000
710.000	4313.773	434.000
711.000	4313.775	380.000
712.000	4313.778	312.000
713.000	4313.780	372.000
714.000	4313.783	364.000
715.000	4313.785	394.000
716.000	4313.788	398.000
717.000	4313.790	392.000
718.000	4313.792	400.000
719.000	4313.795	348.000
720.000	4313.797	434.000
721.000	4313.800	438.000
722.000	4313.802	424.000
723.000	4313.805	400.000
724.000	4313.807	378.000
725.000	4313.810	442.000
726.000	4313.812	368.000
727.000	4313.815	370.000
728.000	4313.818	380.000
729.000	4313.820	384.000
730.000	4313.823	368.000
731.000	4313.825	370.000
732.000	4313.828	376.000
733.000	4313.830	412.000
734.000	4313.833	382.000
735.000	4313.835	356.000
736.000	4313.837	356.000
737.000	4313.840	406.000
738.000	4313.842	352.000
739.000	4313.845	332.000
740.000	4313.847	370.000
741.000	4313.850	358.000
742.000	4313.852	360.000
743.000	4313.855	356.000
744.000	4313.858	380.000
745.000	4313.860	484.000
746.000	4313.863	374.000
747.000	4313.865	340.000
748.000	4313.868	384.000
749.000	4313.870	364.000
750.000	4313.873	368.000
751.000	4313.875	380.000
752.000	4313.877	384.000
753.000	4313.880	376.000
754.000	4313.882	416.000
755.000	4313.885	418.000
756.000	4313.887	366.000
757.000	4313.890	426.000
758.000	4313.892	452.000
759.000	4313.895	362.000
760.000	4313.898	324.000
761.000	4313.900	380.000
762.000	4313.903	410.000
763.000	4313.905	356.000
764.000	4313.908	332.000
765.000	4313.910	368.000
766.000	4313.913	448.000
767.000	4313.915	354.000
768.000	4313.917	374.000
769.000	4313.920	366.000
770.000	4313.922	332.000
771.000	4313.925	400.000
772.000	4313.927	372.000
773.000	4313.930	382.000
774.000	4313.932	380.000
775.000	4313.935	304.000
776.000	4313.937	400.000
777.000	4313.940	420.000
778.000	4313.943	342.000
779.000	4313.945	364.000
780.000	4313.948	402.000
781.000	4313.950	428.000
782.000	4313.953	406.000
783.000	4313.955	352.000
784.000	4313.958	376.000
785.000	4313.960	334.000
786.000	4313.962	380.000
787.000	4313.965	374.000
788.000	4313.967	378.000
789.000	4313.970	404.000
790.000	4313.972	360.000
791.000	4313.975	428.000
792.000	4313.977	386.000
793.000	4313.980	382.000
794.000	4313.983	394.000
795.000	4313.985	390.000
796.000	4313.988	424.000
797.000	4313.990	342.000
798.000	4313.993	394.000
799.000	4313.995	378.000
800.000	4313.998	392.000
801.000	4314.000	390.000
