1.000	6300.000	0.000
2.000	6301.000	0.000
3.000	6302.000	0.000
4.000	6303.000	0.000
5.000	6304.000	0.000
6.000	6305.000	0.000
7.000	6306.000	0.000
8.000	6307.000	0.000
9.000	6308.000	0.000
10.000	6309.000	0.000
11.000	6310.000	0.000
12.000	6311.000	0.000
13.000	6312.000	0.000
14.000	6313.000	0.000
15.000	6314.000	0.000
16.000	6315.000	0.000
17.000	6316.000	0.000
18.000	6317.000	0.000
19.000	6318.000	0.000
20.000	6319.000	0.000
21.000	6320.000	0.000
22.000	6321.000	0.000
23.000	6322.000	0.000
24.000	6323.000	0.000
25.000	6324.000	0.000
26.000	6325.000	0.000
27.000	6326.000	0.000
28.000	6327.000	0.000
29.000	6328.000	0.000
30.000	6329.000	0.000
31.000	6330.000	0.000
32.000	6331.000	0.000
33.000	6332.000	0.000
34.000	6333.000	0.000
35.000	6334.000	0.000
36.000	6335.000	0.000
37.000	6336.000	0.000
38.000	6337.000	0.000
39.000	6338.000	0.000
40.000	6339.000	0.000
41.000	6340.000	0.000
42.000	6341.000	0.000
43.000	6342.000	0.000
44.000	6343.000	0.000
45.000	6344.000	0.000
46.000	6345.000	0.000
47.000	6346.000	0.000
48.000	6347.000	0.000
49.000	6348.000	0.000
50.000	6349.000	0.000
51.000	6350.000	0.000
52.000	6351.000	0.000
53.000	6352.000	0.000
54.000	6353.000	0.000
55.000	6354.000	0.000
56.000	6355.000	0.000
57.000	6356.000	0.000
58.000	6357.000	0.000
59.000	6358.000	0.000
60.000	6359.000	0.000
61.000	6360.000	0.000
62.000	6361.000	0.000
63.000	6362.000	0.000
64.000	6363.000	0.000
65.000	6364.000	0.000
66.000	6365.000	0.000
67.000	6366.000	0.000
68.000	6367.000	0.000
69.000	6368.000	0.000
70.000	6369.000	0.000
71.000	6370.000	0.000
72.000	6371.000	0.000
73.000	6372.000	0.000
74.000	6373.000	0.000
75.000	6374.000	0.000
76.000	6375.000	0.000
77.000	6376.000	0.000
78.000	6377.000	0.000
79.000	6378.000	0.000
80.000	6379.000	0.000
81.000	6380.000	0.000
82.000	6381.000	0.000
83.000	6382.000	0.000
84.000	6383.000	0.000
85.000	6384.000	0.000
86.000	6385.000	0.000
87.000	6386.000	0.000
88.000	6387.000	0.000
89.000	6388.000	0.000
90.000	6389.000	0.000
91.000	6390.000	0.000
92.000	6391.000	0.000
93.000	6392.000	0.000
94.000	6393.000	0.000
95.000	6394.000	0.000
96.000	6395.000	0.000
97.000	6396.000	0.000
98.000	6397.000	0.000
99.000	6398.000	0.000
100.000	6399.000	0.000
101.000	6400.000	0.000
