1.000	6510.000	480.000
2.000	6510.010	570.000
3.000	6510.020	590.000
4.000	6510.030	480.000
5.000	6510.040	400.000
6.000	6510.050	670.000
7.000	6510.060	630.000
8.000	6510.070	550.000
9.000	6510.080	550.000
10.000	6510.090	430.000
11.000	6510.100	600.000
12.000	6510.110	520.000
13.000	6510.120	480.000
14.000	6510.130	560.000
15.000	6510.140	440.000
16.000	6510.150	540.000
17.000	6510.160	510.000
18.000	6510.170	380.000
19.000	6510.180	430.000
20.000	6510.190	480.000
21.000	6510.200	700.000
22.000	6510.210	610.000
23.000	6510.220	470.000
24.000	6510.230	720.000
25.000	6510.240	450.000
26.000	6510.250	440.000
27.000	6510.260	510.000
28.000	6510.270	540.000
29.000	6510.280	620.000
30.000	6510.290	450.000
31.000	6510.300	480.000
32.000	6510.310	620.000
33.000	6510.320	580.000
34.000	6510.330	590.000
35.000	6510.340	780.000
36.000	6510.350	600.000
37.000	6510.360	460.000
38.000	6510.370	600.000
39.000	6510.380	640.000
40.000	6510.390	600.000
41.000	6510.400	560.000
42.000	6510.410	540.000
43.000	6510.420	540.000
44.000	6510.430	570.000
45.000	6510.440	650.000
46.000	6510.450	730.000
47.000	6510.460	620.000
48.000	6510.470	610.000
49.000	6510.480	530.000
50.000	6510.490	560.000
51.000	6510.500	600.000
52.000	6510.510	660.000
53.000	6510.520	640.000
54.000	6510.530	620.000
55.000	6510.540	640.000
56.000	6510.550	630.000
57.000	6510.560	560.000
58.000	6510.570	690.000
59.000	6510.580	620.000
60.000	6510.590	600.000
61.000	6510.600	510.000
62.000	6510.610	690.000
63.000	6510.620	590.000
64.000	6510.630	580.000
65.000	6510.640	610.000
66.000	6510.650	660.000
67.000	6510.660	620.000
68.000	6510.670	720.000
69.000	6510.680	740.000
70.000	6510.690	710.000
71.000	6510.700	780.000
72.000	6510.710	640.000
73.000	6510.720	670.000
74.000	6510.730	790.000
75.000	6510.740	640.000
76.000	6510.750	730.000
77.000	6510.760	730.000
78.000	6510.770	760.000
79.000	6510.780	660.000
80.000	6510.790	680.000
81.000	6510.800	660.000
82.000	6510.810	640.000
83.000	6510.820	720.000
84.000	6510.830	550.000
85.000	6510.840	690.000
86.000	6510.850	830.000
87.000	6510.860	730.000
88.000	6510.870	710.000
89.000	6510.880	740.000
90.000	6510.890	640.000
91.000	6510.900	580.000
92.000	6510.910	490.000
93.000	6510.920	650.000
94.000	6510.930	680.000
95.000	6510.940	890.000
96.000	6510.950	610.000
97.000	6510.960	650.000
98.000	6510.970	730.000
99.000	6510.980	920.000
100.000	6510.990	890.000
101.000	6511.000	870.000
102.000	6511.010	660.000
103.000	6511.020	870.000
104.000	6511.030	730.000
105.000	6511.040	880.000
106.000	6511.050	900.000
107.000	6511.060	780.000
108.000	6511.070	650.000
109.000	6511.080	880.000
110.000	6511.090	730.000
111.000	6511.100	800.000
112.000	6511.110	870.000
113.000	6511.120	870.000
114.000	6511.130	930.000
115.000	6511.140	800.000
116.000	6511.150	1090.000
117.000	6511.160	910.000
118.000	6511.170	950.000
119.000	6511.180	1030.000
120.000	6511.190	960.000
121.000	6511.200	870.000
122.000	6511.210	1030.000
123.000	6511.220	1060.000
124.000	6511.230	1080.000
125.000	6511.240	1160.000
126.000	6511.250	950.000
127.000	6511.260	1010.000
128.000	6511.270	1190.000
129.000	6511.280	1250.000
130.000	6511.290	1120.000
131.000	6511.300	1300.000
132.000	6511.310	1200.000
133.000	6511.320	1130.000
134.000	6511.330	1240.000
135.000	6511.340	1070.000
136.000	6511.350	1200.000
137.000	6511.360	1070.000
138.000	6511.370	1070.000
139.000	6511.380	1040.000
140.000	6511.390	1210.000
141.000	6511.400	990.000
142.000	6511.410	1030.000
143.000	6511.420	1070.000
144.000	6511.430	850.000
145.000	6511.440	1160.000
146.000	6511.450	980.000
147.000	6511.460	1160.000
148.000	6511.470	990.000
149.000	6511.480	980.000
150.000	6511.490	1010.000
151.000	6511.500	930.000
152.000	6511.510	1060.000
153.000	6511.520	1210.000
154.000	6511.530	1070.000
155.000	6511.540	1060.000
156.000	6511.550	950.000
157.000	6511.560	1010.000
158.000	6511.570	880.000
159.000	6511.580	1090.000
160.000	6511.590	1080.000
161.000	6511.600	950.000
162.000	6511.610	1010.000
163.000	6511.620	1130.000
164.000	6511.630	1020.000
165.000	6511.640	1060.000
166.000	6511.650	960.000
167.000	6511.660	990.000
168.000	6511.670	950.000
169.000	6511.680	1080.000
170.000	6511.690	1310.000
171.000	6511.700	1080.000
172.000	6511.710	1090.000
173.000	6511.720	1100.000
174.000	6511.730	960.000
175.000	6511.740	1290.000
176.000	6511.750	1200.000
177.000	6511.760	910.000
178.000	6511.770	960.000
179.000	6511.780	1070.000
180.000	6511.790	960.000
181.000	6511.800	1120.000
182.000	6511.810	1180.000
183.000	6511.820	1230.000
184.000	6511.830	1190.000
185.000	6511.840	1140.000
186.000	6511.850	1010.000
187.000	6511.860	1290.000
188.000	6511.870	1120.000
189.000	6511.880	1310.000
190.000	6511.890	1270.000
191.000	6511.900	1370.000
192.000	6511.910	1190.000
193.000	6511.920	1100.000
194.000	6511.930	1260.000
195.000	6511.940	1280.000
196.000	6511.950	1290.000
197.000	6511.960	1520.000
198.000	6511.970	1280.000
199.000	6511.980	1390.000
200.000	6511.990	1680.000
201.000	6512.000	1660.000
202.000	6512.010	1710.000
203.000	6512.020	1700.000
204.000	6512.030	1790.000
205.000	6512.040	1640.000
206.000	6512.050	1940.000
207.000	6512.060	1640.000
208.000	6512.070	2020.000
209.000	6512.080	1760.000
210.000	6512.090	1730.000
211.000	6512.100	1730.000
212.000	6512.110	1830.000
213.000	6512.120	2010.000
214.000	6512.130	2510.000
215.000	6512.140	1940.000
216.000	6512.150	1960.000
217.000	6512.160	2220.000
218.000	6512.170	2010.000
219.000	6512.180	2320.000
220.000	6512.190	2580.000
221.000	6512.200	2440.000
222.000	6512.210	2320.000
223.000	6512.220	2610.000
224.000	6512.230	2760.000
225.000	6512.240	3330.000
226.000	6512.250	3020.000
227.000	6512.260	3100.000
228.000	6512.270	3470.000
229.000	6512.280	3270.000
230.000	6512.290	3200.000
231.000	6512.300	3570.000
232.000	6512.310	3740.000
233.000	6512.320	4220.000
234.000	6512.330	3810.000
235.000	6512.340	4300.000
236.000	6512.350	4340.000
237.000	6512.360	4360.000
238.000	6512.370	4830.000
239.000	6512.380	4630.000
240.000	6512.390	4970.000
241.000	6512.400	5730.000
242.000	6512.410	5990.000
243.000	6512.420	6130.000
244.000	6512.430	6050.000
245.000	6512.440	6300.000
246.000	6512.450	6640.000
247.000	6512.460	6750.000
248.000	6512.470	7590.000
249.000	6512.480	8160.000
250.000	6512.490	8730.000
251.000	6512.500	9040.000
252.000	6512.510	9730.000
253.000	6512.520	10080.000
254.000	6512.530	11320.000
255.000	6512.540	12420.000
256.000	6512.550	12030.000
257.000	6512.560	14310.000
258.000	6512.570	14500.000
259.000	6512.580	17370.000
260.000	6512.590	18230.000
261.000	6512.600	18970.000
262.000	6512.610	21310.000
263.000	6512.620	23460.000
264.000	6512.630	25300.000
265.000	6512.640	29110.000
266.000	6512.650	30450.000
267.000	6512.660	36340.000
268.000	6512.670	37640.000
269.000	6512.680	41170.000
270.000	6512.690	48720.000
271.000	6512.700	48300.000
272.000	6512.710	53500.000
273.000	6512.720	59890.000
274.000	6512.730	62850.000
275.000	6512.740	71630.000
276.000	6512.750	74650.000
277.000	6512.760	80050.000
278.000	6512.770	88640.000
279.000	6512.780	90860.000
280.000	6512.790	100120.000
281.000	6512.800	108590.000
282.000	6512.810	108280.000
283.000	6512.820	122530.000
284.000	6512.830	125350.000
285.000	6512.840	133120.000
286.000	6512.850	139540.000
287.000	6512.860	145780.000
288.000	6512.870	150420.000
289.000	6512.880	159660.000
290.000	6512.890	161590.000
291.000	6512.900	167180.000
292.000	6512.910	171220.000
293.000	6512.920	175560.000
294.000	6512.930	178470.000
295.000	6512.940	182650.000
296.000	6512.950	187350.000
297.000	6512.960	185190.000
298.000	6512.970	187220.000
299.000	6512.980	188420.000
300.000	6512.990	179580.000
301.000	6513.000	182440.000
302.000	6513.010	183420.000
303.000	6513.020	182210.000
304.000	6513.030	178280.000
305.000	6513.040	175900.000
306.000	6513.050	172380.000
307.000	6513.060	160830.000
308.000	6513.070	158390.000
309.000	6513.080	157030.000
310.000	6513.090	144680.000
311.000	6513.100	141370.000
312.000	6513.110	134020.000
313.000	6513.120	129710.000
314.000	6513.130	123790.000
315.000	6513.140	114440.000
316.000	6513.150	108240.000
317.000	6513.160	102000.000
318.000	6513.170	92560.000
319.000	6513.180	87670.000
320.000	6513.190	83000.000
321.000	6513.200	74050.000
322.000	6513.210	68170.000
323.000	6513.220	62650.000
324.000	6513.230	56580.000
325.000	6513.240	52490.000
326.000	6513.250	47870.000
327.000	6513.260	41760.000
328.000	6513.270	39050.000
329.000	6513.280	35450.000
330.000	6513.290	32880.000
331.000	6513.300	28580.000
332.000	6513.310	26540.000
333.000	6513.320	23990.000
334.000	6513.330	20830.000
335.000	6513.340	19510.000
336.000	6513.350	17480.000
337.000	6513.360	16400.000
338.000	6513.370	14670.000
339.000	6513.380	12120.000
340.000	6513.390	11780.000
341.000	6513.400	10660.000
342.000	6513.410	9920.000
343.000	6513.420	9100.000
344.000	6513.430	8680.000
345.000	6513.440	7370.000
346.000	6513.450	7210.000
347.000	6513.460	6720.000
348.000	6513.470	5710.000
349.000	6513.480	5510.000
350.000	6513.490	5700.000
351.000	6513.500	5250.000
352.000	6513.510	5210.000
353.000	6513.520	4750.000
354.000	6513.530	4460.000
355.000	6513.540	4380.000
356.000	6513.550	4300.000
357.000	6513.560	4070.000
358.000	6513.570	3690.000
359.000	6513.580	3740.000
360.000	6513.590	3670.000
361.000	6513.600	3690.000
362.000	6513.610	3440.000
363.000	6513.620	3310.000
364.000	6513.630	3040.000
365.000	6513.640	2820.000
366.000	6513.650	2780.000
367.000	6513.660	2880.000
368.000	6513.670	2650.000
369.000	6513.680	2360.000
370.000	6513.690	2540.000
371.000	6513.700	2490.000
372.000	6513.710	2220.000
373.000	6513.720	2200.000
374.000	6513.730	2160.000
375.000	6513.740	2150.000
376.000	6513.750	2000.000
377.000	6513.760	2160.000
378.000	6513.770	1730.000
379.000	6513.780	1760.000
380.000	6513.790	1800.000
381.000	6513.800	1440.000
382.000	6513.810	1250.000
383.000	6513.820	1540.000
384.000	6513.830	1510.000
385.000	6513.840	1250.000
386.000	6513.850	1300.000
387.000	6513.860	1220.000
388.000	6513.870	1210.000
389.000	6513.880	1120.000
390.000	6513.890	1260.000
391.000	6513.900	1090.000
392.000	6513.910	1260.000
393.000	6513.920	1150.000
394.000	6513.930	1040.000
395.000	6513.940	960.000
396.000	6513.950	900.000
397.000	6513.960	920.000
398.000	6513.970	880.000
399.000	6513.980	870.000
400.000	6513.990	820.000
401.000	6514.000	720.000
402.000	6514.010	750.000
403.000	6514.020	920.000
404.000	6514.030	750.000
405.000	6514.040	770.000
406.000	6514.050	810.000
407.000	6514.060	830.000
408.000	6514.070	740.000
409.000	6514.080	750.000
410.000	6514.090	740.000
411.000	6514.100	860.000
412.000	6514.110	650.000
413.000	6514.120	820.000
414.000	6514.130	640.000
415.000	6514.140	590.000
416.000	6514.150	600.000
417.000	6514.160	740.000
418.000	6514.170	840.000
419.000	6514.180	540.000
420.000	6514.190	720.000
421.000	6514.200	740.000
422.000	6514.210	680.000
423.000	6514.220	680.000
424.000	6514.230	480.000
425.000	6514.240	650.000
426.000	6514.250	590.000
427.000	6514.260	460.000
428.000	6514.270	510.000
429.000	6514.280	450.000
430.000	6514.290	540.000
431.000	6514.300	590.000
432.000	6514.310	470.000
433.000	6514.320	680.000
434.000	6514.330	580.000
435.000	6514.340	580.000
436.000	6514.350	620.000
437.000	6514.360	620.000
438.000	6514.370	530.000
439.000	6514.380	410.000
440.000	6514.390	580.000
441.000	6514.400	460.000
442.000	6514.410	580.000
443.000	6514.420	680.000
444.000	6514.430	540.000
445.000	6514.440	580.000
446.000	6514.450	390.000
447.000	6514.460	520.000
448.000	6514.470	660.000
449.000	6514.480	490.000
450.000	6514.490	620.000
451.000	6514.500	490.000
452.000	6514.510	480.000
453.000	6514.520	480.000
454.000	6514.530	440.000
455.000	6514.540	490.000
456.000	6514.550	530.000
457.000	6514.560	320.000
458.000	6514.570	470.000
459.000	6514.580	540.000
460.000	6514.590	520.000
461.000	6514.600	500.000
462.000	6514.610	460.000
463.000	6514.620	410.000
464.000	6514.630	500.000
465.000	6514.640	500.000
466.000	6514.650	580.000
467.000	6514.660	460.000
468.000	6514.670	450.000
469.000	6514.680	430.000
470.000	6514.690	440.000
471.000	6514.700	490.000
472.000	6514.710	450.000
473.000	6514.720	450.000
474.000	6514.730	370.000
475.000	6514.740	380.000
476.000	6514.750	450.000
477.000	6514.760	490.000
478.000	6514.770	540.000
479.000	6514.780	320.000
480.000	6514.790	510.000
481.000	6514.800	280.000
482.000	6514.810	500.000
483.000	6514.820	500.000
484.000	6514.830	600.000
485.000	6514.840	420.000
486.000	6514.850	520.000
487.000	6514.860	450.000
488.000	6514.870	460.000
489.000	6514.880	440.000
490.000	6514.890	400.000
491.000	6514.900	450.000
492.000	6514.910	380.000
493.000	6514.920	560.000
494.000	6514.930	380.000
495.000	6514.940	530.000
496.000	6514.950	480.000
497.000	6514.960	510.000
498.000	6514.970	440.000
499.000	6514.980	480.000
500.000	6514.990	530.000
501.000	6515.000	490.000
