1.000	4775.000	240.000
2.000	4776.000	400.000
3.000	4777.000	450.000
4.000	4778.000	410.000
5.000	4779.000	250.000
6.000	4780.000	500.000
7.000	4781.000	350.000
8.000	4782.000	600.000
9.000	4783.000	340.000
10.000	4784.000	330.000
11.000	4785.000	360.000
12.000	4786.000	550.000
13.000	4787.000	470.000
14.000	4788.000	340.000
15.000	4789.000	380.000
16.000	4790.000	340.000
17.000	4791.000	470.000
18.000	4792.000	390.000
19.000	4793.000	570.000
20.000	4794.000	430.000
21.000	4795.000	420.000
22.000	4796.000	300.000
23.000	4797.000	400.000
24.000	4798.000	340.000
25.000	4799.000	320.000
26.000	4800.000	530.000
27.000	4801.000	350.000
28.000	4802.000	290.000
29.000	4803.000	250.000
30.000	4804.000	260.000
31.000	4805.000	440.000
32.000	4806.000	370.000
33.000	4807.000	310.000
34.000	4808.000	270.000
35.000	4809.000	430.000
36.000	4810.000	410.000
37.000	4811.000	430.000
38.000	4812.000	460.000
39.000	4813.000	430.000
40.000	4814.000	320.000
41.000	4815.000	250.000
42.000	4816.000	330.000
43.000	4817.000	350.000
44.000	4818.000	450.000
45.000	4819.000	330.000
46.000	4820.000	280.000
47.000	4821.000	360.000
48.000	4822.000	260.000
49.000	4823.000	430.000
50.000	4824.000	480.000
51.000	4825.000	430.000
52.000	4826.000	300.000
53.000	4827.000	460.000
54.000	4828.000	450.000
55.000	4829.000	830.000
56.000	4830.000	580.000
57.000	4831.000	440.000
58.000	4832.000	420.000
59.000	4833.000	290.000
60.000	4834.000	280.000
61.000	4835.000	700.000
62.000	4836.000	440.000
63.000	4837.000	220.000
64.000	4838.000	320.000
65.000	4839.000	340.000
66.000	4840.000	290.000
67.000	4841.000	1440.000
68.000	4842.000	390.000
69.000	4843.000	400.000
70.000	4844.000	490.000
71.000	4845.000	400.000
72.000	4846.000	560.000
73.000	4847.000	390.000
74.000	4848.000	360.000
75.000	4849.000	320.000
76.000	4850.000	220.000
77.000	4851.000	400.000
78.000	4852.000	350.000
79.000	4853.000	270.000
80.000	4854.000	420.000
81.000	4855.000	360.000
82.000	4856.000	310.000
83.000	4857.000	340.000
84.000	4858.000	510.000
85.000	4859.000	410.000
86.000	4860.000	400.000
87.000	4861.000	330.000
88.000	4862.000	440.000
89.000	4863.000	310.000
90.000	4864.000	300.000
91.000	4865.000	340.000
92.000	4866.000	440.000
93.000	4867.000	420.000
94.000	4868.000	490.000
95.000	4869.000	400.000
96.000	4870.000	360.000
97.000	4871.000	360.000
98.000	4872.000	350.000
99.000	4873.000	290.000
100.000	4874.000	480.000
101.000	4875.000	420.000
102.000	4876.000	440.000
103.000	4877.000	380.000
104.000	4878.000	420.000
105.000	4879.000	460.000
106.000	4880.000	470.000
107.000	4881.000	480.000
108.000	4882.000	420.000
109.000	4883.000	450.000
110.000	4884.000	350.000
111.000	4885.000	310.000
112.000	4886.000	390.000
113.000	4887.000	320.000
114.000	4888.000	430.000
115.000	4889.000	270.000
116.000	4890.000	550.000
117.000	4891.000	390.000
118.000	4892.000	260.000
119.000	4893.000	380.000
120.000	4894.000	510.000
121.000	4895.000	560.000
122.000	4896.000	1400.000
123.000	4897.000	500.000
124.000	4898.000	350.000
125.000	4899.000	310.000
126.000	4900.000	270.000
127.000	4901.000	660.000
128.000	4902.000	510.000
129.000	4903.000	290.000
130.000	4904.000	450.000
131.000	4905.000	320.000
132.000	4906.000	420.000
133.000	4907.000	650.000
134.000	4908.000	420.000
135.000	4909.000	330.000
136.000	4910.000	450.000
137.000	4911.000	400.000
138.000	4912.000	430.000
139.000	4913.000	470.000
140.000	4914.000	380.000
141.000	4915.000	380.000
142.000	4916.000	420.000
143.000	4917.000	260.000
144.000	4918.000	450.000
145.000	4919.000	380.000
146.000	4920.000	430.000
147.000	4921.000	390.000
148.000	4922.000	460.000
149.000	4923.000	430.000
150.000	4924.000	400.000
151.000	4925.000	510.000
152.000	4926.000	400.000
153.000	4927.000	360.000
154.000	4928.000	270.000
155.000	4929.000	320.000
156.000	4930.000	370.000
157.000	4931.000	370.000
158.000	4932.000	300.000
159.000	4933.000	290.000
160.000	4934.000	440.000
161.000	4935.000	350.000
162.000	4936.000	350.000
163.000	4937.000	460.000
164.000	4938.000	500.000
165.000	4939.000	510.000
166.000	4940.000	490.000
167.000	4941.000	490.000
168.000	4942.000	450.000
169.000	4943.000	350.000
170.000	4944.000	390.000
171.000	4945.000	380.000
172.000	4946.000	410.000
173.000	4947.000	450.000
174.000	4948.000	390.000
175.000	4949.000	450.000
176.000	4950.000	340.000
