1.000	6512.000	1760.000
2.000	6512.002	1820.000
3.000	6512.005	1730.000
4.000	6512.007	1890.000
5.000	6512.010	1540.000
6.000	6512.012	1770.000
7.000	6512.015	1920.000
8.000	6512.017	1500.000
9.000	6512.020	1630.000
10.000	6512.023	1630.000
11.000	6512.025	1700.000
12.000	6512.028	1400.000
13.000	6512.030	1910.000
14.000	6512.033	1850.000
15.000	6512.035	1850.000
16.000	6512.038	1810.000
17.000	6512.040	1450.000
18.000	6512.042	1730.000
19.000	6512.045	1720.000
20.000	6512.047	1720.000
21.000	6512.050	1560.000
22.000	6512.052	1690.000
23.000	6512.055	1920.000
24.000	6512.057	1930.000
25.000	6512.060	1600.000
26.000	6512.062	1640.000
27.000	6512.065	2110.000
28.000	6512.068	2110.000
29.000	6512.070	1540.000
30.000	6512.073	1880.000
31.000	6512.075	1920.000
32.000	6512.078	1780.000
33.000	6512.080	1710.000
34.000	6512.083	2270.000
35.000	6512.085	1810.000
36.000	6512.087	2110.000
37.000	6512.090	1770.000
38.000	6512.092	2040.000
39.000	6512.095	2020.000
40.000	6512.097	2190.000
41.000	6512.100	2170.000
42.000	6512.102	1860.000
43.000	6512.105	2060.000
44.000	6512.108	2200.000
45.000	6512.110	2220.000
46.000	6512.113	1980.000
47.000	6512.115	2040.000
48.000	6512.118	2380.000
49.000	6512.120	2300.000
50.000	6512.123	2150.000
51.000	6512.125	2140.000
52.000	6512.127	2510.000
53.000	6512.130	2370.000
54.000	6512.132	2240.000
55.000	6512.135	2240.000
56.000	6512.137	2480.000
57.000	6512.140	2190.000
58.000	6512.142	2350.000
59.000	6512.145	2540.000
60.000	6512.148	2600.000
61.000	6512.150	2370.000
62.000	6512.153	2240.000
63.000	6512.155	2570.000
64.000	6512.158	2610.000
65.000	6512.160	2540.000
66.000	6512.163	2480.000
67.000	6512.165	2290.000
68.000	6512.167	2270.000
69.000	6512.170	2610.000
70.000	6512.172	2720.000
71.000	6512.175	2470.000
72.000	6512.177	2640.000
73.000	6512.180	2880.000
74.000	6512.182	2620.000
75.000	6512.185	2450.000
76.000	6512.187	2500.000
77.000	6512.190	2500.000
78.000	6512.193	2530.000
79.000	6512.195	2330.000
80.000	6512.198	2780.000
81.000	6512.200	2840.000
82.000	6512.203	2720.000
83.000	6512.205	2470.000
84.000	6512.208	2900.000
85.000	6512.210	2720.000
86.000	6512.212	2460.000
87.000	6512.215	2980.000
88.000	6512.217	3140.000
89.000	6512.220	2900.000
90.000	6512.222	2880.000
91.000	6512.225	3010.000
92.000	6512.227	2990.000
93.000	6512.230	3070.000
94.000	6512.233	3090.000
95.000	6512.235	3630.000
96.000	6512.238	3230.000
97.000	6512.240	2710.000
98.000	6512.243	3030.000
99.000	6512.245	3510.000
100.000	6512.248	3200.000
101.000	6512.250	3380.000
102.000	6512.252	3140.000
103.000	6512.255	3370.000
104.000	6512.257	3410.000
105.000	6512.260	3370.000
106.000	6512.262	3540.000
107.000	6512.265	3190.000
108.000	6512.267	3490.000
109.000	6512.270	3850.000
110.000	6512.273	3870.000
111.000	6512.275	3490.000
112.000	6512.278	3550.000
113.000	6512.280	3470.000
114.000	6512.283	3440.000
115.000	6512.285	3630.000
116.000	6512.288	3760.000
117.000	6512.290	3780.000
118.000	6512.292	3750.000
119.000	6512.295	4340.000
120.000	6512.297	3910.000
121.000	6512.300	3600.000
122.000	6512.302	3440.000
123.000	6512.305	3610.000
124.000	6512.307	3690.000
125.000	6512.310	3740.000
126.000	6512.312	4160.000
127.000	6512.315	4160.000
128.000	6512.318	3780.000
129.000	6512.320	3710.000
130.000	6512.323	4000.000
131.000	6512.325	4210.000
132.000	6512.328	4110.000
133.000	6512.330	4140.000
134.000	6512.333	4610.000
135.000	6512.335	4300.000
136.000	6512.337	4320.000
137.000	6512.340	4320.000
138.000	6512.342	4280.000
139.000	6512.345	4460.000
140.000	6512.347	4670.000
141.000	6512.350	4990.000
142.000	6512.352	5000.000
143.000	6512.355	4770.000
144.000	6512.358	4770.000
145.000	6512.360	4640.000
146.000	6512.363	4620.000
147.000	6512.365	4700.000
148.000	6512.368	4810.000
149.000	6512.370	4500.000
150.000	6512.373	4660.000
151.000	6512.375	4920.000
152.000	6512.377	5060.000
153.000	6512.380	4960.000
154.000	6512.382	5280.000
155.000	6512.385	5010.000
156.000	6512.387	5150.000
157.000	6512.390	4910.000
158.000	6512.392	5280.000
159.000	6512.395	5670.000
160.000	6512.398	5410.000
161.000	6512.400	5710.000
162.000	6512.403	5630.000
163.000	6512.405	5630.000
164.000	6512.408	5860.000
165.000	6512.410	5480.000
166.000	6512.413	6280.000
167.000	6512.415	5900.000
168.000	6512.417	5870.000
169.000	6512.420	6530.000
170.000	6512.422	6270.000
171.000	6512.425	6550.000
172.000	6512.427	6250.000
173.000	6512.430	6450.000
174.000	6512.432	6130.000
175.000	6512.435	6520.000
176.000	6512.437	6320.000
177.000	6512.440	6850.000
178.000	6512.443	6560.000
179.000	6512.445	6060.000
180.000	6512.448	6700.000
181.000	6512.450	7480.000
182.000	6512.453	7350.000
183.000	6512.455	7660.000
184.000	6512.458	8020.000
185.000	6512.460	7340.000
186.000	6512.462	7560.000
187.000	6512.465	7470.000
188.000	6512.467	8400.000
189.000	6512.470	8540.000
190.000	6512.472	8540.000
191.000	6512.475	8550.000
192.000	6512.477	8700.000
193.000	6512.480	8720.000
194.000	6512.483	8340.000
195.000	6512.485	8610.000
196.000	6512.488	8980.000
197.000	6512.490	8620.000
198.000	6512.493	9680.000
199.000	6512.495	8860.000
200.000	6512.498	8770.000
201.000	6512.500	9450.000
202.000	6512.502	9350.000
203.000	6512.505	9580.000
204.000	6512.507	9760.000
205.000	6512.510	10420.000
206.000	6512.512	10210.000
207.000	6512.515	9740.000
208.000	6512.517	9940.000
209.000	6512.520	10620.000
210.000	6512.523	10820.000
211.000	6512.525	10420.000
212.000	6512.528	11000.000
213.000	6512.530	11100.000
214.000	6512.533	11720.000
215.000	6512.535	11700.000
216.000	6512.538	11470.000
217.000	6512.540	11660.000
218.000	6512.542	11700.000
219.000	6512.545	11550.000
220.000	6512.547	12920.000
221.000	6512.550	14010.000
222.000	6512.552	14000.000
223.000	6512.555	13750.000
224.000	6512.557	12960.000
225.000	6512.560	14170.000
226.000	6512.562	14710.000
227.000	6512.565	14640.000
228.000	6512.568	14370.000
229.000	6512.570	15120.000
230.000	6512.573	15160.000
231.000	6512.575	15310.000
232.000	6512.578	15850.000
233.000	6512.580	16300.000
234.000	6512.583	16170.000
235.000	6512.585	16890.000
236.000	6512.587	16320.000
237.000	6512.590	16600.000
238.000	6512.592	17270.000
239.000	6512.595	17370.000
240.000	6512.597	18510.000
241.000	6512.600	19100.000
242.000	6512.602	20030.000
243.000	6512.605	19790.000
244.000	6512.608	20390.000
245.000	6512.610	20460.000
246.000	6512.613	21810.000
247.000	6512.615	21310.000
248.000	6512.618	21900.000
249.000	6512.620	22370.000
250.000	6512.623	22770.000
251.000	6512.625	22950.000
252.000	6512.627	23470.000
253.000	6512.630	24290.000
254.000	6512.632	26170.000
255.000	6512.635	27210.000
256.000	6512.637	25690.000
257.000	6512.640	26610.000
258.000	6512.642	28270.000
259.000	6512.645	28860.000
260.000	6512.648	28880.000
261.000	6512.650	29470.000
262.000	6512.653	31610.000
263.000	6512.655	30480.000
264.000	6512.658	30530.000
265.000	6512.660	33320.000
266.000	6512.663	34470.000
267.000	6512.665	34020.000
268.000	6512.667	33570.000
269.000	6512.670	36950.000
270.000	6512.672	37500.000
271.000	6512.675	38250.000
272.000	6512.677	37670.000
273.000	6512.680	39880.000
274.000	6512.682	41410.000
275.000	6512.685	42120.000
276.000	6512.687	43100.000
277.000	6512.690	44290.000
278.000	6512.693	47430.000
279.000	6512.695	46280.000
280.000	6512.698	47790.000
281.000	6512.700	48760.000
282.000	6512.703	51050.000
283.000	6512.705	51420.000
284.000	6512.708	51780.000
285.000	6512.710	52540.000
286.000	6512.712	56700.000
287.000	6512.715	54860.000
288.000	6512.717	57140.000
289.000	6512.720	58920.000
290.000	6512.722	59990.000
291.000	6512.725	61100.000
292.000	6512.727	60950.000
293.000	6512.730	61660.000
294.000	6512.733	62750.000
295.000	6512.735	67480.000
296.000	6512.738	71230.000
297.000	6512.740	70610.000
298.000	6512.743	71280.000
299.000	6512.745	70890.000
300.000	6512.748	72230.000
301.000	6512.750	75680.000
302.000	6512.752	74630.000
303.000	6512.755	76090.000
304.000	6512.757	77610.000
305.000	6512.760	81400.000
306.000	6512.762	79890.000
307.000	6512.765	84970.000
308.000	6512.767	86430.000
309.000	6512.770	88510.000
310.000	6512.773	86760.000
311.000	6512.775	90960.000
312.000	6512.778	93410.000
313.000	6512.780	93200.000
314.000	6512.783	93970.000
315.000	6512.785	93930.000
316.000	6512.788	95340.000
317.000	6512.790	100240.000
318.000	6512.792	100040.000
319.000	6512.795	103910.000
320.000	6512.797	105000.000
321.000	6512.800	106850.000
322.000	6512.802	106670.000
323.000	6512.805	109410.000
324.000	6512.807	107780.000
325.000	6512.810	107480.000
326.000	6512.812	112010.000
327.000	6512.815	116670.000
328.000	6512.818	115360.000
329.000	6512.820	121390.000
330.000	6512.823	121780.000
331.000	6512.825	123220.000
332.000	6512.828	124320.000
333.000	6512.830	124820.000
334.000	6512.833	128980.000
335.000	6512.835	129910.000
336.000	6512.837	130030.000
337.000	6512.840	133570.000
338.000	6512.842	135180.000
339.000	6512.845	138930.000
340.000	6512.847	134900.000
341.000	6512.850	139150.000
342.000	6512.852	146450.000
343.000	6512.855	142260.000
344.000	6512.858	145200.000
345.000	6512.860	142870.000
346.000	6512.863	146610.000
347.000	6512.865	148260.000
348.000	6512.868	150020.000
349.000	6512.870	151040.000
350.000	6512.873	157180.000
351.000	6512.875	155830.000
352.000	6512.877	152640.000
353.000	6512.880	157350.000
354.000	6512.882	158560.000
355.000	6512.885	159090.000
356.000	6512.887	162480.000
357.000	6512.890	164200.000
358.000	6512.892	167670.000
359.000	6512.895	164880.000
360.000	6512.898	163980.000
361.000	6512.900	168050.000
362.000	6512.903	167510.000
363.000	6512.905	166880.000
364.000	6512.908	171210.000
365.000	6512.910	175430.000
366.000	6512.913	173760.000
367.000	6512.915	174860.000
368.000	6512.917	171130.000
369.000	6512.920	170710.000
370.000	6512.922	175840.000
371.000	6512.925	177760.000
372.000	6512.927	179480.000
373.000	6512.930	180890.000
374.000	6512.932	182870.000
375.000	6512.935	183150.000
376.000	6512.937	183730.000
377.000	6512.940	180180.000
378.000	6512.943	186380.000
379.000	6512.945	185120.000
380.000	6512.948	187730.000
381.000	6512.950	186880.000
382.000	6512.953	185530.000
383.000	6512.955	185740.000
384.000	6512.958	185910.000
385.000	6512.960	186820.000
386.000	6512.962	186430.000
387.000	6512.965	189480.000
388.000	6512.967	188250.000
389.000	6512.970	186040.000
390.000	6512.972	187700.000
391.000	6512.975	187780.000
392.000	6512.977	190320.000
393.000	6512.980	188490.000
394.000	6512.983	184850.000
395.000	6512.985	188260.000
396.000	6512.988	184970.000
397.000	6512.990	188720.000
398.000	6512.993	183570.000
399.000	6512.995	188710.000
400.000	6512.998	187040.000
401.000	6513.000	184220.000
402.000	6513.002	185810.000
403.000	6513.005	187010.000
404.000	6513.007	185720.000
405.000	6513.010	188620.000
406.000	6513.012	185140.000
407.000	6513.015	185160.000
408.000	6513.017	186110.000
409.000	6513.020	182640.000
410.000	6513.023	184100.000
411.000	6513.025	182650.000
412.000	6513.028	183860.000
413.000	6513.030	181740.000
414.000	6513.033	181430.000
415.000	6513.035	179440.000
416.000	6513.038	179290.000
417.000	6513.040	178240.000
418.000	6513.042	178430.000
419.000	6513.045	175820.000
420.000	6513.047	175440.000
421.000	6513.050	171520.000
422.000	6513.052	172470.000
423.000	6513.055	172870.000
424.000	6513.057	167070.000
425.000	6513.060	166460.000
426.000	6513.062	165850.000
427.000	6513.065	167660.000
428.000	6513.068	165730.000
429.000	6513.070	166590.000
430.000	6513.073	162740.000
431.000	6513.075	163280.000
432.000	6513.078	162500.000
433.000	6513.080	161430.000
434.000	6513.083	157960.000
435.000	6513.085	157880.000
436.000	6513.087	159290.000
437.000	6513.090	153840.000
438.000	6513.092	151580.000
439.000	6513.095	152120.000
440.000	6513.097	151830.000
441.000	6513.100	149940.000
442.000	6513.102	146500.000
443.000	6513.105	146480.000
444.000	6513.108	146610.000
445.000	6513.110	143170.000
446.000	6513.113	140520.000
447.000	6513.115	135680.000
448.000	6513.118	138160.000
449.000	6513.120	134780.000
450.000	6513.123	133030.000
451.000	6513.125	132280.000
452.000	6513.127	131130.000
453.000	6513.130	132610.000
454.000	6513.132	127120.000
455.000	6513.135	128720.000
456.000	6513.137	126040.000
457.000	6513.140	123330.000
458.000	6513.142	120550.000
459.000	6513.145	119860.000
460.000	6513.148	120590.000
461.000	6513.150	117080.000
462.000	6513.153	114270.000
463.000	6513.155	112740.000
464.000	6513.158	113490.000
465.000	6513.160	111040.000
466.000	6513.163	105960.000
467.000	6513.165	104690.000
468.000	6513.167	105110.000
469.000	6513.170	99820.000
470.000	6513.172	100580.000
471.000	6513.175	95990.000
472.000	6513.177	94450.000
473.000	6513.180	97100.000
474.000	6513.182	92040.000
475.000	6513.185	93710.000
476.000	6513.187	93210.000
477.000	6513.190	87620.000
478.000	6513.193	84860.000
479.000	6513.195	84510.000
480.000	6513.198	82200.000
481.000	6513.200	82180.000
482.000	6513.203	78380.000
483.000	6513.205	76850.000
484.000	6513.208	76350.000
485.000	6513.210	74890.000
486.000	6513.212	71250.000
487.000	6513.215	72510.000
488.000	6513.217	71530.000
489.000	6513.220	68020.000
490.000	6513.222	65920.000
491.000	6513.225	65250.000
492.000	6513.227	63250.000
493.000	6513.230	62800.000
494.000	6513.233	61680.000
495.000	6513.235	59690.000
496.000	6513.238	57710.000
497.000	6513.240	56410.000
498.000	6513.243	54870.000
499.000	6513.245	52780.000
500.000	6513.248	54370.000
501.000	6513.250	52000.000
502.000	6513.252	50350.000
503.000	6513.255	47500.000
504.000	6513.257	48360.000
505.000	6513.260	47700.000
506.000	6513.262	46780.000
507.000	6513.265	44420.000
508.000	6513.267	44320.000
509.000	6513.270	42150.000
510.000	6513.273	40070.000
511.000	6513.275	39190.000
512.000	6513.278	39120.000
513.000	6513.280	37420.000
514.000	6513.283	37910.000
515.000	6513.285	36760.000
516.000	6513.288	36140.000
517.000	6513.290	35330.000
518.000	6513.292	34200.000
519.000	6513.295	33600.000
520.000	6513.297	31050.000
521.000	6513.300	31860.000
522.000	6513.302	31010.000
523.000	6513.305	29580.000
524.000	6513.307	30140.000
525.000	6513.310	28510.000
526.000	6513.312	27690.000
527.000	6513.315	27200.000
528.000	6513.318	27740.000
529.000	6513.320	26970.000
530.000	6513.323	25690.000
531.000	6513.325	25110.000
532.000	6513.328	25480.000
533.000	6513.330	23700.000
534.000	6513.333	21530.000
535.000	6513.335	21600.000
536.000	6513.337	21700.000
537.000	6513.340	21860.000
538.000	6513.342	20760.000
539.000	6513.345	20120.000
540.000	6513.347	20730.000
541.000	6513.350	19230.000
542.000	6513.352	19290.000
543.000	6513.355	18780.000
544.000	6513.358	18180.000
545.000	6513.360	17970.000
546.000	6513.363	16810.000
547.000	6513.365	16720.000
548.000	6513.368	16130.000
549.000	6513.370	15950.000
550.000	6513.373	15200.000
551.000	6513.375	15180.000
552.000	6513.377	14970.000
553.000	6513.380	14320.000
554.000	6513.382	14550.000
555.000	6513.385	13920.000
556.000	6513.387	13640.000
557.000	6513.390	13330.000
558.000	6513.392	12630.000
559.000	6513.395	13170.000
560.000	6513.398	12130.000
561.000	6513.400	11910.000
562.000	6513.403	11820.000
563.000	6513.405	11330.000
564.000	6513.408	11260.000
565.000	6513.410	10920.000
566.000	6513.413	9400.000
567.000	6513.415	10300.000
568.000	6513.417	10400.000
569.000	6513.420	10700.000
570.000	6513.422	9590.000
571.000	6513.425	9750.000
572.000	6513.427	10070.000
573.000	6513.430	9070.000
574.000	6513.432	8990.000
575.000	6513.435	8200.000
576.000	6513.437	8530.000
577.000	6513.440	7840.000
578.000	6513.443	8370.000
579.000	6513.445	8290.000
580.000	6513.448	7690.000
581.000	6513.450	7710.000
582.000	6513.453	7430.000
583.000	6513.455	7280.000
584.000	6513.458	6770.000
585.000	6513.460	7180.000
586.000	6513.462	6910.000
587.000	6513.465	6870.000
588.000	6513.467	6740.000
589.000	6513.470	6610.000
590.000	6513.472	6250.000
591.000	6513.475	6660.000
592.000	6513.477	6480.000
593.000	6513.480	6160.000
594.000	6513.483	5850.000
595.000	6513.485	5790.000
596.000	6513.488	5690.000
597.000	6513.490	6140.000
598.000	6513.493	5390.000
599.000	6513.495	5850.000
600.000	6513.498	5500.000
601.000	6513.500	5540.000
602.000	6513.502	5580.000
603.000	6513.505	5460.000
604.000	6513.507	5730.000
605.000	6513.510	5270.000
606.000	6513.512	5370.000
607.000	6513.515	4720.000
608.000	6513.517	4470.000
609.000	6513.520	4920.000
610.000	6513.523	4640.000
611.000	6513.525	5120.000
612.000	6513.528	4970.000
613.000	6513.530	5080.000
614.000	6513.533	4840.000
615.000	6513.535	4710.000
616.000	6513.538	4760.000
617.000	6513.540	4500.000
618.000	6513.542	4220.000
619.000	6513.545	4060.000
620.000	6513.547	4570.000
621.000	6513.550	4390.000
622.000	6513.552	4300.000
623.000	6513.555	3840.000
624.000	6513.557	4020.000
625.000	6513.560	3820.000
626.000	6513.562	4350.000
627.000	6513.565	4110.000
628.000	6513.568	3820.000
629.000	6513.570	4060.000
630.000	6513.573	3940.000
631.000	6513.575	3630.000
632.000	6513.578	3580.000
633.000	6513.580	4080.000
634.000	6513.583	3620.000
635.000	6513.585	3490.000
636.000	6513.587	3540.000
637.000	6513.590	3670.000
638.000	6513.592	3640.000
639.000	6513.595	3180.000
640.000	6513.597	3460.000
641.000	6513.600	3500.000
642.000	6513.602	3320.000
643.000	6513.605	3380.000
644.000	6513.608	3420.000
645.000	6513.610	3870.000
646.000	6513.613	3210.000
647.000	6513.615	3370.000
648.000	6513.618	3080.000
649.000	6513.620	2900.000
650.000	6513.623	3420.000
651.000	6513.625	3060.000
652.000	6513.627	3450.000
653.000	6513.630	2930.000
654.000	6513.632	3180.000
655.000	6513.635	2950.000
656.000	6513.637	3240.000
657.000	6513.640	3130.000
658.000	6513.642	2950.000
659.000	6513.645	3080.000
660.000	6513.648	3210.000
661.000	6513.650	2620.000
662.000	6513.653	2820.000
663.000	6513.655	2720.000
664.000	6513.658	2280.000
665.000	6513.660	2740.000
666.000	6513.663	3310.000
667.000	6513.665	2700.000
668.000	6513.667	2980.000
669.000	6513.670	2400.000
670.000	6513.672	2640.000
671.000	6513.675	2570.000
672.000	6513.677	2420.000
673.000	6513.680	2780.000
674.000	6513.682	2470.000
675.000	6513.685	2400.000
676.000	6513.687	2880.000
677.000	6513.690	2420.000
678.000	6513.693	2520.000
679.000	6513.695	2570.000
680.000	6513.698	2580.000
681.000	6513.700	2280.000
682.000	6513.703	2110.000
683.000	6513.705	2250.000
684.000	6513.708	2350.000
685.000	6513.710	2050.000
686.000	6513.712	2380.000
687.000	6513.715	2190.000
688.000	6513.717	2350.000
689.000	6513.720	2300.000
690.000	6513.722	2050.000
691.000	6513.725	2500.000
692.000	6513.727	2160.000
693.000	6513.730	1950.000
694.000	6513.733	1970.000
695.000	6513.735	2190.000
696.000	6513.738	2070.000
697.000	6513.740	2140.000
698.000	6513.743	1870.000
699.000	6513.745	2040.000
700.000	6513.748	1870.000
701.000	6513.750	1800.000
702.000	6513.752	1910.000
703.000	6513.755	2110.000
704.000	6513.757	1630.000
705.000	6513.760	1690.000
706.000	6513.762	1840.000
707.000	6513.765	1860.000
708.000	6513.767	1660.000
709.000	6513.770	1970.000
710.000	6513.773	1790.000
711.000	6513.775	1760.000
712.000	6513.778	1660.000
713.000	6513.780	1890.000
714.000	6513.783	1640.000
715.000	6513.785	1770.000
716.000	6513.788	1560.000
717.000	6513.790	1710.000
718.000	6513.792	1790.000
719.000	6513.795	1620.000
720.000	6513.797	1530.000
721.000	6513.800	1770.000
722.000	6513.802	1450.000
723.000	6513.805	1430.000
724.000	6513.807	1390.000
725.000	6513.810	1520.000
726.000	6513.812	1450.000
727.000	6513.815	1980.000
728.000	6513.818	1500.000
729.000	6513.820	1420.000
730.000	6513.823	1270.000
731.000	6513.825	1680.000
732.000	6513.828	1640.000
733.000	6513.830	1410.000
734.000	6513.833	1450.000
735.000	6513.835	1150.000
736.000	6513.837	1310.000
737.000	6513.840	1290.000
738.000	6513.842	1270.000
739.000	6513.845	1420.000
740.000	6513.847	1190.000
741.000	6513.850	1520.000
742.000	6513.852	1080.000
743.000	6513.855	1220.000
744.000	6513.858	1200.000
745.000	6513.860	1220.000
746.000	6513.863	1210.000
747.000	6513.865	1310.000
748.000	6513.868	1060.000
749.000	6513.870	1210.000
750.000	6513.873	1110.000
751.000	6513.875	1200.000
752.000	6513.877	1160.000
753.000	6513.880	1100.000
754.000	6513.882	1280.000
755.000	6513.885	890.000
756.000	6513.887	1160.000
757.000	6513.890	1260.000
758.000	6513.892	1270.000
759.000	6513.895	1230.000
760.000	6513.898	1140.000
761.000	6513.900	950.000
762.000	6513.903	1100.000
763.000	6513.905	1180.000
764.000	6513.908	1060.000
765.000	6513.910	1080.000
766.000	6513.913	980.000
767.000	6513.915	1030.000
768.000	6513.917	1160.000
769.000	6513.920	1240.000
770.000	6513.922	980.000
771.000	6513.925	1070.000
772.000	6513.927	1060.000
773.000	6513.930	980.000
774.000	6513.932	1040.000
775.000	6513.935	1100.000
776.000	6513.937	1090.000
777.000	6513.940	1290.000
778.000	6513.943	910.000
779.000	6513.945	1100.000
780.000	6513.948	990.000
781.000	6513.950	810.000
782.000	6513.953	940.000
783.000	6513.955	750.000
784.000	6513.958	1070.000
785.000	6513.960	1060.000
786.000	6513.962	860.000
787.000	6513.965	1040.000
788.000	6513.967	1030.000
789.000	6513.970	830.000
790.000	6513.972	840.000
791.000	6513.975	1050.000
792.000	6513.977	1010.000
793.000	6513.980	960.000
794.000	6513.983	1020.000
795.000	6513.985	980.000
796.000	6513.988	740.000
797.000	6513.990	800.000
798.000	6513.993	780.000
799.000	6513.995	1060.000
800.000	6513.998	840.000
801.000	6514.000	750.000
