1.000	6300.000	750.000
2.000	6301.000	460.000
3.000	6302.000	460.000
4.000	6303.000	360.000
5.000	6304.000	570.000
6.000	6305.000	340.000
7.000	6306.000	360.000
8.000	6307.000	510.000
9.000	6308.000	420.000
10.000	6309.000	510.000
11.000	6310.000	530.000
12.000	6311.000	360.000
13.000	6312.000	510.000
14.000	6313.000	510.000
15.000	6314.000	470.000
16.000	6315.000	1480.000
17.000	6316.000	420.000
18.000	6317.000	630.000
19.000	6318.000	560.000
20.000	6319.000	430.000
21.000	6320.000	470.000
22.000	6321.000	420.000
23.000	6322.000	350.000
24.000	6323.000	750.000
25.000	6324.000	680.000
26.000	6325.000	660.000
27.000	6326.000	480.000
28.000	6327.000	280.000
29.000	6328.000	510.000
30.000	6329.000	370.000
31.000	6330.000	750.000
32.000	6331.000	340.000
33.000	6332.000	530.000
34.000	6333.000	510.000
35.000	6334.000	350.000
36.000	6335.000	470.000
37.000	6336.000	350.000
38.000	6337.000	380.000
39.000	6338.000	470.000
40.000	6339.000	480.000
41.000	6340.000	290.000
42.000	6341.000	520.000
43.000	6342.000	380.000
44.000	6343.000	320.000
45.000	6344.000	240.000
46.000	6345.000	330.000
47.000	6346.000	580.000
48.000	6347.000	490.000
49.000	6348.000	390.000
50.000	6349.000	500.000
51.000	6350.000	430.000
52.000	6351.000	470.000
53.000	6352.000	500.000
54.000	6353.000	390.000
55.000	6354.000	460.000
56.000	6355.000	410.000
57.000	6356.000	500.000
58.000	6357.000	480.000
59.000	6358.000	260.000
60.000	6359.000	350.000
61.000	6360.000	400.000
62.000	6361.000	460.000
63.000	6362.000	480.000
64.000	6363.000	300.000
65.000	6364.000	550.000
66.000	6365.000	370.000
67.000	6366.000	390.000
68.000	6367.000	450.000
69.000	6368.000	420.000
70.000	6369.000	410.000
71.000	6370.000	460.000
72.000	6371.000	380.000
73.000	6372.000	420.000
74.000	6373.000	320.000
75.000	6374.000	480.000
76.000	6375.000	460.000
77.000	6376.000	330.000
78.000	6377.000	410.000
79.000	6378.000	290.000
80.000	6379.000	300.000
81.000	6380.000	940.000
82.000	6381.000	510.000
83.000	6382.000	360.000
84.000	6383.000	500.000
85.000	6384.000	280.000
86.000	6385.000	530.000
87.000	6386.000	390.000
88.000	6387.000	590.000
89.000	6388.000	390.000
90.000	6389.000	510.000
91.000	6390.000	410.000
92.000	6391.000	420.000
93.000	6392.000	460.000
94.000	6393.000	540.000
95.000	6394.000	410.000
96.000	6395.000	340.000
97.000	6396.000	280.000
98.000	6397.000	200.000
99.000	6398.000	400.000
100.000	6399.000	340.000
101.000	6400.000	320.000
102.000	6401.000	380.000
103.000	6402.000	490.000
104.000	6403.000	410.000
105.000	6404.000	360.000
106.000	6405.000	360.000
107.000	6406.000	420.000
108.000	6407.000	330.000
109.000	6408.000	430.000
110.000	6409.000	360.000
111.000	6410.000	300.000
112.000	6411.000	430.000
113.000	6412.000	410.000
114.000	6413.000	440.000
115.000	6414.000	360.000
116.000	6415.000	220.000
117.000	6416.000	310.000
118.000	6417.000	490.000
119.000	6418.000	370.000
120.000	6419.000	370.000
121.000	6420.000	550.000
122.000	6421.000	470.000
123.000	6422.000	390.000
124.000	6423.000	340.000
125.000	6424.000	380.000
126.000	6425.000	440.000
127.000	6426.000	420.000
128.000	6427.000	490.000
129.000	6428.000	330.000
130.000	6429.000	370.000
131.000	6430.000	320.000
132.000	6431.000	440.000
133.000	6432.000	370.000
134.000	6433.000	470.000
135.000	6434.000	350.000
136.000	6435.000	340.000
137.000	6436.000	400.000
138.000	6437.000	430.000
139.000	6438.000	380.000
140.000	6439.000	330.000
141.000	6440.000	400.000
142.000	6441.000	380.000
143.000	6442.000	390.000
144.000	6443.000	440.000
145.000	6444.000	370.000
146.000	6445.000	380.000
147.000	6446.000	340.000
148.000	6447.000	340.000
149.000	6448.000	340.000
150.000	6449.000	360.000
151.000	6450.000	390.000
152.000	6451.000	510.000
153.000	6452.000	620.000
154.000	6453.000	450.000
155.000	6454.000	420.000
156.000	6455.000	430.000
157.000	6456.000	370.000
158.000	6457.000	420.000
159.000	6458.000	440.000
160.000	6459.000	280.000
161.000	6460.000	360.000
162.000	6461.000	430.000
163.000	6462.000	350.000
164.000	6463.000	450.000
165.000	6464.000	440.000
166.000	6465.000	390.000
167.000	6466.000	300.000
168.000	6467.000	470.000
169.000	6468.000	380.000
170.000	6469.000	380.000
171.000	6470.000	420.000
172.000	6471.000	380.000
173.000	6472.000	480.000
174.000	6473.000	380.000
175.000	6474.000	490.000
176.000	6475.000	370.000
177.000	6476.000	350.000
178.000	6477.000	350.000
179.000	6478.000	610.000
180.000	6479.000	300.000
181.000	6480.000	480.000
182.000	6481.000	330.000
183.000	6482.000	420.000
184.000	6483.000	560.000
185.000	6484.000	290.000
186.000	6485.000	360.000
187.000	6486.000	340.000
188.000	6487.000	490.000
189.000	6488.000	250.000
190.000	6489.000	520.000
191.000	6490.000	380.000
192.000	6491.000	480.000
193.000	6492.000	400.000
194.000	6493.000	400.000
195.000	6494.000	390.000
196.000	6495.000	390.000
197.000	6496.000	370.000
198.000	6497.000	440.000
199.000	6498.000	450.000
200.000	6499.000	440.000
201.000	6500.000	390.000
202.000	6501.000	380.000
203.000	6502.000	390.000
204.000	6503.000	330.000
205.000	6504.000	440.000
206.000	6505.000	470.000
207.000	6506.000	430.000
208.000	6507.000	370.000
209.000	6508.000	420.000
210.000	6509.000	480.000
211.000	6510.000	490.000
212.000	6511.000	600.000
213.000	6512.000	1860.000
214.000	6513.000	34240.000
215.000	6514.000	990.000
216.000	6515.000	610.000
217.000	6516.000	660.000
218.000	6517.000	690.000
219.000	6518.000	440.000
220.000	6519.000	440.000
221.000	6520.000	640.000
222.000	6521.000	460.000
223.000	6522.000	620.000
224.000	6523.000	670.000
225.000	6524.000	410.000
226.000	6525.000	380.000
227.000	6526.000	340.000
228.000	6527.000	420.000
229.000	6528.000	280.000
230.000	6529.000	370.000
231.000	6530.000	300.000
232.000	6531.000	400.000
233.000	6532.000	490.000
234.000	6533.000	410.000
235.000	6534.000	450.000
236.000	6535.000	350.000
237.000	6536.000	400.000
238.000	6537.000	420.000
239.000	6538.000	400.000
240.000	6539.000	290.000
241.000	6540.000	450.000
242.000	6541.000	380.000
243.000	6542.000	440.000
244.000	6543.000	440.000
245.000	6544.000	410.000
246.000	6545.000	340.000
247.000	6546.000	320.000
248.000	6547.000	440.000
249.000	6548.000	520.000
250.000	6549.000	470.000
251.000	6550.000	460.000
252.000	6551.000	380.000
253.000	6552.000	340.000
254.000	6553.000	430.000
255.000	6554.000	400.000
256.000	6555.000	490.000
257.000	6556.000	440.000
258.000	6557.000	300.000
259.000	6558.000	420.000
260.000	6559.000	340.000
261.000	6560.000	400.000
262.000	6561.000	380.000
263.000	6562.000	350.000
264.000	6563.000	320.000
265.000	6564.000	360.000
266.000	6565.000	340.000
267.000	6566.000	490.000
268.000	6567.000	360.000
269.000	6568.000	370.000
270.000	6569.000	420.000
271.000	6570.000	450.000
272.000	6571.000	340.000
273.000	6572.000	570.000
274.000	6573.000	490.000
275.000	6574.000	330.000
276.000	6575.000	380.000
277.000	6576.000	300.000
278.000	6577.000	350.000
279.000	6578.000	540.000
280.000	6579.000	360.000
281.000	6580.000	590.000
282.000	6581.000	370.000
283.000	6582.000	560.000
284.000	6583.000	500.000
285.000	6584.000	300.000
286.000	6585.000	340.000
287.000	6586.000	520.000
288.000	6587.000	390.000
289.000	6588.000	390.000
290.000	6589.000	420.000
291.000	6590.000	340.000
292.000	6591.000	420.000
293.000	6592.000	380.000
294.000	6593.000	290.000
295.000	6594.000	450.000
296.000	6595.000	400.000
297.000	6596.000	320.000
298.000	6597.000	420.000
299.000	6598.000	470.000
300.000	6599.000	310.000
301.000	6600.000	390.000
302.000	6601.000	380.000
303.000	6602.000	410.000
304.000	6603.000	420.000
305.000	6604.000	380.000
306.000	6605.000	330.000
307.000	6606.000	430.000
308.000	6607.000	410.000
309.000	6608.000	320.000
310.000	6609.000	360.000
311.000	6610.000	380.000
312.000	6611.000	320.000
313.000	6612.000	260.000
314.000	6613.000	490.000
315.000	6614.000	400.000
316.000	6615.000	420.000
317.000	6616.000	390.000
318.000	6617.000	330.000
319.000	6618.000	420.000
320.000	6619.000	350.000
321.000	6620.000	490.000
322.000	6621.000	430.000
323.000	6622.000	470.000
324.000	6623.000	450.000
325.000	6624.000	440.000
326.000	6625.000	410.000
327.000	6626.000	430.000
328.000	6627.000	350.000
329.000	6628.000	360.000
330.000	6629.000	330.000
331.000	6630.000	360.000
332.000	6631.000	450.000
333.000	6632.000	440.000
334.000	6633.000	390.000
335.000	6634.000	360.000
336.000	6635.000	310.000
337.000	6636.000	470.000
338.000	6637.000	430.000
339.000	6638.000	360.000
340.000	6639.000	480.000
341.000	6640.000	510.000
342.000	6641.000	540.000
343.000	6642.000	370.000
344.000	6643.000	490.000
345.000	6644.000	490.000
346.000	6645.000	740.000
347.000	6646.000	480.000
348.000	6647.000	530.000
349.000	6648.000	550.000
350.000	6649.000	440.000
351.000	6650.000	600.000
352.000	6651.000	320.000
353.000	6652.000	520.000
354.000	6653.000	430.000
355.000	6654.000	270.000
356.000	6655.000	330.000
357.000	6656.000	560.000
358.000	6657.000	390.000
359.000	6658.000	390.000
360.000	6659.000	360.000
361.000	6660.000	340.000
362.000	6661.000	350.000
363.000	6662.000	610.000
364.000	6663.000	540.000
365.000	6664.000	440.000
366.000	6665.000	460.000
367.000	6666.000	410.000
368.000	6667.000	410.000
369.000	6668.000	530.000
370.000	6669.000	290.000
371.000	6670.000	510.000
372.000	6671.000	480.000
373.000	6672.000	500.000
374.000	6673.000	290.000
375.000	6674.000	560.000
376.000	6675.000	380.000
377.000	6676.000	320.000
378.000	6677.000	530.000
379.000	6678.000	530.000
380.000	6679.000	450.000
381.000	6680.000	390.000
382.000	6681.000	480.000
383.000	6682.000	320.000
384.000	6683.000	340.000
385.000	6684.000	320.000
386.000	6685.000	420.000
387.000	6686.000	500.000
388.000	6687.000	320.000
389.000	6688.000	310.000
390.000	6689.000	350.000
391.000	6690.000	440.000
392.000	6691.000	500.000
393.000	6692.000	460.000
394.000	6693.000	360.000
395.000	6694.000	390.000
396.000	6695.000	440.000
397.000	6696.000	460.000
398.000	6697.000	450.000
399.000	6698.000	300.000
400.000	6699.000	390.000
401.000	6700.000	310.000
