1.000	6512.000	290.000
2.000	6512.002	290.000
3.000	6512.005	360.000
4.000	6512.007	420.000
5.000	6512.010	270.000
6.000	6512.012	300.000
7.000	6512.015	360.000
8.000	6512.017	380.000
9.000	6512.020	480.000
10.000	6512.023	390.000
11.000	6512.025	460.000
12.000	6512.028	300.000
13.000	6512.030	510.000
14.000	6512.033	260.000
15.000	6512.035	480.000
16.000	6512.038	390.000
17.000	6512.040	440.000
18.000	6512.042	390.000
19.000	6512.045	280.000
20.000	6512.047	360.000
21.000	6512.050	340.000
22.000	6512.052	450.000
23.000	6512.055	570.000
24.000	6512.057	420.000
25.000	6512.060	500.000
26.000	6512.062	470.000
27.000	6512.065	400.000
28.000	6512.068	370.000
29.000	6512.070	430.000
30.000	6512.073	360.000
31.000	6512.075	330.000
32.000	6512.078	350.000
33.000	6512.080	560.000
34.000	6512.083	390.000
35.000	6512.085	390.000
36.000	6512.087	330.000
37.000	6512.090	560.000
38.000	6512.092	390.000
39.000	6512.095	360.000
40.000	6512.097	520.000
41.000	6512.100	520.000
42.000	6512.102	350.000
43.000	6512.105	570.000
44.000	6512.108	460.000
45.000	6512.110	350.000
46.000	6512.113	340.000
47.000	6512.115	360.000
48.000	6512.118	460.000
49.000	6512.120	360.000
50.000	6512.123	430.000
51.000	6512.125	420.000
52.000	6512.127	500.000
53.000	6512.130	420.000
54.000	6512.132	390.000
55.000	6512.135	400.000
56.000	6512.137	410.000
57.000	6512.140	460.000
58.000	6512.142	480.000
59.000	6512.145	340.000
60.000	6512.148	350.000
61.000	6512.150	310.000
62.000	6512.153	440.000
63.000	6512.155	350.000
64.000	6512.158	380.000
65.000	6512.160	460.000
66.000	6512.163	370.000
67.000	6512.165	520.000
68.000	6512.167	490.000
69.000	6512.170	440.000
70.000	6512.172	470.000
71.000	6512.175	390.000
72.000	6512.177	390.000
73.000	6512.180	380.000
74.000	6512.182	430.000
75.000	6512.185	420.000
76.000	6512.187	520.000
77.000	6512.190	470.000
78.000	6512.193	440.000
79.000	6512.195	450.000
80.000	6512.198	530.000
81.000	6512.200	530.000
82.000	6512.203	530.000
83.000	6512.205	430.000
84.000	6512.208	410.000
85.000	6512.210	710.000
86.000	6512.212	440.000
87.000	6512.215	520.000
88.000	6512.217	470.000
89.000	6512.220	620.000
90.000	6512.222	370.000
91.000	6512.225	380.000
92.000	6512.227	390.000
93.000	6512.230	520.000
94.000	6512.233	520.000
95.000	6512.235	450.000
96.000	6512.238	530.000
97.000	6512.240	520.000
98.000	6512.243	670.000
99.000	6512.245	500.000
100.000	6512.248	580.000
101.000	6512.250	350.000
102.000	6512.252	550.000
103.000	6512.255	480.000
104.000	6512.257	610.000
105.000	6512.260	480.000
106.000	6512.262	390.000
107.000	6512.265	620.000
108.000	6512.267	510.000
109.000	6512.270	600.000
110.000	6512.273	570.000
111.000	6512.275	560.000
112.000	6512.278	390.000
113.000	6512.280	450.000
114.000	6512.283	490.000
115.000	6512.285	520.000
116.000	6512.288	540.000
117.000	6512.290	580.000
118.000	6512.292	600.000
119.000	6512.295	660.000
120.000	6512.297	380.000
121.000	6512.300	530.000
122.000	6512.302	360.000
123.000	6512.305	490.000
124.000	6512.307	680.000
125.000	6512.310	500.000
126.000	6512.312	500.000
127.000	6512.315	510.000
128.000	6512.318	600.000
129.000	6512.320	510.000
130.000	6512.323	570.000
131.000	6512.325	550.000
132.000	6512.328	430.000
133.000	6512.330	550.000
134.000	6512.333	510.000
135.000	6512.335	410.000
136.000	6512.337	520.000
137.000	6512.340	600.000
138.000	6512.342	630.000
139.000	6512.345	460.000
140.000	6512.347	680.000
141.000	6512.350	640.000
142.000	6512.352	600.000
143.000	6512.355	570.000
144.000	6512.358	540.000
145.000	6512.360	560.000
146.000	6512.363	700.000
147.000	6512.365	600.000
148.000	6512.368	520.000
149.000	6512.370	660.000
150.000	6512.373	560.000
151.000	6512.375	700.000
152.000	6512.377	580.000
153.000	6512.380	510.000
154.000	6512.382	660.000
155.000	6512.385	740.000
156.000	6512.387	480.000
157.000	6512.390	560.000
158.000	6512.392	380.000
159.000	6512.395	700.000
160.000	6512.398	770.000
161.000	6512.400	510.000
162.000	6512.403	620.000
163.000	6512.405	420.000
164.000	6512.408	540.000
165.000	6512.410	780.000
166.000	6512.413	480.000
167.000	6512.415	550.000
168.000	6512.417	500.000
169.000	6512.420	650.000
170.000	6512.422	580.000
171.000	6512.425	520.000
172.000	6512.427	550.000
173.000	6512.430	560.000
174.000	6512.432	670.000
175.000	6512.435	690.000
176.000	6512.437	600.000
177.000	6512.440	580.000
178.000	6512.443	620.000
179.000	6512.445	770.000
180.000	6512.448	600.000
181.000	6512.450	630.000
182.000	6512.453	640.000
183.000	6512.455	690.000
184.000	6512.458	500.000
185.000	6512.460	710.000
186.000	6512.462	600.000
187.000	6512.465	720.000
188.000	6512.467	710.000
189.000	6512.470	540.000
190.000	6512.472	650.000
191.000	6512.475	710.000
192.000	6512.477	630.000
193.000	6512.480	630.000
194.000	6512.483	780.000
195.000	6512.485	810.000
196.000	6512.488	760.000
197.000	6512.490	580.000
198.000	6512.493	790.000
199.000	6512.495	880.000
200.000	6512.498	760.000
201.000	6512.500	700.000
202.000	6512.502	740.000
203.000	6512.505	800.000
204.000	6512.507	790.000
205.000	6512.510	680.000
206.000	6512.512	940.000
207.000	6512.515	730.000
208.000	6512.517	700.000
209.000	6512.520	680.000
210.000	6512.523	1020.000
211.000	6512.525	890.000
212.000	6512.528	680.000
213.000	6512.530	790.000
214.000	6512.533	700.000
215.000	6512.535	730.000
216.000	6512.538	810.000
217.000	6512.540	850.000
218.000	6512.542	880.000
219.000	6512.545	1130.000
220.000	6512.547	830.000
221.000	6512.550	940.000
222.000	6512.552	960.000
223.000	6512.555	780.000
224.000	6512.557	1060.000
225.000	6512.560	920.000
226.000	6512.562	990.000
227.000	6512.565	940.000
228.000	6512.568	740.000
229.000	6512.570	910.000
230.000	6512.573	870.000
231.000	6512.575	890.000
232.000	6512.578	1060.000
233.000	6512.580	930.000
234.000	6512.583	960.000
235.000	6512.585	950.000
236.000	6512.587	880.000
237.000	6512.590	890.000
238.000	6512.592	920.000
239.000	6512.595	1100.000
240.000	6512.597	1130.000
241.000	6512.600	810.000
242.000	6512.602	1090.000
243.000	6512.605	1350.000
244.000	6512.608	1140.000
245.000	6512.610	1160.000
246.000	6512.613	1320.000
247.000	6512.615	1180.000
248.000	6512.618	1150.000
249.000	6512.620	1200.000
250.000	6512.623	1370.000
251.000	6512.625	1440.000
252.000	6512.627	1410.000
253.000	6512.630	1500.000
254.000	6512.632	1320.000
255.000	6512.635	1380.000
256.000	6512.637	1330.000
257.000	6512.640	1530.000
258.000	6512.642	1240.000
259.000	6512.645	1540.000
260.000	6512.648	1440.000
261.000	6512.650	1600.000
262.000	6512.653	1620.000
263.000	6512.655	1530.000
264.000	6512.658	1780.000
265.000	6512.660	1930.000
266.000	6512.663	1950.000
267.000	6512.665	1740.000
268.000	6512.667	1740.000
269.000	6512.670	1650.000
270.000	6512.672	2140.000
271.000	6512.675	1840.000
272.000	6512.677	1870.000
273.000	6512.680	1830.000
274.000	6512.682	2010.000
275.000	6512.685	2080.000
276.000	6512.687	2480.000
277.000	6512.690	2320.000
278.000	6512.693	2180.000
279.000	6512.695	2540.000
280.000	6512.698	2160.000
281.000	6512.700	2530.000
282.000	6512.703	2700.000
283.000	6512.705	2570.000
284.000	6512.708	2630.000
285.000	6512.710	2430.000
286.000	6512.712	3080.000
287.000	6512.715	3040.000
288.000	6512.717	3110.000
289.000	6512.720	3230.000
290.000	6512.722	2960.000
291.000	6512.725	3530.000
292.000	6512.727	3400.000
293.000	6512.730	3610.000
294.000	6512.733	2990.000
295.000	6512.735	3650.000
296.000	6512.738	4160.000
297.000	6512.740	4040.000
298.000	6512.743	3640.000
299.000	6512.745	4140.000
300.000	6512.748	4080.000
301.000	6512.750	4360.000
302.000	6512.752	4000.000
303.000	6512.755	4440.000
304.000	6512.757	4510.000
305.000	6512.760	4600.000
306.000	6512.762	5090.000
307.000	6512.765	4800.000
308.000	6512.767	5100.000
309.000	6512.770	5230.000
310.000	6512.773	5690.000
311.000	6512.775	6060.000
312.000	6512.778	5630.000
313.000	6512.780	6180.000
314.000	6512.783	5440.000
315.000	6512.785	6260.000
316.000	6512.788	5960.000
317.000	6512.790	6040.000
318.000	6512.792	6530.000
319.000	6512.795	6790.000
320.000	6512.797	7620.000
321.000	6512.800	7760.000
322.000	6512.802	7240.000
323.000	6512.805	8020.000
324.000	6512.807	7580.000
325.000	6512.810	7710.000
326.000	6512.812	8310.000
327.000	6512.815	8500.000
328.000	6512.818	8170.000
329.000	6512.820	8460.000
330.000	6512.823	9080.000
331.000	6512.825	9070.000
332.000	6512.828	8290.000
333.000	6512.830	8830.000
334.000	6512.833	9880.000
335.000	6512.835	10050.000
336.000	6512.837	10160.000
337.000	6512.840	10020.000
338.000	6512.842	9560.000
339.000	6512.845	10500.000
340.000	6512.847	10470.000
341.000	6512.850	11430.000
342.000	6512.852	11450.000
343.000	6512.855	10880.000
344.000	6512.858	10810.000
345.000	6512.860	11680.000
346.000	6512.863	11410.000
347.000	6512.865	12050.000
348.000	6512.868	11160.000
349.000	6512.870	12320.000
350.000	6512.873	11980.000
351.000	6512.875	12910.000
352.000	6512.877	12900.000
353.000	6512.880	13270.000
354.000	6512.882	13650.000
355.000	6512.885	13460.000
356.000	6512.887	13590.000
357.000	6512.890	13840.000
358.000	6512.892	14420.000
359.000	6512.895	14230.000
360.000	6512.898	14300.000
361.000	6512.900	14510.000
362.000	6512.903	14450.000
363.000	6512.905	14040.000
364.000	6512.908	14830.000
365.000	6512.910	15310.000
366.000	6512.913	15200.000
367.000	6512.915	14860.000
368.000	6512.917	15390.000
369.000	6512.920	14760.000
370.000	6512.922	14930.000
371.000	6512.925	15950.000
372.000	6512.927	16400.000
373.000	6512.930	15680.000
374.000	6512.932	16240.000
375.000	6512.935	16840.000
376.000	6512.937	15940.000
377.000	6512.940	16290.000
378.000	6512.943	17230.000
379.000	6512.945	17010.000
380.000	6512.948	15550.000
381.000	6512.950	17120.000
382.000	6512.953	16320.000
383.000	6512.955	16330.000
384.000	6512.958	18590.000
385.000	6512.960	16940.000
386.000	6512.962	16530.000
387.000	6512.965	17250.000
388.000	6512.967	17260.000
389.000	6512.970	16800.000
390.000	6512.972	16890.000
391.000	6512.975	17300.000
392.000	6512.977	17080.000
393.000	6512.980	16790.000
394.000	6512.983	16680.000
395.000	6512.985	17330.000
396.000	6512.988	16320.000
397.000	6512.990	18400.000
398.000	6512.993	16660.000
399.000	6512.995	17470.000
400.000	6512.998	17230.000
401.000	6513.000	17460.000
402.000	6513.002	17710.000
403.000	6513.005	17870.000
404.000	6513.007	17750.000
405.000	6513.010	17020.000
406.000	6513.012	17240.000
407.000	6513.015	17470.000
408.000	6513.017	16290.000
409.000	6513.020	15930.000
410.000	6513.023	16730.000
411.000	6513.025	16550.000
412.000	6513.028	16410.000
413.000	6513.030	16540.000
414.000	6513.033	16300.000
415.000	6513.035	15880.000
416.000	6513.038	16410.000
417.000	6513.040	15060.000
418.000	6513.042	16680.000
419.000	6513.045	16050.000
420.000	6513.047	16110.000
421.000	6513.050	14980.000
422.000	6513.052	14890.000
423.000	6513.055	15340.000
424.000	6513.057	15620.000
425.000	6513.060	15590.000
426.000	6513.062	14510.000
427.000	6513.065	15040.000
428.000	6513.068	14420.000
429.000	6513.070	13830.000
430.000	6513.073	13690.000
431.000	6513.075	13300.000
432.000	6513.078	13860.000
433.000	6513.080	13100.000
434.000	6513.083	12980.000
435.000	6513.085	12390.000
436.000	6513.087	13020.000
437.000	6513.090	12230.000
438.000	6513.092	11890.000
439.000	6513.095	11290.000
440.000	6513.097	11940.000
441.000	6513.100	11130.000
442.000	6513.102	11000.000
443.000	6513.105	10110.000
444.000	6513.108	11510.000
445.000	6513.110	10560.000
446.000	6513.113	10780.000
447.000	6513.115	9820.000
448.000	6513.118	10220.000
449.000	6513.120	10110.000
450.000	6513.123	10470.000
451.000	6513.125	9870.000
452.000	6513.127	9860.000
453.000	6513.130	8930.000
454.000	6513.132	8970.000
455.000	6513.135	8910.000
456.000	6513.137	9610.000
457.000	6513.140	8640.000
458.000	6513.142	8280.000
459.000	6513.145	8000.000
460.000	6513.148	8590.000
461.000	6513.150	7830.000
462.000	6513.153	7560.000
463.000	6513.155	7080.000
464.000	6513.158	7480.000
465.000	6513.160	6870.000
466.000	6513.163	7040.000
467.000	6513.165	6720.000
468.000	6513.167	6730.000
469.000	6513.170	6260.000
470.000	6513.172	6100.000
471.000	6513.175	5520.000
472.000	6513.177	5440.000
473.000	6513.180	5590.000
474.000	6513.182	5750.000
475.000	6513.185	5150.000
476.000	6513.187	5790.000
477.000	6513.190	5420.000
478.000	6513.193	4960.000
479.000	6513.195	4620.000
480.000	6513.198	4730.000
481.000	6513.200	4520.000
482.000	6513.203	4700.000
483.000	6513.205	4100.000
484.000	6513.208	4090.000
485.000	6513.210	4130.000
486.000	6513.212	4100.000
487.000	6513.215	3590.000
488.000	6513.217	3910.000
489.000	6513.220	3850.000
490.000	6513.222	3250.000
491.000	6513.225	3310.000
492.000	6513.227	3200.000
493.000	6513.230	3290.000
494.000	6513.233	3250.000
495.000	6513.235	3000.000
496.000	6513.238	2930.000
497.000	6513.240	3040.000
498.000	6513.243	2800.000
499.000	6513.245	2400.000
500.000	6513.248	2740.000
501.000	6513.250	2410.000
502.000	6513.252	2690.000
503.000	6513.255	2640.000
504.000	6513.257	2270.000
505.000	6513.260	2350.000
506.000	6513.262	2550.000
507.000	6513.265	2130.000
508.000	6513.267	2330.000
509.000	6513.270	2010.000
510.000	6513.273	1770.000
511.000	6513.275	2060.000
512.000	6513.278	1940.000
513.000	6513.280	1970.000
514.000	6513.283	1800.000
515.000	6513.285	1750.000
516.000	6513.288	1870.000
517.000	6513.290	1700.000
518.000	6513.292	1700.000
519.000	6513.295	1810.000
520.000	6513.297	1720.000
521.000	6513.300	1650.000
522.000	6513.302	1810.000
523.000	6513.305	1650.000
524.000	6513.307	1520.000
525.000	6513.310	1340.000
526.000	6513.312	1150.000
527.000	6513.315	1400.000
528.000	6513.318	1310.000
529.000	6513.320	1470.000
530.000	6513.323	1550.000
531.000	6513.325	1070.000
532.000	6513.328	1210.000
533.000	6513.330	1420.000
534.000	6513.333	1280.000
535.000	6513.335	1230.000
536.000	6513.337	1130.000
537.000	6513.340	980.000
538.000	6513.342	950.000
539.000	6513.345	1220.000
540.000	6513.347	1260.000
541.000	6513.350	980.000
542.000	6513.352	1120.000
543.000	6513.355	850.000
544.000	6513.358	1100.000
545.000	6513.360	1020.000
546.000	6513.363	1020.000
547.000	6513.365	1160.000
548.000	6513.368	1160.000
549.000	6513.370	870.000
550.000	6513.373	1030.000
551.000	6513.375	780.000
552.000	6513.377	1070.000
553.000	6513.380	930.000
554.000	6513.382	900.000
555.000	6513.385	920.000
556.000	6513.387	860.000
557.000	6513.390	860.000
558.000	6513.392	880.000
559.000	6513.395	770.000
560.000	6513.398	890.000
561.000	6513.400	650.000
562.000	6513.403	720.000
563.000	6513.405	880.000
564.000	6513.408	750.000
565.000	6513.410	990.000
566.000	6513.413	860.000
567.000	6513.415	850.000
568.000	6513.417	760.000
569.000	6513.420	830.000
570.000	6513.422	820.000
571.000	6513.425	780.000
572.000	6513.427	630.000
573.000	6513.430	770.000
574.000	6513.432	800.000
575.000	6513.435	570.000
576.000	6513.437	840.000
577.000	6513.440	700.000
578.000	6513.443	860.000
579.000	6513.445	830.000
580.000	6513.448	720.000
581.000	6513.450	590.000
582.000	6513.453	720.000
583.000	6513.455	560.000
584.000	6513.458	610.000
585.000	6513.460	890.000
586.000	6513.462	780.000
587.000	6513.465	640.000
588.000	6513.467	680.000
589.000	6513.470	600.000
590.000	6513.472	510.000
591.000	6513.475	750.000
592.000	6513.477	790.000
593.000	6513.480	850.000
594.000	6513.483	710.000
595.000	6513.485	690.000
596.000	6513.488	440.000
597.000	6513.490	590.000
598.000	6513.493	620.000
599.000	6513.495	780.000
600.000	6513.498	570.000
601.000	6513.500	550.000
602.000	6513.502	730.000
603.000	6513.505	660.000
604.000	6513.507	750.000
605.000	6513.510	740.000
606.000	6513.512	700.000
607.000	6513.515	660.000
608.000	6513.517	560.000
609.000	6513.520	640.000
610.000	6513.523	570.000
611.000	6513.525	550.000
612.000	6513.528	460.000
613.000	6513.530	540.000
614.000	6513.533	630.000
615.000	6513.535	620.000
616.000	6513.538	690.000
617.000	6513.540	660.000
618.000	6513.542	640.000
619.000	6513.545	520.000
620.000	6513.547	640.000
621.000	6513.550	540.000
622.000	6513.552	380.000
623.000	6513.555	500.000
624.000	6513.557	520.000
625.000	6513.560	540.000
626.000	6513.562	450.000
627.000	6513.565	590.000
628.000	6513.568	480.000
629.000	6513.570	510.000
630.000	6513.573	390.000
631.000	6513.575	480.000
632.000	6513.578	610.000
633.000	6513.580	590.000
634.000	6513.583	490.000
635.000	6513.585	500.000
636.000	6513.587	660.000
637.000	6513.590	690.000
638.000	6513.592	380.000
639.000	6513.595	390.000
640.000	6513.597	370.000
641.000	6513.600	580.000
642.000	6513.602	350.000
643.000	6513.605	510.000
644.000	6513.608	420.000
645.000	6513.610	650.000
646.000	6513.613	560.000
647.000	6513.615	620.000
648.000	6513.618	510.000
649.000	6513.620	410.000
650.000	6513.623	470.000
651.000	6513.625	550.000
652.000	6513.627	480.000
653.000	6513.630	440.000
654.000	6513.632	330.000
655.000	6513.635	510.000
656.000	6513.637	520.000
657.000	6513.640	400.000
658.000	6513.642	490.000
659.000	6513.645	550.000
660.000	6513.648	360.000
661.000	6513.650	520.000
662.000	6513.653	410.000
663.000	6513.655	510.000
664.000	6513.658	460.000
665.000	6513.660	390.000
666.000	6513.663	480.000
667.000	6513.665	400.000
668.000	6513.667	520.000
669.000	6513.670	370.000
670.000	6513.672	490.000
671.000	6513.675	460.000
672.000	6513.677	590.000
673.000	6513.680	310.000
674.000	6513.682	380.000
675.000	6513.685	480.000
676.000	6513.687	420.000
677.000	6513.690	530.000
678.000	6513.693	460.000
679.000	6513.695	600.000
680.000	6513.698	540.000
681.000	6513.700	450.000
682.000	6513.703	360.000
683.000	6513.705	480.000
684.000	6513.708	390.000
685.000	6513.710	440.000
686.000	6513.712	340.000
687.000	6513.715	440.000
688.000	6513.717	440.000
689.000	6513.720	430.000
690.000	6513.722	370.000
691.000	6513.725	490.000
692.000	6513.727	290.000
693.000	6513.730	500.000
694.000	6513.733	430.000
695.000	6513.735	350.000
696.000	6513.738	460.000
697.000	6513.740	420.000
698.000	6513.743	530.000
699.000	6513.745	420.000
700.000	6513.748	530.000
701.000	6513.750	400.000
702.000	6513.752	350.000
703.000	6513.755	440.000
704.000	6513.757	370.000
705.000	6513.760	380.000
706.000	6513.762	450.000
707.000	6513.765	480.000
708.000	6513.767	480.000
709.000	6513.770	360.000
710.000	6513.773	390.000
711.000	6513.775	440.000
712.000	6513.778	370.000
713.000	6513.780	350.000
714.000	6513.783	490.000
715.000	6513.785	490.000
716.000	6513.788	540.000
717.000	6513.790	450.000
718.000	6513.792	400.000
719.000	6513.795	410.000
720.000	6513.797	470.000
721.000	6513.800	510.000
722.000	6513.802	380.000
723.000	6513.805	480.000
724.000	6513.807	350.000
725.000	6513.810	420.000
726.000	6513.812	270.000
727.000	6513.815	380.000
728.000	6513.818	330.000
729.000	6513.820	440.000
730.000	6513.823	350.000
731.000	6513.825	430.000
732.000	6513.828	390.000
733.000	6513.830	400.000
734.000	6513.833	390.000
735.000	6513.835	430.000
736.000	6513.837	350.000
737.000	6513.840	530.000
738.000	6513.842	370.000
739.000	6513.845	380.000
740.000	6513.847	450.000
741.000	6513.850	420.000
742.000	6513.852	320.000
743.000	6513.855	340.000
744.000	6513.858	370.000
745.000	6513.860	430.000
746.000	6513.863	320.000
747.000	6513.865	400.000
748.000	6513.868	370.000
749.000	6513.870	390.000
750.000	6513.873	400.000
751.000	6513.875	300.000
752.000	6513.877	410.000
753.000	6513.880	360.000
754.000	6513.882	440.000
755.000	6513.885	510.000
756.000	6513.887	580.000
757.000	6513.890	450.000
758.000	6513.892	490.000
759.000	6513.895	390.000
760.000	6513.898	340.000
761.000	6513.900	270.000
762.000	6513.903	430.000
763.000	6513.905	430.000
764.000	6513.908	410.000
765.000	6513.910	350.000
766.000	6513.913	360.000
767.000	6513.915	360.000
768.000	6513.917	520.000
769.000	6513.920	390.000
770.000	6513.922	440.000
771.000	6513.925	280.000
772.000	6513.927	380.000
773.000	6513.930	460.000
774.000	6513.932	320.000
775.000	6513.935	370.000
776.000	6513.937	340.000
777.000	6513.940	380.000
778.000	6513.943	470.000
779.000	6513.945	330.000
780.000	6513.948	340.000
781.000	6513.950	410.000
782.000	6513.953	300.000
783.000	6513.955	540.000
784.000	6513.958	350.000
785.000	6513.960	210.000
786.000	6513.962	370.000
787.000	6513.965	370.000
788.000	6513.967	380.000
789.000	6513.970	460.000
790.000	6513.972	390.000
791.000	6513.975	430.000
792.000	6513.977	480.000
793.000	6513.980	460.000
794.000	6513.983	300.000
795.000	6513.985	370.000
796.000	6513.988	410.000
797.000	6513.990	350.000
798.000	6513.993	310.000
799.000	6513.995	330.000
800.000	6513.998	450.000
801.000	6514.000	390.000
