1.000	6512.000	932.000
2.000	6512.002	918.000
3.000	6512.005	872.000
4.000	6512.007	902.000
5.000	6512.010	998.000
6.000	6512.012	928.000
7.000	6512.015	984.000
8.000	6512.017	858.000
9.000	6512.020	904.000
10.000	6512.023	902.000
11.000	6512.025	960.000
12.000	6512.028	834.000
13.000	6512.030	872.000
14.000	6512.033	948.000
15.000	6512.035	886.000
16.000	6512.038	908.000
17.000	6512.040	970.000
18.000	6512.042	930.000
19.000	6512.045	932.000
20.000	6512.047	922.000
21.000	6512.050	914.000
22.000	6512.052	956.000
23.000	6512.055	886.000
24.000	6512.057	952.000
25.000	6512.060	932.000
26.000	6512.062	930.000
27.000	6512.065	954.000
28.000	6512.068	948.000
29.000	6512.070	880.000
30.000	6512.073	922.000
31.000	6512.075	964.000
32.000	6512.078	954.000
33.000	6512.080	990.000
34.000	6512.083	1016.000
35.000	6512.085	936.000
36.000	6512.087	1056.000
37.000	6512.090	970.000
38.000	6512.092	1026.000
39.000	6512.095	902.000
40.000	6512.097	1022.000
41.000	6512.100	1034.000
42.000	6512.102	1024.000
43.000	6512.105	904.000
44.000	6512.108	930.000
45.000	6512.110	1014.000
46.000	6512.113	1038.000
47.000	6512.115	1038.000
48.000	6512.118	994.000
49.000	6512.120	1104.000
50.000	6512.123	1022.000
51.000	6512.125	988.000
52.000	6512.127	1068.000
53.000	6512.130	1086.000
54.000	6512.132	1012.000
55.000	6512.135	966.000
56.000	6512.137	1078.000
57.000	6512.140	1136.000
58.000	6512.142	1136.000
59.000	6512.145	1090.000
60.000	6512.148	1138.000
61.000	6512.150	1082.000
62.000	6512.153	1314.000
63.000	6512.155	1210.000
64.000	6512.158	1186.000
65.000	6512.160	1134.000
66.000	6512.163	1268.000
67.000	6512.165	1168.000
68.000	6512.167	1220.000
69.000	6512.170	1196.000
70.000	6512.172	1210.000
71.000	6512.175	1226.000
72.000	6512.177	1238.000
73.000	6512.180	1244.000
74.000	6512.182	1364.000
75.000	6512.185	1238.000
76.000	6512.187	1302.000
77.000	6512.190	1412.000
78.000	6512.193	1334.000
79.000	6512.195	1272.000
80.000	6512.198	1382.000
81.000	6512.200	1354.000
82.000	6512.203	1426.000
83.000	6512.205	1476.000
84.000	6512.208	1514.000
85.000	6512.210	1342.000
86.000	6512.212	1432.000
87.000	6512.215	1464.000
88.000	6512.217	1254.000
89.000	6512.220	1450.000
90.000	6512.222	1472.000
91.000	6512.225	1458.000
92.000	6512.227	1420.000
93.000	6512.230	1540.000
94.000	6512.233	1408.000
95.000	6512.235	1460.000
96.000	6512.238	1554.000
97.000	6512.240	1468.000
98.000	6512.243	1616.000
99.000	6512.245	1712.000
100.000	6512.248	1544.000
101.000	6512.250	1560.000
102.000	6512.252	1622.000
103.000	6512.255	1536.000
104.000	6512.257	1462.000
105.000	6512.260	1550.000
106.000	6512.262	1548.000
107.000	6512.265	1594.000
108.000	6512.267	1644.000
109.000	6512.270	1646.000
110.000	6512.273	1610.000
111.000	6512.275	1644.000
112.000	6512.278	1620.000
113.000	6512.280	1638.000
114.000	6512.283	1760.000
115.000	6512.285	1728.000
116.000	6512.288	1754.000
117.000	6512.290	1600.000
118.000	6512.292	1842.000
119.000	6512.295	1812.000
120.000	6512.297	1840.000
121.000	6512.300	1806.000
122.000	6512.302	1886.000
123.000	6512.305	1834.000
124.000	6512.307	1766.000
125.000	6512.310	1912.000
126.000	6512.312	1972.000
127.000	6512.315	1976.000
128.000	6512.318	1958.000
129.000	6512.320	2096.000
130.000	6512.323	1946.000
131.000	6512.325	1938.000
132.000	6512.328	1968.000
133.000	6512.330	2100.000
134.000	6512.333	2078.000
135.000	6512.335	2142.000
136.000	6512.337	2094.000
137.000	6512.340	2150.000
138.000	6512.342	2110.000
139.000	6512.345	2220.000
140.000	6512.347	2200.000
141.000	6512.350	2288.000
142.000	6512.352	2418.000
143.000	6512.355	2340.000
144.000	6512.358	2492.000
145.000	6512.360	2494.000
146.000	6512.363	2436.000
147.000	6512.365	2454.000
148.000	6512.368	2444.000
149.000	6512.370	2592.000
150.000	6512.373	2562.000
151.000	6512.375	2472.000
152.000	6512.377	2590.000
153.000	6512.380	2506.000
154.000	6512.382	2554.000
155.000	6512.385	2548.000
156.000	6512.387	2712.000
157.000	6512.390	2582.000
158.000	6512.392	2790.000
159.000	6512.395	2786.000
160.000	6512.398	2748.000
161.000	6512.400	2952.000
162.000	6512.403	2768.000
163.000	6512.405	2936.000
164.000	6512.408	2728.000
165.000	6512.410	3020.000
166.000	6512.413	2916.000
167.000	6512.415	3038.000
168.000	6512.417	3068.000
169.000	6512.420	3040.000
170.000	6512.422	3246.000
171.000	6512.425	3148.000
172.000	6512.427	3128.000
173.000	6512.430	3004.000
174.000	6512.432	3444.000
175.000	6512.435	3426.000
176.000	6512.437	3576.000
177.000	6512.440	3534.000
178.000	6512.443	3508.000
179.000	6512.445	3742.000
180.000	6512.448	3550.000
181.000	6512.450	3514.000
182.000	6512.453	3726.000
183.000	6512.455	3878.000
184.000	6512.458	3974.000
185.000	6512.460	4042.000
186.000	6512.462	3978.000
187.000	6512.465	3864.000
188.000	6512.467	4186.000
189.000	6512.470	4168.000
190.000	6512.472	4186.000
191.000	6512.475	4292.000
192.000	6512.477	4260.000
193.000	6512.480	4274.000
194.000	6512.483	4468.000
195.000	6512.485	4566.000
196.000	6512.488	4606.000
197.000	6512.490	4312.000
198.000	6512.493	4702.000
199.000	6512.495	4624.000
200.000	6512.498	4874.000
201.000	6512.500	5274.000
202.000	6512.502	5142.000
203.000	6512.505	5110.000
204.000	6512.507	5312.000
205.000	6512.510	5390.000
206.000	6512.512	5440.000
207.000	6512.515	5654.000
208.000	6512.517	6078.000
209.000	6512.520	6054.000
210.000	6512.523	6004.000
211.000	6512.525	6414.000
212.000	6512.528	6650.000
213.000	6512.530	6170.000
214.000	6512.533	6742.000
215.000	6512.535	7084.000
216.000	6512.538	7176.000
217.000	6512.540	7444.000
218.000	6512.542	6976.000
219.000	6512.545	7344.000
220.000	6512.547	7988.000
221.000	6512.550	7774.000
222.000	6512.552	8060.000
223.000	6512.555	8568.000
224.000	6512.557	8764.000
225.000	6512.560	9180.000
226.000	6512.562	9118.000
227.000	6512.565	9638.000
228.000	6512.568	9510.000
229.000	6512.570	9690.000
230.000	6512.573	10278.000
231.000	6512.575	10180.000
232.000	6512.578	10100.000
233.000	6512.580	10550.000
234.000	6512.583	11182.000
235.000	6512.585	11430.000
236.000	6512.587	11692.000
237.000	6512.590	11932.000
238.000	6512.592	11960.000
239.000	6512.595	11834.000
240.000	6512.597	11974.000
241.000	6512.600	12762.000
242.000	6512.602	12920.000
243.000	6512.605	13546.000
244.000	6512.608	13504.000
245.000	6512.610	13632.000
246.000	6512.613	15210.000
247.000	6512.615	15012.000
248.000	6512.618	15106.000
249.000	6512.620	15820.000
250.000	6512.623	15912.000
251.000	6512.625	16374.000
252.000	6512.627	16358.000
253.000	6512.630	18160.000
254.000	6512.632	18512.000
255.000	6512.635	18784.000
256.000	6512.637	18706.000
257.000	6512.640	20332.000
258.000	6512.642	20382.000
259.000	6512.645	20344.000
260.000	6512.648	19794.000
261.000	6512.650	22006.000
262.000	6512.653	21850.000
263.000	6512.655	22544.000
264.000	6512.658	23044.000
265.000	6512.660	24502.000
266.000	6512.663	25192.000
267.000	6512.665	26680.000
268.000	6512.667	25856.000
269.000	6512.670	27140.000
270.000	6512.672	28272.000
271.000	6512.675	27918.000
272.000	6512.677	28790.000
273.000	6512.680	29168.000
274.000	6512.682	30600.000
275.000	6512.685	31154.000
276.000	6512.687	30530.000
277.000	6512.690	35008.000
278.000	6512.693	33950.000
279.000	6512.695	35736.000
280.000	6512.698	34822.000
281.000	6512.700	37242.000
282.000	6512.703	37350.000
283.000	6512.705	36722.000
284.000	6512.708	40200.000
285.000	6512.710	40350.000
286.000	6512.712	42830.000
287.000	6512.715	43156.000
288.000	6512.717	44410.000
289.000	6512.720	44820.000
290.000	6512.722	47474.000
291.000	6512.725	45502.000
292.000	6512.727	47114.000
293.000	6512.730	48676.000
294.000	6512.733	48998.000
295.000	6512.735	50450.000
296.000	6512.738	52788.000
297.000	6512.740	54258.000
298.000	6512.743	55044.000
299.000	6512.745	56926.000
300.000	6512.748	56586.000
301.000	6512.750	57904.000
302.000	6512.752	60406.000
303.000	6512.755	63088.000
304.000	6512.757	60398.000
305.000	6512.760	62076.000
306.000	6512.762	61892.000
307.000	6512.765	63692.000
308.000	6512.767	68052.000
309.000	6512.770	66410.000
310.000	6512.773	69708.000
311.000	6512.775	68948.000
312.000	6512.778	70362.000
313.000	6512.780	72030.000
314.000	6512.783	74808.000
315.000	6512.785	70784.000
316.000	6512.788	74028.000
317.000	6512.790	76290.000
318.000	6512.792	75632.000
319.000	6512.795	81350.000
320.000	6512.797	77728.000
321.000	6512.800	81328.000
322.000	6512.802	82808.000
323.000	6512.805	83124.000
324.000	6512.807	82016.000
325.000	6512.810	84654.000
326.000	6512.812	87818.000
327.000	6512.815	84026.000
328.000	6512.818	90014.000
329.000	6512.820	89164.000
330.000	6512.823	90544.000
331.000	6512.825	90748.000
332.000	6512.828	93532.000
333.000	6512.830	97020.000
334.000	6512.833	91076.000
335.000	6512.835	90958.000
336.000	6512.837	98616.000
337.000	6512.840	93822.000
338.000	6512.842	102786.000
339.000	6512.845	97066.000
340.000	6512.847	97628.000
341.000	6512.850	101232.000
342.000	6512.852	104928.000
343.000	6512.855	104614.000
344.000	6512.858	99472.000
345.000	6512.860	103176.000
346.000	6512.863	101700.000
347.000	6512.865	105786.000
348.000	6512.868	103180.000
349.000	6512.870	107954.000
350.000	6512.873	110614.000
351.000	6512.875	107652.000
352.000	6512.877	106896.000
353.000	6512.880	109154.000
354.000	6512.882	109278.000
355.000	6512.885	111768.000
356.000	6512.887	111480.000
357.000	6512.890	115234.000
358.000	6512.892	113776.000
359.000	6512.895	114270.000
360.000	6512.898	115344.000
361.000	6512.900	116354.000
362.000	6512.903	110574.000
363.000	6512.905	116128.000
364.000	6512.908	116708.000
365.000	6512.910	116484.000
366.000	6512.913	110086.000
367.000	6512.915	116210.000
368.000	6512.917	107388.000
369.000	6512.920	110150.000
370.000	6512.922	106088.000
371.000	6512.925	112484.000
372.000	6512.927	110666.000
373.000	6512.930	110174.000
374.000	6512.932	114284.000
375.000	6512.935	116218.000
376.000	6512.937	118940.000
377.000	6512.940	115324.000
378.000	6512.943	110440.000
379.000	6512.945	109874.000
380.000	6512.948	112098.000
381.000	6512.950	110080.000
382.000	6512.953	109144.000
383.000	6512.955	112068.000
384.000	6512.958	110604.000
385.000	6512.960	110998.000
386.000	6512.962	108110.000
387.000	6512.965	105346.000
388.000	6512.967	105848.000
389.000	6512.970	104236.000
390.000	6512.972	106262.000
391.000	6512.975	104934.000
392.000	6512.977	101658.000
393.000	6512.980	102040.000
394.000	6512.983	105188.000
395.000	6512.985	102258.000
396.000	6512.988	103572.000
397.000	6512.990	101734.000
398.000	6512.993	96744.000
399.000	6512.995	90836.000
400.000	6512.998	99998.000
401.000	6513.000	92722.000
402.000	6513.002	96168.000
403.000	6513.005	92724.000
404.000	6513.007	94998.000
405.000	6513.010	91966.000
406.000	6513.012	92008.000
407.000	6513.015	89598.000
408.000	6513.017	86888.000
409.000	6513.020	87844.000
410.000	6513.023	88354.000
411.000	6513.025	82976.000
412.000	6513.028	85170.000
413.000	6513.030	81742.000
414.000	6513.033	77128.000
415.000	6513.035	77776.000
416.000	6513.038	72112.000
417.000	6513.040	72960.000
418.000	6513.042	70814.000
419.000	6513.045	69484.000
420.000	6513.047	67404.000
421.000	6513.050	67008.000
422.000	6513.052	68292.000
423.000	6513.055	70184.000
424.000	6513.057	69028.000
425.000	6513.060	59328.000
426.000	6513.062	61422.000
427.000	6513.065	57838.000
428.000	6513.068	58302.000
429.000	6513.070	56472.000
430.000	6513.073	53326.000
431.000	6513.075	52026.000
432.000	6513.078	51674.000
433.000	6513.080	53452.000
434.000	6513.083	48732.000
435.000	6513.085	51806.000
436.000	6513.087	48726.000
437.000	6513.090	45792.000
438.000	6513.092	43838.000
439.000	6513.095	41714.000
440.000	6513.097	41816.000
441.000	6513.100	39708.000
442.000	6513.102	39224.000
443.000	6513.105	38830.000
444.000	6513.108	38250.000
445.000	6513.110	35960.000
446.000	6513.113	35610.000
447.000	6513.115	34148.000
448.000	6513.118	34390.000
449.000	6513.120	31626.000
450.000	6513.123	30442.000
451.000	6513.125	30590.000
452.000	6513.127	29214.000
453.000	6513.130	30164.000
454.000	6513.132	28494.000
455.000	6513.135	28628.000
456.000	6513.137	27818.000
457.000	6513.140	26184.000
458.000	6513.142	25834.000
459.000	6513.145	25792.000
460.000	6513.148	24772.000
461.000	6513.150	23396.000
462.000	6513.153	22968.000
463.000	6513.155	22840.000
464.000	6513.158	24196.000
465.000	6513.160	23394.000
466.000	6513.163	22940.000
467.000	6513.165	23706.000
468.000	6513.167	21712.000
469.000	6513.170	21302.000
470.000	6513.172	20480.000
471.000	6513.175	20880.000
472.000	6513.177	19934.000
473.000	6513.180	18822.000
474.000	6513.182	19142.000
475.000	6513.185	18758.000
476.000	6513.187	18546.000
477.000	6513.190	16676.000
478.000	6513.193	15912.000
479.000	6513.195	16604.000
480.000	6513.198	15964.000
481.000	6513.200	14848.000
482.000	6513.203	14714.000
483.000	6513.205	14710.000
484.000	6513.208	14226.000
485.000	6513.210	13508.000
486.000	6513.212	13520.000
487.000	6513.215	13702.000
488.000	6513.217	12800.000
489.000	6513.220	12372.000
490.000	6513.222	12148.000
491.000	6513.225	11572.000
492.000	6513.227	11612.000
493.000	6513.230	11274.000
494.000	6513.233	11204.000
495.000	6513.235	10820.000
496.000	6513.238	10670.000
497.000	6513.240	10490.000
498.000	6513.243	9766.000
499.000	6513.245	9910.000
500.000	6513.248	9498.000
501.000	6513.250	9158.000
502.000	6513.252	8946.000
503.000	6513.255	8416.000
504.000	6513.257	8760.000
505.000	6513.260	7944.000
506.000	6513.262	7952.000
507.000	6513.265	8112.000
508.000	6513.267	7418.000
509.000	6513.270	7560.000
510.000	6513.273	7232.000
511.000	6513.275	7308.000
512.000	6513.278	7528.000
513.000	6513.280	6990.000
514.000	6513.283	6622.000
515.000	6513.285	6988.000
516.000	6513.288	6566.000
517.000	6513.290	6528.000
518.000	6513.292	6266.000
519.000	6513.295	6060.000
520.000	6513.297	6218.000
521.000	6513.300	5992.000
522.000	6513.302	5670.000
523.000	6513.305	5880.000
524.000	6513.307	5296.000
525.000	6513.310	5164.000
526.000	6513.312	5018.000
527.000	6513.315	5092.000
528.000	6513.318	5020.000
529.000	6513.320	4884.000
530.000	6513.323	5086.000
531.000	6513.325	4692.000
532.000	6513.328	4626.000
533.000	6513.330	4304.000
534.000	6513.333	4200.000
535.000	6513.335	4350.000
536.000	6513.337	4284.000
537.000	6513.340	4046.000
538.000	6513.342	4060.000
539.000	6513.345	3974.000
540.000	6513.347	3920.000
541.000	6513.350	3918.000
542.000	6513.352	3676.000
543.000	6513.355	3886.000
544.000	6513.358	3706.000
545.000	6513.360	3542.000
546.000	6513.363	3328.000
547.000	6513.365	3548.000
548.000	6513.368	3268.000
549.000	6513.370	3364.000
550.000	6513.373	3324.000
551.000	6513.375	3362.000
552.000	6513.377	3316.000
553.000	6513.380	2994.000
554.000	6513.382	2966.000
555.000	6513.385	2976.000
556.000	6513.387	3112.000
557.000	6513.390	2942.000
558.000	6513.392	2924.000
559.000	6513.395	2840.000
560.000	6513.398	2846.000
561.000	6513.400	2780.000
562.000	6513.403	2744.000
563.000	6513.405	2554.000
564.000	6513.408	2532.000
565.000	6513.410	2546.000
566.000	6513.413	2602.000
567.000	6513.415	2472.000
568.000	6513.417	2484.000
569.000	6513.420	2540.000
570.000	6513.422	2340.000
571.000	6513.425	2512.000
572.000	6513.427	2282.000
573.000	6513.430	2364.000
574.000	6513.432	2312.000
575.000	6513.435	2304.000
576.000	6513.437	2240.000
577.000	6513.440	2320.000
578.000	6513.443	2324.000
579.000	6513.445	2070.000
580.000	6513.448	2166.000
581.000	6513.450	2148.000
582.000	6513.453	2198.000
583.000	6513.455	2058.000
584.000	6513.458	2112.000
585.000	6513.460	2096.000
586.000	6513.462	1934.000
587.000	6513.465	1958.000
588.000	6513.467	1984.000
589.000	6513.470	2032.000
590.000	6513.472	1942.000
591.000	6513.475	1980.000
592.000	6513.477	1922.000
593.000	6513.480	1852.000
594.000	6513.483	1892.000
595.000	6513.485	1826.000
596.000	6513.488	1668.000
597.000	6513.490	1744.000
598.000	6513.493	1850.000
599.000	6513.495	1756.000
600.000	6513.498	1794.000
601.000	6513.500	1840.000
