1.000	4828.750	1022.000
2.000	4828.752	970.000
3.000	4828.755	1116.000
4.000	4828.757	1084.000
5.000	4828.760	1010.000
6.000	4828.762	1170.000
7.000	4828.765	1080.000
8.000	4828.767	1054.000
9.000	4828.770	1024.000
10.000	4828.773	1004.000
11.000	4828.775	1092.000
12.000	4828.778	1048.000
13.000	4828.780	1038.000
14.000	4828.783	1124.000
15.000	4828.785	1090.000
16.000	4828.788	1060.000
17.000	4828.790	986.000
18.000	4828.792	1088.000
19.000	4828.795	1130.000
20.000	4828.797	1098.000
21.000	4828.800	1142.000
22.000	4828.802	1040.000
23.000	4828.805	1100.000
24.000	4828.807	1080.000
25.000	4828.810	1032.000
26.000	4828.812	1108.000
27.000	4828.815	1136.000
28.000	4828.818	1202.000
29.000	4828.820	1148.000
30.000	4828.823	1070.000
31.000	4828.825	1206.000
32.000	4828.828	1246.000
33.000	4828.830	1130.000
34.000	4828.833	1262.000
35.000	4828.835	1176.000
36.000	4828.837	1132.000
37.000	4828.840	1228.000
38.000	4828.842	1364.000
39.000	4828.845	1336.000
40.000	4828.847	1252.000
41.000	4828.850	1108.000
42.000	4828.852	1256.000
43.000	4828.855	1274.000
44.000	4828.858	1404.000
45.000	4828.860	1340.000
46.000	4828.863	1410.000
47.000	4828.865	1310.000
48.000	4828.868	1356.000
49.000	4828.870	1442.000
50.000	4828.873	1414.000
51.000	4828.875	1364.000
52.000	4828.877	1378.000
53.000	4828.880	1358.000
54.000	4828.882	1388.000
55.000	4828.885	1440.000
56.000	4828.887	1562.000
57.000	4828.890	1554.000
58.000	4828.892	1532.000
59.000	4828.895	1566.000
60.000	4828.898	1434.000
61.000	4828.900	1588.000
62.000	4828.903	1384.000
63.000	4828.905	1428.000
64.000	4828.908	1588.000
65.000	4828.910	1450.000
66.000	4828.913	1592.000
67.000	4828.915	1484.000
68.000	4828.917	1568.000
69.000	4828.920	1736.000
70.000	4828.922	1678.000
71.000	4828.925	1664.000
72.000	4828.927	1676.000
73.000	4828.930	1668.000
74.000	4828.932	1766.000
75.000	4828.935	1676.000
76.000	4828.937	1686.000
77.000	4828.940	1642.000
78.000	4828.943	1832.000
79.000	4828.945	1822.000
80.000	4828.948	1780.000
81.000	4828.950	1964.000
82.000	4828.953	1914.000
83.000	4828.955	1846.000
84.000	4828.958	1816.000
85.000	4828.960	2058.000
86.000	4828.962	1912.000
87.000	4828.965	1980.000
88.000	4828.967	2038.000
89.000	4828.970	2022.000
90.000	4828.972	2106.000
91.000	4828.975	2016.000
92.000	4828.977	2228.000
93.000	4828.980	2086.000
94.000	4828.983	2214.000
95.000	4828.985	2184.000
96.000	4828.988	2112.000
97.000	4828.990	2332.000
98.000	4828.993	2064.000
99.000	4828.995	2190.000
100.000	4828.998	2196.000
101.000	4829.000	2356.000
102.000	4829.002	2412.000
103.000	4829.005	2306.000
104.000	4829.007	2276.000
105.000	4829.010	2262.000
106.000	4829.012	2428.000
107.000	4829.015	2378.000
108.000	4829.017	2298.000
109.000	4829.020	2430.000
110.000	4829.023	2432.000
111.000	4829.025	2568.000
112.000	4829.028	2600.000
113.000	4829.030	2412.000
114.000	4829.033	2680.000
115.000	4829.035	2628.000
116.000	4829.038	2496.000
117.000	4829.040	2820.000
118.000	4829.042	2730.000
119.000	4829.045	2724.000
120.000	4829.047	2860.000
121.000	4829.050	2928.000
122.000	4829.052	2764.000
123.000	4829.055	2830.000
124.000	4829.057	2976.000
125.000	4829.060	3074.000
126.000	4829.062	2920.000
127.000	4829.065	3170.000
128.000	4829.068	3164.000
129.000	4829.070	3410.000
130.000	4829.073	3452.000
131.000	4829.075	3222.000
132.000	4829.078	3410.000
133.000	4829.080	3422.000
134.000	4829.083	3310.000
135.000	4829.085	3336.000
136.000	4829.087	3616.000
137.000	4829.090	3492.000
138.000	4829.092	3518.000
139.000	4829.095	3656.000
140.000	4829.097	3470.000
141.000	4829.100	3720.000
142.000	4829.102	3678.000
143.000	4829.105	3818.000
144.000	4829.108	4176.000
145.000	4829.110	4350.000
146.000	4829.113	4460.000
147.000	4829.115	4582.000
148.000	4829.118	4632.000
149.000	4829.120	4706.000
150.000	4829.123	4796.000
151.000	4829.125	4748.000
152.000	4829.127	4820.000
153.000	4829.130	4980.000
154.000	4829.132	4982.000
155.000	4829.135	5218.000
156.000	4829.137	4810.000
157.000	4829.140	5374.000
158.000	4829.142	5472.000
159.000	4829.145	5242.000
160.000	4829.148	5520.000
161.000	4829.150	5628.000
162.000	4829.153	5814.000
163.000	4829.155	5482.000
164.000	4829.158	5954.000
165.000	4829.160	5620.000
166.000	4829.163	5868.000
167.000	4829.165	5808.000
168.000	4829.167	5610.000
169.000	4829.170	6326.000
170.000	4829.172	5928.000
171.000	4829.175	5772.000
172.000	4829.177	6288.000
173.000	4829.180	6530.000
174.000	4829.182	6156.000
175.000	4829.185	5786.000
176.000	4829.187	6556.000
177.000	4829.190	7306.000
178.000	4829.193	7688.000
179.000	4829.195	7712.000
180.000	4829.198	7420.000
181.000	4829.200	7688.000
182.000	4829.203	7406.000
183.000	4829.205	8004.000
184.000	4829.208	8120.000
185.000	4829.210	7522.000
186.000	4829.212	7988.000
187.000	4829.215	8446.000
188.000	4829.217	8394.000
189.000	4829.220	8984.000
190.000	4829.222	9820.000
191.000	4829.225	9470.000
192.000	4829.227	8856.000
193.000	4829.230	9270.000
194.000	4829.233	9064.000
195.000	4829.235	10008.000
196.000	4829.238	10320.000
197.000	4829.240	11470.000
198.000	4829.243	11440.000
199.000	4829.245	11776.000
200.000	4829.248	12100.000
201.000	4829.250	14246.000
202.000	4829.252	13412.000
203.000	4829.255	12368.000
204.000	4829.257	12660.000
205.000	4829.260	13512.000
206.000	4829.262	11782.000
207.000	4829.265	13530.000
208.000	4829.267	13826.000
209.000	4829.270	14630.000
210.000	4829.273	15266.000
211.000	4829.275	13926.000
212.000	4829.278	15206.000
213.000	4829.280	14422.000
214.000	4829.283	16272.000
215.000	4829.285	16448.000
216.000	4829.288	16666.000
217.000	4829.290	17390.000
218.000	4829.292	16336.000
219.000	4829.295	16586.000
220.000	4829.297	19678.000
221.000	4829.300	20894.000
222.000	4829.302	22090.000
223.000	4829.305	23248.000
224.000	4829.307	22546.000
225.000	4829.310	24312.000
226.000	4829.312	25378.000
227.000	4829.315	19536.000
228.000	4829.318	21662.000
229.000	4829.320	24082.000
230.000	4829.323	21796.000
231.000	4829.325	21284.000
232.000	4829.328	21620.000
233.000	4829.330	25532.000
234.000	4829.333	22474.000
235.000	4829.335	25074.000
236.000	4829.337	23516.000
237.000	4829.340	22026.000
238.000	4829.342	27126.000
239.000	4829.345	29254.000
240.000	4829.347	25846.000
241.000	4829.350	26466.000
242.000	4829.352	28938.000
243.000	4829.355	28132.000
244.000	4829.358	29494.000
245.000	4829.360	26250.000
246.000	4829.363	30756.000
247.000	4829.365	32908.000
248.000	4829.368	30852.000
249.000	4829.370	31390.000
250.000	4829.373	33348.000
251.000	4829.375	33380.000
252.000	4829.377	34304.000
253.000	4829.380	32988.000
254.000	4829.382	38228.000
255.000	4829.385	42654.000
256.000	4829.387	34550.000
257.000	4829.390	37376.000
258.000	4829.392	39162.000
259.000	4829.395	38740.000
260.000	4829.398	38600.000
261.000	4829.400	37740.000
262.000	4829.403	37812.000
263.000	4829.405	39196.000
264.000	4829.408	38518.000
265.000	4829.410	34082.000
266.000	4829.413	38138.000
267.000	4829.415	40990.000
268.000	4829.417	46108.000
269.000	4829.420	49682.000
270.000	4829.422	47720.000
271.000	4829.425	46934.000
272.000	4829.427	48058.000
273.000	4829.430	49504.000
274.000	4829.432	48834.000
275.000	4829.435	47410.000
276.000	4829.437	51242.000
277.000	4829.440	44192.000
278.000	4829.443	48164.000
279.000	4829.445	42766.000
280.000	4829.448	48562.000
281.000	4829.450	52994.000
282.000	4829.453	53618.000
283.000	4829.455	50294.000
284.000	4829.458	49170.000
285.000	4829.460	56514.000
286.000	4829.462	54964.000
287.000	4829.465	48320.000
288.000	4829.467	51390.000
289.000	4829.470	48002.000
290.000	4829.472	46174.000
291.000	4829.475	46480.000
292.000	4829.477	49746.000
293.000	4829.480	50882.000
294.000	4829.483	48470.000
295.000	4829.485	50018.000
296.000	4829.488	48234.000
297.000	4829.490	44214.000
298.000	4829.493	49328.000
299.000	4829.495	52210.000
300.000	4829.498	46160.000
301.000	4829.500	47592.000
302.000	4829.502	47908.000
303.000	4829.505	51278.000
304.000	4829.507	48676.000
305.000	4829.510	55188.000
306.000	4829.512	54636.000
307.000	4829.515	53836.000
308.000	4829.517	47936.000
309.000	4829.520	44702.000
310.000	4829.523	51036.000
311.000	4829.525	49342.000
312.000	4829.528	46354.000
313.000	4829.530	44884.000
314.000	4829.533	48816.000
315.000	4829.535	51066.000
316.000	4829.538	44140.000
317.000	4829.540	50026.000
318.000	4829.542	52836.000
319.000	4829.545	50114.000
320.000	4829.547	53234.000
321.000	4829.550	51446.000
322.000	4829.552	46042.000
323.000	4829.555	47864.000
324.000	4829.557	48716.000
325.000	4829.560	46230.000
326.000	4829.562	45130.000
327.000	4829.565	51668.000
328.000	4829.568	50680.000
329.000	4829.570	49956.000
330.000	4829.573	45250.000
331.000	4829.575	37566.000
332.000	4829.578	45530.000
333.000	4829.580	35080.000
334.000	4829.583	44802.000
335.000	4829.585	46024.000
336.000	4829.587	44082.000
337.000	4829.590	46516.000
338.000	4829.592	44280.000
339.000	4829.595	42040.000
340.000	4829.597	42346.000
341.000	4829.600	38690.000
342.000	4829.602	35008.000
343.000	4829.605	37194.000
344.000	4829.608	33244.000
345.000	4829.610	38428.000
346.000	4829.613	37922.000
347.000	4829.615	40002.000
348.000	4829.618	37582.000
349.000	4829.620	27490.000
350.000	4829.623	28724.000
351.000	4829.625	33232.000
352.000	4829.627	31634.000
353.000	4829.630	26960.000
354.000	4829.632	29562.000
355.000	4829.635	33224.000
356.000	4829.637	30124.000
357.000	4829.640	29758.000
358.000	4829.642	29060.000
359.000	4829.645	28266.000
360.000	4829.648	28652.000
361.000	4829.650	26528.000
362.000	4829.653	26662.000
363.000	4829.655	26268.000
364.000	4829.658	26388.000
365.000	4829.660	25486.000
366.000	4829.663	23534.000
367.000	4829.665	25738.000
368.000	4829.667	24364.000
369.000	4829.670	24064.000
370.000	4829.672	22176.000
371.000	4829.675	22576.000
372.000	4829.677	22772.000
373.000	4829.680	19440.000
374.000	4829.682	20268.000
375.000	4829.685	17506.000
376.000	4829.687	17100.000
377.000	4829.690	16510.000
378.000	4829.693	17462.000
379.000	4829.695	18422.000
380.000	4829.698	16020.000
381.000	4829.700	15490.000
382.000	4829.703	14044.000
383.000	4829.705	14380.000
384.000	4829.708	14708.000
385.000	4829.710	12952.000
386.000	4829.712	14060.000
387.000	4829.715	12954.000
388.000	4829.717	14248.000
389.000	4829.720	13054.000
390.000	4829.722	12174.000
391.000	4829.725	12986.000
392.000	4829.727	11886.000
393.000	4829.730	11392.000
394.000	4829.733	11352.000
395.000	4829.735	11186.000
396.000	4829.738	11242.000
397.000	4829.740	10718.000
398.000	4829.743	10296.000
399.000	4829.745	10094.000
400.000	4829.748	9502.000
401.000	4829.750	10494.000
402.000	4829.752	8206.000
403.000	4829.755	9040.000
404.000	4829.757	8688.000
405.000	4829.760	8342.000
406.000	4829.762	8632.000
407.000	4829.765	8632.000
408.000	4829.767	8448.000
409.000	4829.770	8040.000
410.000	4829.773	8100.000
411.000	4829.775	7604.000
412.000	4829.778	6802.000
413.000	4829.780	7550.000
414.000	4829.783	6964.000
415.000	4829.785	6754.000
416.000	4829.788	7484.000
417.000	4829.790	6750.000
418.000	4829.792	6784.000
419.000	4829.795	6894.000
420.000	4829.797	6484.000
421.000	4829.800	5946.000
422.000	4829.802	6568.000
423.000	4829.805	5878.000
424.000	4829.807	5844.000
425.000	4829.810	5434.000
426.000	4829.812	5382.000
427.000	4829.815	5920.000
428.000	4829.818	5410.000
429.000	4829.820	5516.000
430.000	4829.823	5384.000
431.000	4829.825	5480.000
432.000	4829.828	5208.000
433.000	4829.830	5472.000
434.000	4829.833	4692.000
435.000	4829.835	4878.000
436.000	4829.837	5018.000
437.000	4829.840	4794.000
438.000	4829.842	4230.000
439.000	4829.845	4548.000
440.000	4829.847	4436.000
441.000	4829.850	4178.000
442.000	4829.852	4266.000
443.000	4829.855	4452.000
444.000	4829.858	4280.000
445.000	4829.860	4360.000
446.000	4829.863	4200.000
447.000	4829.865	4428.000
448.000	4829.868	3964.000
449.000	4829.870	3676.000
450.000	4829.873	3742.000
451.000	4829.875	3708.000
452.000	4829.877	3768.000
453.000	4829.880	3852.000
454.000	4829.882	3566.000
455.000	4829.885	3374.000
456.000	4829.887	3430.000
457.000	4829.890	3348.000
458.000	4829.892	3364.000
459.000	4829.895	3486.000
460.000	4829.898	3042.000
461.000	4829.900	3532.000
462.000	4829.903	3166.000
463.000	4829.905	3354.000
464.000	4829.908	3042.000
465.000	4829.910	3332.000
466.000	4829.913	3110.000
467.000	4829.915	2830.000
468.000	4829.917	3432.000
469.000	4829.920	3208.000
470.000	4829.922	3120.000
471.000	4829.925	3080.000
472.000	4829.927	3306.000
473.000	4829.930	2928.000
474.000	4829.932	3256.000
475.000	4829.935	3014.000
476.000	4829.937	3218.000
477.000	4829.940	2898.000
478.000	4829.943	2862.000
479.000	4829.945	2548.000
480.000	4829.948	2596.000
481.000	4829.950	2968.000
482.000	4829.953	2854.000
483.000	4829.955	2446.000
484.000	4829.958	2920.000
485.000	4829.960	2940.000
486.000	4829.962	2676.000
487.000	4829.965	2680.000
488.000	4829.967	2850.000
489.000	4829.970	2470.000
490.000	4829.972	2442.000
491.000	4829.975	2646.000
492.000	4829.977	2332.000
493.000	4829.980	2116.000
494.000	4829.983	2154.000
495.000	4829.985	2248.000
496.000	4829.988	2080.000
497.000	4829.990	2306.000
498.000	4829.993	2058.000
499.000	4829.995	2120.000
500.000	4829.998	2346.000
501.000	4830.000	2292.000
502.000	4830.002	2180.000
503.000	4830.005	2256.000
504.000	4830.007	2086.000
505.000	4830.010	2084.000
506.000	4830.012	1994.000
507.000	4830.015	2038.000
508.000	4830.017	1940.000
509.000	4830.020	1816.000
510.000	4830.023	1990.000
511.000	4830.025	1908.000
512.000	4830.028	1840.000
513.000	4830.030	2010.000
514.000	4830.033	1972.000
515.000	4830.035	1912.000
516.000	4830.038	1920.000
517.000	4830.040	2020.000
518.000	4830.042	1788.000
519.000	4830.045	1864.000
520.000	4830.047	1736.000
521.000	4830.050	1724.000
522.000	4830.052	1714.000
523.000	4830.055	1748.000
524.000	4830.057	1712.000
525.000	4830.060	1514.000
526.000	4830.062	1668.000
527.000	4830.065	1730.000
528.000	4830.068	1534.000
529.000	4830.070	1602.000
530.000	4830.073	1496.000
531.000	4830.075	1548.000
532.000	4830.078	1688.000
533.000	4830.080	1502.000
534.000	4830.083	1508.000
535.000	4830.085	1412.000
536.000	4830.087	1514.000
537.000	4830.090	1386.000
538.000	4830.092	1448.000
539.000	4830.095	1350.000
540.000	4830.097	1472.000
541.000	4830.100	1316.000
542.000	4830.102	1284.000
543.000	4830.105	1288.000
544.000	4830.108	1282.000
545.000	4830.110	1272.000
546.000	4830.113	1326.000
547.000	4830.115	1270.000
548.000	4830.118	1272.000
549.000	4830.120	1134.000
550.000	4830.123	1244.000
551.000	4830.125	1112.000
552.000	4830.127	1150.000
553.000	4830.130	1202.000
554.000	4830.132	1150.000
555.000	4830.135	1146.000
556.000	4830.137	1192.000
557.000	4830.140	1032.000
558.000	4830.142	1066.000
559.000	4830.145	1238.000
560.000	4830.148	1036.000
561.000	4830.150	1100.000
562.000	4830.153	976.000
563.000	4830.155	966.000
564.000	4830.158	984.000
565.000	4830.160	1082.000
566.000	4830.163	872.000
567.000	4830.165	902.000
568.000	4830.167	926.000
569.000	4830.170	1078.000
570.000	4830.172	1042.000
571.000	4830.175	896.000
572.000	4830.177	1054.000
573.000	4830.180	998.000
574.000	4830.182	818.000
575.000	4830.185	912.000
576.000	4830.187	876.000
577.000	4830.190	836.000
578.000	4830.193	986.000
579.000	4830.195	854.000
580.000	4830.198	872.000
581.000	4830.200	858.000
582.000	4830.203	816.000
583.000	4830.205	868.000
584.000	4830.208	896.000
585.000	4830.210	796.000
586.000	4830.212	874.000
587.000	4830.215	886.000
588.000	4830.217	804.000
589.000	4830.220	856.000
590.000	4830.222	752.000
591.000	4830.225	848.000
592.000	4830.227	824.000
593.000	4830.230	770.000
594.000	4830.233	734.000
595.000	4830.235	782.000
596.000	4830.238	818.000
597.000	4830.240	788.000
598.000	4830.243	796.000
599.000	4830.245	766.000
600.000	4830.248	792.000
601.000	4830.250	856.000
