1.000	4075.000	346.000
2.000	4075.003	340.000
3.000	4075.005	388.000
4.000	4075.008	378.000
5.000	4075.010	362.000
6.000	4075.012	396.000
7.000	4075.015	402.000
8.000	4075.017	362.000
9.000	4075.020	344.000
10.000	4075.023	360.000
11.000	4075.025	316.000
12.000	4075.028	346.000
13.000	4075.030	448.000
14.000	4075.032	418.000
15.000	4075.035	326.000
16.000	4075.037	364.000
17.000	4075.040	382.000
18.000	4075.043	338.000
19.000	4075.045	408.000
20.000	4075.048	372.000
21.000	4075.050	388.000
22.000	4075.052	386.000
23.000	4075.055	384.000
24.000	4075.057	348.000
25.000	4075.060	320.000
26.000	4075.062	386.000
27.000	4075.065	382.000
28.000	4075.068	432.000
29.000	4075.070	402.000
30.000	4075.073	404.000
31.000	4075.075	366.000
32.000	4075.077	376.000
33.000	4075.080	388.000
34.000	4075.082	416.000
35.000	4075.085	350.000
36.000	4075.088	370.000
37.000	4075.090	322.000
38.000	4075.093	402.000
39.000	4075.095	360.000
40.000	4075.097	470.000
41.000	4075.100	408.000
42.000	4075.102	412.000
43.000	4075.105	376.000
44.000	4075.108	346.000
45.000	4075.110	408.000
46.000	4075.113	396.000
47.000	4075.115	356.000
48.000	4075.117	422.000
49.000	4075.120	392.000
50.000	4075.122	416.000
51.000	4075.125	378.000
52.000	4075.128	406.000
53.000	4075.130	362.000
54.000	4075.133	412.000
55.000	4075.135	446.000
56.000	4075.137	412.000
57.000	4075.140	396.000
58.000	4075.142	392.000
59.000	4075.145	398.000
60.000	4075.148	350.000
61.000	4075.150	392.000
62.000	4075.153	430.000
63.000	4075.155	364.000
64.000	4075.157	286.000
65.000	4075.160	388.000
66.000	4075.162	380.000
67.000	4075.165	338.000
68.000	4075.168	394.000
69.000	4075.170	408.000
70.000	4075.173	402.000
71.000	4075.175	344.000
72.000	4075.177	394.000
73.000	4075.180	468.000
74.000	4075.182	364.000
75.000	4075.185	388.000
76.000	4075.187	418.000
77.000	4075.190	362.000
78.000	4075.193	380.000
79.000	4075.195	438.000
80.000	4075.198	426.000
81.000	4075.200	416.000
82.000	4075.202	448.000
83.000	4075.205	324.000
84.000	4075.207	334.000
85.000	4075.210	396.000
86.000	4075.213	388.000
87.000	4075.215	420.000
88.000	4075.218	398.000
89.000	4075.220	366.000
90.000	4075.222	368.000
91.000	4075.225	388.000
92.000	4075.227	406.000
93.000	4075.230	388.000
94.000	4075.233	394.000
95.000	4075.235	392.000
96.000	4075.238	412.000
97.000	4075.240	406.000
98.000	4075.242	398.000
99.000	4075.245	454.000
100.000	4075.247	396.000
101.000	4075.250	420.000
102.000	4075.253	464.000
103.000	4075.255	396.000
104.000	4075.258	372.000
105.000	4075.260	362.000
106.000	4075.262	436.000
107.000	4075.265	368.000
108.000	4075.267	384.000
109.000	4075.270	344.000
110.000	4075.273	460.000
111.000	4075.275	406.000
112.000	4075.278	420.000
113.000	4075.280	392.000
114.000	4075.282	380.000
115.000	4075.285	434.000
116.000	4075.287	394.000
117.000	4075.290	426.000
118.000	4075.293	354.000
119.000	4075.295	446.000
120.000	4075.298	400.000
121.000	4075.300	438.000
122.000	4075.302	384.000
123.000	4075.305	350.000
124.000	4075.307	390.000
125.000	4075.310	444.000
126.000	4075.312	394.000
127.000	4075.315	384.000
128.000	4075.318	402.000
129.000	4075.320	410.000
130.000	4075.323	392.000
131.000	4075.325	486.000
132.000	4075.327	414.000
133.000	4075.330	338.000
134.000	4075.332	412.000
135.000	4075.335	392.000
136.000	4075.338	362.000
137.000	4075.340	394.000
138.000	4075.343	350.000
139.000	4075.345	326.000
140.000	4075.347	446.000
141.000	4075.350	416.000
142.000	4075.352	410.000
143.000	4075.355	434.000
144.000	4075.358	414.000
145.000	4075.360	404.000
146.000	4075.363	422.000
147.000	4075.365	396.000
148.000	4075.367	414.000
149.000	4075.370	396.000
150.000	4075.372	372.000
151.000	4075.375	416.000
152.000	4075.378	406.000
153.000	4075.380	366.000
154.000	4075.383	376.000
155.000	4075.385	410.000
156.000	4075.387	354.000
157.000	4075.390	362.000
158.000	4075.392	434.000
159.000	4075.395	358.000
160.000	4075.398	420.000
161.000	4075.400	370.000
162.000	4075.403	418.000
163.000	4075.405	440.000
164.000	4075.407	420.000
165.000	4075.410	428.000
166.000	4075.412	406.000
167.000	4075.415	378.000
168.000	4075.418	432.000
169.000	4075.420	374.000
170.000	4075.423	424.000
171.000	4075.425	396.000
172.000	4075.427	464.000
173.000	4075.430	418.000
174.000	4075.432	488.000
175.000	4075.435	504.000
176.000	4075.437	362.000
177.000	4075.440	458.000
178.000	4075.443	426.000
179.000	4075.445	446.000
180.000	4075.448	434.000
181.000	4075.450	414.000
182.000	4075.452	458.000
183.000	4075.455	486.000
184.000	4075.457	474.000
185.000	4075.460	428.000
186.000	4075.463	388.000
187.000	4075.465	442.000
188.000	4075.468	452.000
189.000	4075.470	496.000
190.000	4075.472	452.000
191.000	4075.475	406.000
192.000	4075.477	424.000
193.000	4075.480	484.000
194.000	4075.483	434.000
195.000	4075.485	510.000
196.000	4075.488	482.000
197.000	4075.490	408.000
198.000	4075.492	384.000
199.000	4075.495	534.000
200.000	4075.497	470.000
201.000	4075.500	480.000
202.000	4075.503	420.000
203.000	4075.505	524.000
204.000	4075.508	494.000
205.000	4075.510	458.000
206.000	4075.512	454.000
207.000	4075.515	482.000
208.000	4075.517	480.000
209.000	4075.520	490.000
210.000	4075.523	580.000
211.000	4075.525	504.000
212.000	4075.528	470.000
213.000	4075.530	494.000
214.000	4075.532	430.000
215.000	4075.535	454.000
216.000	4075.537	436.000
217.000	4075.540	454.000
218.000	4075.543	436.000
219.000	4075.545	490.000
220.000	4075.548	512.000
221.000	4075.550	510.000
222.000	4075.552	472.000
223.000	4075.555	436.000
224.000	4075.557	420.000
225.000	4075.560	492.000
226.000	4075.562	474.000
227.000	4075.565	422.000
228.000	4075.568	556.000
229.000	4075.570	518.000
230.000	4075.573	494.000
231.000	4075.575	488.000
232.000	4075.577	520.000
233.000	4075.580	532.000
234.000	4075.582	512.000
235.000	4075.585	440.000
236.000	4075.588	442.000
237.000	4075.590	458.000
238.000	4075.593	610.000
239.000	4075.595	572.000
240.000	4075.597	538.000
241.000	4075.600	502.000
242.000	4075.602	572.000
243.000	4075.605	474.000
244.000	4075.608	498.000
245.000	4075.610	576.000
246.000	4075.613	510.000
247.000	4075.615	498.000
248.000	4075.617	512.000
249.000	4075.620	564.000
250.000	4075.622	500.000
251.000	4075.625	506.000
252.000	4075.628	514.000
253.000	4075.630	548.000
254.000	4075.633	580.000
255.000	4075.635	504.000
256.000	4075.637	510.000
257.000	4075.640	564.000
258.000	4075.642	494.000
259.000	4075.645	574.000
260.000	4075.648	608.000
261.000	4075.650	534.000
262.000	4075.653	514.000
263.000	4075.655	564.000
264.000	4075.657	520.000
265.000	4075.660	550.000
266.000	4075.662	610.000
267.000	4075.665	572.000
268.000	4075.668	546.000
269.000	4075.670	592.000
270.000	4075.673	572.000
271.000	4075.675	612.000
272.000	4075.677	656.000
273.000	4075.680	594.000
274.000	4075.682	568.000
275.000	4075.685	608.000
276.000	4075.687	718.000
277.000	4075.690	644.000
278.000	4075.693	604.000
279.000	4075.695	692.000
280.000	4075.698	554.000
281.000	4075.700	672.000
282.000	4075.702	616.000
283.000	4075.705	552.000
284.000	4075.707	616.000
285.000	4075.710	676.000
286.000	4075.713	596.000
287.000	4075.715	624.000
288.000	4075.718	588.000
289.000	4075.720	604.000
290.000	4075.722	664.000
291.000	4075.725	608.000
292.000	4075.727	618.000
293.000	4075.730	610.000
294.000	4075.733	682.000
295.000	4075.735	590.000
296.000	4075.738	646.000
297.000	4075.740	624.000
298.000	4075.742	620.000
299.000	4075.745	706.000
300.000	4075.747	720.000
301.000	4075.750	766.000
302.000	4075.753	776.000
303.000	4075.755	694.000
304.000	4075.758	804.000
305.000	4075.760	712.000
306.000	4075.762	850.000
307.000	4075.765	740.000
308.000	4075.767	818.000
309.000	4075.770	750.000
310.000	4075.773	736.000
311.000	4075.775	754.000
312.000	4075.778	728.000
313.000	4075.780	828.000
314.000	4075.782	722.000
315.000	4075.785	818.000
316.000	4075.787	842.000
317.000	4075.790	818.000
318.000	4075.793	792.000
319.000	4075.795	946.000
320.000	4075.798	916.000
321.000	4075.800	814.000
322.000	4075.802	960.000
323.000	4075.805	916.000
324.000	4075.807	832.000
325.000	4075.810	926.000
326.000	4075.812	928.000
327.000	4075.815	958.000
328.000	4075.818	1006.000
329.000	4075.820	980.000
330.000	4075.823	1062.000
331.000	4075.825	1050.000
332.000	4075.827	882.000
333.000	4075.830	1018.000
334.000	4075.832	1020.000
335.000	4075.835	1150.000
336.000	4075.838	1064.000
337.000	4075.840	1094.000
338.000	4075.843	1074.000
339.000	4075.845	1108.000
340.000	4075.847	1104.000
341.000	4075.850	1164.000
342.000	4075.852	1006.000
343.000	4075.855	1140.000
344.000	4075.858	1140.000
345.000	4075.860	1188.000
346.000	4075.863	1134.000
347.000	4075.865	1128.000
348.000	4075.867	1148.000
349.000	4075.870	1262.000
350.000	4075.872	1312.000
351.000	4075.875	1172.000
352.000	4075.878	1234.000
353.000	4075.880	1294.000
354.000	4075.883	1316.000
355.000	4075.885	1212.000
356.000	4075.887	1284.000
357.000	4075.890	1384.000
358.000	4075.892	1416.000
359.000	4075.895	1440.000
360.000	4075.898	1408.000
361.000	4075.900	1586.000
362.000	4075.903	1522.000
363.000	4075.905	1438.000
364.000	4075.907	1532.000
365.000	4075.910	1504.000
366.000	4075.912	1490.000
367.000	4075.915	1662.000
368.000	4075.918	1482.000
369.000	4075.920	1552.000
370.000	4075.923	1614.000
371.000	4075.925	1422.000
372.000	4075.927	1478.000
373.000	4075.930	1746.000
374.000	4075.932	1594.000
375.000	4075.935	1760.000
376.000	4075.937	1676.000
377.000	4075.940	1890.000
378.000	4075.943	1836.000
379.000	4075.945	1714.000
380.000	4075.948	1866.000
381.000	4075.950	1730.000
382.000	4075.952	1766.000
383.000	4075.955	1854.000
384.000	4075.957	1836.000
385.000	4075.960	1896.000
386.000	4075.963	1838.000
387.000	4075.965	1998.000
388.000	4075.968	1932.000
389.000	4075.970	2040.000
390.000	4075.972	2188.000
391.000	4075.975	2000.000
392.000	4075.977	2056.000
393.000	4075.980	2100.000
394.000	4075.983	2232.000
395.000	4075.985	2152.000
396.000	4075.988	2104.000
397.000	4075.990	2138.000
398.000	4075.992	2272.000
399.000	4075.995	2252.000
400.000	4075.997	2190.000
401.000	4076.000	2196.000
402.000	4076.003	2126.000
403.000	4076.005	2226.000
404.000	4076.008	2380.000
405.000	4076.010	2088.000
406.000	4076.012	2184.000
407.000	4076.015	2102.000
408.000	4076.017	2064.000
409.000	4076.020	2286.000
410.000	4076.023	2312.000
411.000	4076.025	2144.000
412.000	4076.028	2274.000
413.000	4076.030	2180.000
414.000	4076.032	2286.000
415.000	4076.035	2444.000
416.000	4076.037	2444.000
417.000	4076.040	2506.000
418.000	4076.043	2378.000
419.000	4076.045	2192.000
420.000	4076.048	2198.000
421.000	4076.050	2306.000
422.000	4076.052	2198.000
423.000	4076.055	2436.000
424.000	4076.057	2572.000
425.000	4076.060	2422.000
426.000	4076.062	2478.000
427.000	4076.065	2578.000
428.000	4076.068	2584.000
429.000	4076.070	2436.000
430.000	4076.073	2386.000
431.000	4076.075	2520.000
432.000	4076.077	2420.000
433.000	4076.080	2362.000
434.000	4076.082	2578.000
435.000	4076.085	2450.000
436.000	4076.088	2358.000
437.000	4076.090	2392.000
438.000	4076.093	2334.000
439.000	4076.095	2466.000
440.000	4076.097	2456.000
441.000	4076.100	2550.000
442.000	4076.102	2376.000
443.000	4076.105	2420.000
444.000	4076.108	2318.000
445.000	4076.110	2398.000
446.000	4076.113	2552.000
447.000	4076.115	2476.000
448.000	4076.117	2362.000
449.000	4076.120	2434.000
450.000	4076.122	2280.000
451.000	4076.125	2498.000
452.000	4076.128	2360.000
453.000	4076.130	2222.000
454.000	4076.133	1984.000
455.000	4076.135	2126.000
456.000	4076.137	2308.000
457.000	4076.140	2190.000
458.000	4076.142	1996.000
459.000	4076.145	1650.000
460.000	4076.148	1942.000
461.000	4076.150	1620.000
462.000	4076.153	1682.000
463.000	4076.155	1804.000
464.000	4076.157	1712.000
465.000	4076.160	1504.000
466.000	4076.162	1618.000
467.000	4076.165	1576.000
468.000	4076.168	1474.000
469.000	4076.170	1600.000
470.000	4076.173	1600.000
471.000	4076.175	1650.000
472.000	4076.177	1606.000
473.000	4076.180	1600.000
474.000	4076.182	1396.000
475.000	4076.185	1466.000
476.000	4076.187	1554.000
477.000	4076.190	1424.000
478.000	4076.193	1532.000
479.000	4076.195	1380.000
480.000	4076.198	1426.000
481.000	4076.200	1338.000
482.000	4076.202	1392.000
483.000	4076.205	1446.000
484.000	4076.207	1362.000
485.000	4076.210	1530.000
486.000	4076.213	1302.000
487.000	4076.215	1288.000
488.000	4076.218	1282.000
489.000	4076.220	1180.000
490.000	4076.222	1108.000
491.000	4076.225	1240.000
492.000	4076.227	1248.000
493.000	4076.230	1084.000
494.000	4076.233	1160.000
495.000	4076.235	1142.000
496.000	4076.238	1208.000
497.000	4076.240	1118.000
498.000	4076.242	1110.000
499.000	4076.245	1060.000
500.000	4076.247	1100.000
501.000	4076.250	1052.000
502.000	4076.253	1082.000
503.000	4076.255	1140.000
504.000	4076.258	1078.000
505.000	4076.260	1146.000
506.000	4076.262	1002.000
507.000	4076.265	1056.000
508.000	4076.267	1046.000
509.000	4076.270	956.000
510.000	4076.273	1064.000
511.000	4076.275	936.000
512.000	4076.278	1060.000
513.000	4076.280	1112.000
514.000	4076.282	1082.000
515.000	4076.285	1186.000
516.000	4076.287	1104.000
517.000	4076.290	1104.000
518.000	4076.293	1044.000
519.000	4076.295	970.000
520.000	4076.298	992.000
521.000	4076.300	1002.000
522.000	4076.302	1024.000
523.000	4076.305	978.000
524.000	4076.307	968.000
525.000	4076.310	852.000
526.000	4076.312	916.000
527.000	4076.315	942.000
528.000	4076.318	752.000
529.000	4076.320	872.000
530.000	4076.323	908.000
531.000	4076.325	896.000
532.000	4076.327	846.000
533.000	4076.330	862.000
534.000	4076.332	970.000
535.000	4076.335	858.000
536.000	4076.338	790.000
537.000	4076.340	860.000
538.000	4076.343	824.000
539.000	4076.345	858.000
540.000	4076.347	898.000
541.000	4076.350	824.000
542.000	4076.352	822.000
543.000	4076.355	852.000
544.000	4076.358	748.000
545.000	4076.360	760.000
546.000	4076.363	784.000
547.000	4076.365	736.000
548.000	4076.367	788.000
549.000	4076.370	772.000
550.000	4076.372	764.000
551.000	4076.375	626.000
552.000	4076.378	638.000
553.000	4076.380	672.000
554.000	4076.383	686.000
555.000	4076.385	750.000
556.000	4076.387	640.000
557.000	4076.390	748.000
558.000	4076.392	606.000
559.000	4076.395	624.000
560.000	4076.398	678.000
561.000	4076.400	724.000
562.000	4076.403	740.000
563.000	4076.405	692.000
564.000	4076.407	640.000
565.000	4076.410	672.000
566.000	4076.412	670.000
567.000	4076.415	664.000
568.000	4076.418	552.000
569.000	4076.420	664.000
570.000	4076.423	560.000
571.000	4076.425	626.000
572.000	4076.427	588.000
573.000	4076.430	560.000
574.000	4076.432	452.000
575.000	4076.435	684.000
576.000	4076.437	578.000
577.000	4076.440	586.000
578.000	4076.443	588.000
579.000	4076.445	570.000
580.000	4076.448	554.000
581.000	4076.450	562.000
582.000	4076.452	516.000
583.000	4076.455	518.000
584.000	4076.457	496.000
585.000	4076.460	480.000
586.000	4076.463	580.000
587.000	4076.465	550.000
588.000	4076.468	514.000
589.000	4076.470	492.000
590.000	4076.472	618.000
591.000	4076.475	552.000
592.000	4076.477	522.000
593.000	4076.480	528.000
594.000	4076.483	488.000
595.000	4076.485	514.000
596.000	4076.488	440.000
597.000	4076.490	548.000
598.000	4076.492	510.000
599.000	4076.495	472.000
600.000	4076.497	474.000
601.000	4076.500	554.000
602.000	4076.503	516.000
603.000	4076.505	448.000
604.000	4076.508	472.000
605.000	4076.510	538.000
606.000	4076.512	524.000
607.000	4076.515	536.000
608.000	4076.517	504.000
609.000	4076.520	500.000
610.000	4076.523	470.000
611.000	4076.525	514.000
612.000	4076.528	548.000
613.000	4076.530	546.000
614.000	4076.532	462.000
615.000	4076.535	502.000
616.000	4076.537	484.000
617.000	4076.540	474.000
618.000	4076.543	518.000
619.000	4076.545	504.000
620.000	4076.548	446.000
621.000	4076.550	452.000
622.000	4076.552	488.000
623.000	4076.555	510.000
624.000	4076.557	488.000
625.000	4076.560	492.000
626.000	4076.562	462.000
627.000	4076.565	506.000
628.000	4076.568	490.000
629.000	4076.570	464.000
630.000	4076.573	478.000
631.000	4076.575	468.000
632.000	4076.577	512.000
633.000	4076.580	488.000
634.000	4076.582	424.000
635.000	4076.585	470.000
636.000	4076.588	468.000
637.000	4076.590	530.000
638.000	4076.593	482.000
639.000	4076.595	444.000
640.000	4076.597	470.000
641.000	4076.600	468.000
642.000	4076.602	422.000
643.000	4076.605	464.000
644.000	4076.608	466.000
645.000	4076.610	440.000
646.000	4076.613	472.000
647.000	4076.615	450.000
648.000	4076.617	436.000
649.000	4076.620	456.000
650.000	4076.622	448.000
651.000	4076.625	482.000
652.000	4076.628	424.000
653.000	4076.630	422.000
654.000	4076.633	472.000
655.000	4076.635	438.000
656.000	4076.637	412.000
657.000	4076.640	510.000
658.000	4076.642	486.000
659.000	4076.645	426.000
660.000	4076.648	438.000
661.000	4076.650	502.000
662.000	4076.653	424.000
663.000	4076.655	476.000
664.000	4076.657	434.000
665.000	4076.660	410.000
666.000	4076.662	426.000
667.000	4076.665	450.000
668.000	4076.668	408.000
669.000	4076.670	420.000
670.000	4076.673	454.000
671.000	4076.675	456.000
672.000	4076.677	424.000
673.000	4076.680	428.000
674.000	4076.682	410.000
675.000	4076.685	426.000
676.000	4076.687	410.000
677.000	4076.690	458.000
678.000	4076.693	450.000
679.000	4076.695	452.000
680.000	4076.698	450.000
681.000	4076.700	416.000
682.000	4076.702	406.000
683.000	4076.705	442.000
684.000	4076.707	422.000
685.000	4076.710	422.000
686.000	4076.713	416.000
687.000	4076.715	468.000
688.000	4076.718	386.000
689.000	4076.720	420.000
690.000	4076.722	418.000
691.000	4076.725	428.000
692.000	4076.727	444.000
693.000	4076.730	434.000
694.000	4076.733	416.000
695.000	4076.735	450.000
696.000	4076.738	422.000
697.000	4076.740	396.000
698.000	4076.742	502.000
699.000	4076.745	440.000
700.000	4076.747	446.000
701.000	4076.750	402.000
702.000	4076.753	386.000
703.000	4076.755	416.000
704.000	4076.758	434.000
705.000	4076.760	416.000
706.000	4076.762	466.000
707.000	4076.765	352.000
708.000	4076.767	436.000
709.000	4076.770	386.000
710.000	4076.773	396.000
711.000	4076.775	416.000
712.000	4076.778	400.000
713.000	4076.780	376.000
714.000	4076.782	390.000
715.000	4076.785	394.000
716.000	4076.787	450.000
717.000	4076.790	496.000
718.000	4076.793	466.000
719.000	4076.795	374.000
720.000	4076.798	456.000
721.000	4076.800	398.000
722.000	4076.802	406.000
723.000	4076.805	398.000
724.000	4076.807	386.000
725.000	4076.810	444.000
726.000	4076.812	380.000
727.000	4076.815	444.000
728.000	4076.818	452.000
729.000	4076.820	402.000
730.000	4076.823	378.000
731.000	4076.825	410.000
732.000	4076.827	388.000
733.000	4076.830	426.000
734.000	4076.832	462.000
735.000	4076.835	362.000
736.000	4076.838	378.000
737.000	4076.840	400.000
738.000	4076.843	394.000
739.000	4076.845	384.000
740.000	4076.847	348.000
741.000	4076.850	418.000
742.000	4076.852	392.000
743.000	4076.855	416.000
744.000	4076.858	372.000
745.000	4076.860	448.000
746.000	4076.863	406.000
747.000	4076.865	352.000
748.000	4076.867	476.000
749.000	4076.870	352.000
750.000	4076.872	330.000
751.000	4076.875	426.000
752.000	4076.878	422.000
753.000	4076.880	444.000
754.000	4076.883	438.000
755.000	4076.885	398.000
756.000	4076.887	428.000
757.000	4076.890	388.000
758.000	4076.892	360.000
759.000	4076.895	378.000
760.000	4076.898	352.000
761.000	4076.900	400.000
762.000	4076.903	388.000
763.000	4076.905	340.000
764.000	4076.907	364.000
765.000	4076.910	368.000
766.000	4076.912	396.000
767.000	4076.915	450.000
768.000	4076.918	386.000
769.000	4076.920	400.000
770.000	4076.923	386.000
771.000	4076.925	380.000
772.000	4076.927	416.000
773.000	4076.930	374.000
774.000	4076.932	376.000
775.000	4076.935	398.000
776.000	4076.937	390.000
777.000	4076.940	408.000
778.000	4076.943	408.000
779.000	4076.945	414.000
780.000	4076.948	456.000
781.000	4076.950	324.000
782.000	4076.952	382.000
783.000	4076.955	328.000
784.000	4076.957	352.000
785.000	4076.960	396.000
786.000	4076.963	396.000
787.000	4076.965	332.000
788.000	4076.968	352.000
789.000	4076.970	440.000
790.000	4076.972	354.000
791.000	4076.975	350.000
792.000	4076.977	328.000
793.000	4076.980	378.000
794.000	4076.983	430.000
795.000	4076.985	336.000
796.000	4076.988	368.000
797.000	4076.990	418.000
798.000	4076.992	400.000
799.000	4076.995	364.000
800.000	4076.997	398.000
801.000	4077.000	370.000
