1.000	5789.000	340.000
2.000	5790.000	430.000
3.000	5791.000	450.000
4.000	5792.000	360.000
5.000	5793.000	370.000
6.000	5794.000	420.000
7.000	5795.000	270.000
8.000	5796.000	370.000
9.000	5797.000	280.000
10.000	5798.000	280.000
11.000	5799.000	450.000
12.000	5800.000	380.000
13.000	5801.000	320.000
14.000	5802.000	420.000
15.000	5803.000	390.000
16.000	5804.000	400.000
17.000	5805.000	320.000
18.000	5806.000	360.000
19.000	5807.000	260.000
20.000	5808.000	420.000
21.000	5809.000	500.000
22.000	5810.000	320.000
23.000	5811.000	460.000
24.000	5812.000	280.000
25.000	5813.000	370.000
26.000	5814.000	230.000
27.000	5815.000	410.000
28.000	5816.000	260.000
29.000	5817.000	330.000
30.000	5818.000	270.000
31.000	5819.000	420.000
32.000	5820.000	390.000
33.000	5821.000	250.000
34.000	5822.000	390.000
35.000	5823.000	420.000
36.000	5824.000	440.000
37.000	5825.000	380.000
38.000	5826.000	240.000
39.000	5827.000	350.000
40.000	5828.000	260.000
41.000	5829.000	350.000
42.000	5830.000	420.000
43.000	5831.000	380.000
44.000	5832.000	390.000
45.000	5833.000	230.000
46.000	5834.000	290.000
47.000	5835.000	330.000
48.000	5836.000	410.000
49.000	5837.000	260.000
50.000	5838.000	260.000
51.000	5839.000	310.000
52.000	5840.000	310.000
53.000	5841.000	340.000
54.000	5842.000	370.000
55.000	5843.000	270.000
56.000	5844.000	290.000
57.000	5845.000	450.000
58.000	5846.000	350.000
59.000	5847.000	250.000
60.000	5848.000	240.000
61.000	5849.000	460.000
62.000	5850.000	440.000
63.000	5851.000	410.000
64.000	5852.000	290.000
65.000	5853.000	260.000
66.000	5854.000	390.000
67.000	5855.000	310.000
68.000	5856.000	410.000
69.000	5857.000	280.000
70.000	5858.000	330.000
71.000	5859.000	410.000
72.000	5860.000	300.000
73.000	5861.000	440.000
74.000	5862.000	380.000
75.000	5863.000	240.000
76.000	5864.000	360.000
77.000	5865.000	340.000
78.000	5866.000	360.000
79.000	5867.000	340.000
80.000	5868.000	560.000
81.000	5869.000	270.000
82.000	5870.000	330.000
83.000	5871.000	370.000
84.000	5872.000	260.000
85.000	5873.000	350.000
86.000	5874.000	400.000
87.000	5875.000	300.000
88.000	5876.000	360.000
89.000	5877.000	310.000
90.000	5878.000	250.000
91.000	5879.000	350.000
92.000	5880.000	250.000
93.000	5881.000	370.000
94.000	5882.000	340.000
95.000	5883.000	410.000
96.000	5884.000	260.000
97.000	5885.000	370.000
98.000	5886.000	460.000
99.000	5887.000	330.000
100.000	5888.000	280.000
101.000	5889.000	370.000
102.000	5890.000	320.000
103.000	5891.000	290.000
104.000	5892.000	330.000
105.000	5893.000	400.000
106.000	5894.000	360.000
107.000	5895.000	440.000
108.000	5896.000	420.000
109.000	5897.000	270.000
110.000	5898.000	330.000
111.000	5899.000	290.000
112.000	5900.000	370.000
113.000	5901.000	320.000
114.000	5902.000	460.000
115.000	5903.000	440.000
116.000	5904.000	270.000
117.000	5905.000	340.000
118.000	5906.000	230.000
119.000	5907.000	360.000
120.000	5908.000	230.000
121.000	5909.000	320.000
122.000	5910.000	310.000
123.000	5911.000	290.000
124.000	5912.000	310.000
125.000	5913.000	410.000
126.000	5914.000	370.000
127.000	5915.000	300.000
128.000	5916.000	440.000
129.000	5917.000	320.000
130.000	5918.000	300.000
131.000	5919.000	250.000
132.000	5920.000	380.000
