1.000	2840.000	339.000
2.000	2840.010	344.000
3.000	2840.020	301.000
4.000	2840.030	298.000
5.000	2840.040	302.000
6.000	2840.050	342.000
7.000	2840.060	303.000
8.000	2840.070	282.000
9.000	2840.080	307.000
10.000	2840.090	308.000
11.000	2840.100	294.000
12.000	2840.110	329.000
13.000	2840.120	357.000
14.000	2840.130	312.000
15.000	2840.140	300.000
16.000	2840.150	356.000
17.000	2840.160	333.000
18.000	2840.170	314.000
19.000	2840.180	333.000
20.000	2840.190	319.000
21.000	2840.200	340.000
22.000	2840.210	331.000
23.000	2840.220	315.000
24.000	2840.230	335.000
25.000	2840.240	268.000
26.000	2840.250	311.000
27.000	2840.260	326.000
28.000	2840.270	329.000
29.000	2840.280	316.000
30.000	2840.290	330.000
31.000	2840.300	272.000
32.000	2840.310	293.000
33.000	2840.320	320.000
34.000	2840.330	269.000
35.000	2840.340	345.000
36.000	2840.350	324.000
37.000	2840.360	307.000
38.000	2840.370	365.000
39.000	2840.380	320.000
40.000	2840.390	285.000
41.000	2840.400	317.000
42.000	2840.410	295.000
43.000	2840.420	307.000
44.000	2840.430	323.000
45.000	2840.440	297.000
46.000	2840.450	284.000
47.000	2840.460	325.000
48.000	2840.470	335.000
49.000	2840.480	346.000
50.000	2840.490	300.000
51.000	2840.500	337.000
52.000	2840.510	289.000
53.000	2840.520	298.000
54.000	2840.530	276.000
55.000	2840.540	316.000
56.000	2840.550	371.000
57.000	2840.560	328.000
58.000	2840.570	305.000
59.000	2840.580	314.000
60.000	2840.590	291.000
61.000	2840.600	277.000
62.000	2840.610	319.000
63.000	2840.620	314.000
64.000	2840.630	314.000
65.000	2840.640	309.000
66.000	2840.650	301.000
67.000	2840.660	294.000
68.000	2840.670	313.000
69.000	2840.680	321.000
70.000	2840.690	332.000
71.000	2840.700	279.000
72.000	2840.710	314.000
73.000	2840.720	329.000
74.000	2840.730	318.000
75.000	2840.740	302.000
76.000	2840.750	320.000
77.000	2840.760	303.000
78.000	2840.770	308.000
79.000	2840.780	285.000
80.000	2840.790	332.000
81.000	2840.800	338.000
82.000	2840.810	273.000
83.000	2840.820	324.000
84.000	2840.830	328.000
85.000	2840.840	304.000
86.000	2840.850	346.000
87.000	2840.860	322.000
88.000	2840.870	330.000
89.000	2840.880	312.000
90.000	2840.890	325.000
91.000	2840.900	315.000
92.000	2840.910	332.000
93.000	2840.920	291.000
94.000	2840.930	315.000
95.000	2840.940	315.000
96.000	2840.950	328.000
97.000	2840.960	307.000
98.000	2840.970	330.000
99.000	2840.980	321.000
100.000	2840.990	326.000
101.000	2841.000	274.000
102.000	2841.010	326.000
103.000	2841.020	341.000
104.000	2841.030	327.000
105.000	2841.040	315.000
106.000	2841.050	332.000
107.000	2841.060	322.000
108.000	2841.070	362.000
109.000	2841.080	344.000
110.000	2841.090	333.000
111.000	2841.100	295.000
112.000	2841.110	337.000
113.000	2841.120	303.000
114.000	2841.130	290.000
115.000	2841.140	327.000
116.000	2841.150	291.000
117.000	2841.160	321.000
118.000	2841.170	325.000
119.000	2841.180	336.000
120.000	2841.190	270.000
121.000	2841.200	299.000
122.000	2841.210	344.000
123.000	2841.220	309.000
124.000	2841.230	327.000
125.000	2841.240	298.000
126.000	2841.250	328.000
127.000	2841.260	312.000
128.000	2841.270	297.000
129.000	2841.280	314.000
130.000	2841.290	295.000
131.000	2841.300	315.000
132.000	2841.310	328.000
133.000	2841.320	318.000
134.000	2841.330	327.000
135.000	2841.340	308.000
136.000	2841.350	295.000
137.000	2841.360	303.000
138.000	2841.370	317.000
139.000	2841.380	294.000
140.000	2841.390	317.000
141.000	2841.400	294.000
142.000	2841.410	321.000
143.000	2841.420	302.000
144.000	2841.430	334.000
145.000	2841.440	325.000
146.000	2841.450	282.000
147.000	2841.460	312.000
148.000	2841.470	329.000
149.000	2841.480	306.000
150.000	2841.490	322.000
151.000	2841.500	315.000
152.000	2841.510	302.000
153.000	2841.520	333.000
154.000	2841.530	295.000
155.000	2841.540	347.000
156.000	2841.550	332.000
157.000	2841.560	332.000
158.000	2841.570	331.000
159.000	2841.580	337.000
160.000	2841.590	299.000
161.000	2841.600	330.000
162.000	2841.610	352.000
163.000	2841.620	327.000
164.000	2841.630	328.000
165.000	2841.640	311.000
166.000	2841.650	325.000
167.000	2841.660	317.000
168.000	2841.670	309.000
169.000	2841.680	327.000
170.000	2841.690	316.000
171.000	2841.700	288.000
172.000	2841.710	336.000
173.000	2841.720	287.000
174.000	2841.730	337.000
175.000	2841.740	332.000
176.000	2841.750	308.000
177.000	2841.760	318.000
178.000	2841.770	315.000
179.000	2841.780	315.000
180.000	2841.790	306.000
181.000	2841.800	325.000
182.000	2841.810	337.000
183.000	2841.820	306.000
184.000	2841.830	310.000
185.000	2841.840	318.000
186.000	2841.850	313.000
187.000	2841.860	348.000
188.000	2841.870	311.000
189.000	2841.880	298.000
190.000	2841.890	356.000
191.000	2841.900	340.000
192.000	2841.910	326.000
193.000	2841.920	298.000
194.000	2841.930	338.000
195.000	2841.940	294.000
196.000	2841.950	304.000
197.000	2841.960	335.000
198.000	2841.970	319.000
199.000	2841.980	307.000
200.000	2841.990	292.000
201.000	2842.000	323.000
202.000	2842.010	323.000
203.000	2842.020	310.000
204.000	2842.030	281.000
205.000	2842.040	331.000
206.000	2842.050	307.000
207.000	2842.060	327.000
208.000	2842.070	318.000
209.000	2842.080	318.000
210.000	2842.090	328.000
211.000	2842.100	321.000
212.000	2842.110	357.000
213.000	2842.120	298.000
214.000	2842.130	306.000
215.000	2842.140	319.000
216.000	2842.150	344.000
217.000	2842.160	316.000
218.000	2842.170	344.000
219.000	2842.180	299.000
220.000	2842.190	325.000
221.000	2842.200	327.000
222.000	2842.210	321.000
223.000	2842.220	326.000
224.000	2842.230	298.000
225.000	2842.240	347.000
226.000	2842.250	309.000
227.000	2842.260	326.000
228.000	2842.270	308.000
229.000	2842.280	315.000
230.000	2842.290	302.000
231.000	2842.300	334.000
232.000	2842.310	305.000
233.000	2842.320	310.000
234.000	2842.330	282.000
235.000	2842.340	312.000
236.000	2842.350	322.000
237.000	2842.360	323.000
238.000	2842.370	318.000
239.000	2842.380	303.000
240.000	2842.390	332.000
241.000	2842.400	320.000
242.000	2842.410	309.000
243.000	2842.420	300.000
244.000	2842.430	344.000
245.000	2842.440	335.000
246.000	2842.450	328.000
247.000	2842.460	323.000
248.000	2842.470	277.000
249.000	2842.480	318.000
250.000	2842.490	316.000
251.000	2842.500	290.000
252.000	2842.510	271.000
253.000	2842.520	274.000
254.000	2842.530	346.000
255.000	2842.540	288.000
256.000	2842.550	306.000
257.000	2842.560	335.000
258.000	2842.570	280.000
259.000	2842.580	299.000
260.000	2842.590	314.000
261.000	2842.600	314.000
262.000	2842.610	334.000
263.000	2842.620	339.000
264.000	2842.630	354.000
265.000	2842.640	302.000
266.000	2842.650	329.000
267.000	2842.660	314.000
268.000	2842.670	293.000
269.000	2842.680	306.000
270.000	2842.690	327.000
271.000	2842.700	325.000
272.000	2842.710	333.000
273.000	2842.720	316.000
274.000	2842.730	367.000
275.000	2842.740	308.000
276.000	2842.750	333.000
277.000	2842.760	301.000
278.000	2842.770	268.000
279.000	2842.780	310.000
280.000	2842.790	264.000
281.000	2842.800	327.000
282.000	2842.810	309.000
283.000	2842.820	321.000
284.000	2842.830	295.000
285.000	2842.840	303.000
286.000	2842.850	311.000
287.000	2842.860	301.000
288.000	2842.870	329.000
289.000	2842.880	349.000
290.000	2842.890	339.000
291.000	2842.900	334.000
292.000	2842.910	310.000
293.000	2842.920	289.000
294.000	2842.930	297.000
295.000	2842.940	292.000
296.000	2842.950	280.000
297.000	2842.960	328.000
298.000	2842.970	336.000
299.000	2842.980	298.000
300.000	2842.990	335.000
301.000	2843.000	339.000
302.000	2843.010	290.000
303.000	2843.020	330.000
304.000	2843.030	308.000
305.000	2843.040	288.000
306.000	2843.050	272.000
307.000	2843.060	349.000
308.000	2843.070	305.000
309.000	2843.080	330.000
310.000	2843.090	324.000
311.000	2843.100	319.000
312.000	2843.110	285.000
313.000	2843.120	275.000
314.000	2843.130	278.000
315.000	2843.140	313.000
316.000	2843.150	299.000
317.000	2843.160	294.000
318.000	2843.170	307.000
319.000	2843.180	311.000
320.000	2843.190	300.000
321.000	2843.200	333.000
322.000	2843.210	286.000
323.000	2843.220	328.000
324.000	2843.230	324.000
325.000	2843.240	284.000
326.000	2843.250	323.000
327.000	2843.260	331.000
328.000	2843.270	272.000
329.000	2843.280	322.000
330.000	2843.290	320.000
331.000	2843.300	288.000
332.000	2843.310	359.000
333.000	2843.320	314.000
334.000	2843.330	297.000
335.000	2843.340	291.000
336.000	2843.350	276.000
337.000	2843.360	297.000
338.000	2843.370	237.000
339.000	2843.380	308.000
340.000	2843.390	287.000
341.000	2843.400	310.000
342.000	2843.410	333.000
343.000	2843.420	317.000
344.000	2843.430	320.000
345.000	2843.440	286.000
346.000	2843.450	325.000
347.000	2843.460	340.000
348.000	2843.470	327.000
349.000	2843.480	294.000
350.000	2843.490	338.000
351.000	2843.500	322.000
352.000	2843.510	281.000
353.000	2843.520	287.000
354.000	2843.530	316.000
355.000	2843.540	316.000
356.000	2843.550	282.000
357.000	2843.560	321.000
358.000	2843.570	312.000
359.000	2843.580	319.000
360.000	2843.590	286.000
361.000	2843.600	303.000
362.000	2843.610	306.000
363.000	2843.620	295.000
364.000	2843.630	295.000
365.000	2843.640	291.000
366.000	2843.650	274.000
367.000	2843.660	339.000
368.000	2843.670	284.000
369.000	2843.680	291.000
370.000	2843.690	278.000
371.000	2843.700	290.000
372.000	2843.710	310.000
373.000	2843.720	275.000
374.000	2843.730	326.000
375.000	2843.740	306.000
376.000	2843.750	337.000
377.000	2843.760	330.000
378.000	2843.770	306.000
379.000	2843.780	292.000
380.000	2843.790	344.000
381.000	2843.800	300.000
382.000	2843.810	317.000
383.000	2843.820	317.000
384.000	2843.830	306.000
385.000	2843.840	295.000
386.000	2843.850	314.000
387.000	2843.860	315.000
388.000	2843.870	343.000
389.000	2843.880	337.000
390.000	2843.890	324.000
391.000	2843.900	305.000
392.000	2843.910	345.000
393.000	2843.920	326.000
394.000	2843.930	340.000
395.000	2843.940	312.000
396.000	2843.950	311.000
397.000	2843.960	305.000
398.000	2843.970	310.000
399.000	2843.980	338.000
400.000	2843.990	291.000
401.000	2844.000	335.000
