1.000	2752.000	260.000
2.000	2753.000	320.000
3.000	2754.000	580.000
4.000	2755.000	290.000
5.000	2756.000	480.000
6.000	2757.000	280.000
7.000	2758.000	290.000
8.000	2759.000	250.000
9.000	2760.000	330.000
10.000	2761.000	220.000
11.000	2762.000	380.000
12.000	2763.000	400.000
13.000	2764.000	430.000
14.000	2765.000	310.000
15.000	2766.000	200.000
16.000	2767.000	350.000
17.000	2768.000	340.000
18.000	2769.000	270.000
19.000	2770.000	350.000
20.000	2771.000	390.000
21.000	2772.000	260.000
22.000	2773.000	300.000
23.000	2774.000	380.000
24.000	2775.000	360.000
25.000	2776.000	250.000
26.000	2777.000	270.000
27.000	2778.000	280.000
28.000	2779.000	260.000
29.000	2780.000	240.000
30.000	2781.000	410.000
31.000	2782.000	270.000
32.000	2783.000	300.000
33.000	2784.000	300.000
34.000	2785.000	350.000
35.000	2786.000	360.000
36.000	2787.000	400.000
37.000	2788.000	380.000
38.000	2789.000	280.000
39.000	2790.000	310.000
40.000	2791.000	340.000
41.000	2792.000	380.000
42.000	2793.000	300.000
43.000	2794.000	210.000
44.000	2795.000	220.000
45.000	2796.000	340.000
46.000	2797.000	330.000
47.000	2798.000	250.000
48.000	2799.000	310.000
49.000	2800.000	320.000
50.000	2801.000	320.000
51.000	2802.000	220.000
52.000	2803.000	310.000
53.000	2804.000	330.000
54.000	2805.000	300.000
55.000	2806.000	340.000
56.000	2807.000	290.000
57.000	2808.000	260.000
58.000	2809.000	380.000
59.000	2810.000	240.000
60.000	2811.000	350.000
61.000	2812.000	320.000
62.000	2813.000	310.000
63.000	2814.000	270.000
64.000	2815.000	280.000
65.000	2816.000	210.000
66.000	2817.000	260.000
67.000	2818.000	400.000
68.000	2819.000	260.000
69.000	2820.000	390.000
70.000	2821.000	350.000
71.000	2822.000	360.000
72.000	2823.000	370.000
73.000	2824.000	320.000
74.000	2825.000	450.000
75.000	2826.000	340.000
76.000	2827.000	310.000
77.000	2828.000	240.000
78.000	2829.000	310.000
79.000	2830.000	310.000
80.000	2831.000	320.000
81.000	2832.000	220.000
82.000	2833.000	200.000
83.000	2834.000	270.000
84.000	2835.000	270.000
85.000	2836.000	370.000
86.000	2837.000	300.000
87.000	2838.000	340.000
88.000	2839.000	280.000
89.000	2840.000	310.000
90.000	2841.000	330.000
91.000	2842.000	240.000
92.000	2843.000	230.000
93.000	2844.000	330.000
94.000	2845.000	200.000
95.000	2846.000	320.000
96.000	2847.000	280.000
97.000	2848.000	400.000
98.000	2849.000	370.000
99.000	2850.000	240.000
100.000	2851.000	480.000
101.000	2852.000	350.000
102.000	2853.000	310.000
103.000	2854.000	300.000
104.000	2855.000	390.000
105.000	2856.000	220.000
106.000	2857.000	360.000
107.000	2858.000	350.000
108.000	2859.000	340.000
109.000	2860.000	270.000
110.000	2861.000	390.000
111.000	2862.000	280.000
112.000	2863.000	340.000
113.000	2864.000	330.000
114.000	2865.000	320.000
115.000	2866.000	280.000
116.000	2867.000	350.000
117.000	2868.000	340.000
118.000	2869.000	260.000
119.000	2870.000	330.000
120.000	2871.000	310.000
121.000	2872.000	360.000
122.000	2873.000	290.000
123.000	2874.000	350.000
124.000	2875.000	520.000
125.000	2876.000	310.000
126.000	2877.000	320.000
127.000	2878.000	320.000
128.000	2879.000	310.000
129.000	2880.000	290.000
130.000	2881.000	360.000
131.000	2882.000	310.000
132.000	2883.000	320.000
133.000	2884.000	300.000
134.000	2885.000	430.000
135.000	2886.000	310.000
136.000	2887.000	510.000
137.000	2888.000	310.000
138.000	2889.000	240.000
139.000	2890.000	400.000
140.000	2891.000	420.000
141.000	2892.000	330.000
142.000	2893.000	430.000
143.000	2894.000	300.000
144.000	2895.000	320.000
145.000	2896.000	300.000
146.000	2897.000	300.000
147.000	2898.000	330.000
148.000	2899.000	270.000
149.000	2900.000	260.000
150.000	2901.000	300.000
151.000	2902.000	280.000
152.000	2903.000	390.000
153.000	2904.000	300.000
154.000	2905.000	360.000
155.000	2906.000	400.000
156.000	2907.000	380.000
157.000	2908.000	260.000
158.000	2909.000	230.000
159.000	2910.000	290.000
160.000	2911.000	340.000
161.000	2912.000	220.000
162.000	2913.000	170.000
163.000	2914.000	420.000
164.000	2915.000	400.000
165.000	2916.000	420.000
166.000	2917.000	350.000
167.000	2918.000	200.000
168.000	2919.000	270.000
169.000	2920.000	370.000
170.000	2921.000	300.000
171.000	2922.000	280.000
172.000	2923.000	470.000
173.000	2924.000	320.000
174.000	2925.000	280.000
175.000	2926.000	370.000
176.000	2927.000	280.000
177.000	2928.000	320.000
178.000	2929.000	350.000
179.000	2930.000	440.000
180.000	2931.000	300.000
181.000	2932.000	360.000
182.000	2933.000	270.000
183.000	2934.000	390.000
184.000	2935.000	250.000
185.000	2936.000	420.000
186.000	2937.000	350.000
187.000	2938.000	340.000
188.000	2939.000	330.000
189.000	2940.000	200.000
190.000	2941.000	340.000
191.000	2942.000	240.000
192.000	2943.000	260.000
193.000	2944.000	300.000
194.000	2945.000	270.000
195.000	2946.000	400.000
196.000	2947.000	260.000
197.000	2948.000	350.000
198.000	2949.000	290.000
199.000	2950.000	310.000
200.000	2951.000	220.000
201.000	2952.000	240.000
