1.000	2840.000	272.000
2.000	2840.100	334.000
3.000	2840.200	328.000
4.000	2840.300	280.000
5.000	2840.400	326.000
6.000	2840.500	324.000
7.000	2840.600	296.000
8.000	2840.700	346.000
9.000	2840.800	304.000
10.000	2840.900	300.000
11.000	2841.000	340.000
12.000	2841.100	340.000
13.000	2841.200	260.000
14.000	2841.300	326.000
15.000	2841.400	316.000
16.000	2841.500	272.000
17.000	2841.600	324.000
18.000	2841.700	344.000
19.000	2841.800	344.000
20.000	2841.900	306.000
21.000	2842.000	320.000
22.000	2842.100	330.000
23.000	2842.200	252.000
24.000	2842.300	284.000
25.000	2842.400	284.000
26.000	2842.500	300.000
27.000	2842.600	310.000
28.000	2842.700	336.000
29.000	2842.800	304.000
30.000	2842.900	298.000
31.000	2843.000	314.000
32.000	2843.100	328.000
33.000	2843.200	294.000
34.000	2843.300	302.000
35.000	2843.400	296.000
36.000	2843.500	314.000
37.000	2843.600	340.000
38.000	2843.700	302.000
39.000	2843.800	332.000
40.000	2843.900	300.000
41.000	2844.000	274.000
