1.000	2840.000	312.000
2.000	2840.010	300.000
3.000	2840.020	298.000
4.000	2840.030	320.000
5.000	2840.040	276.000
6.000	2840.050	344.000
7.000	2840.060	326.000
8.000	2840.070	306.000
9.000	2840.080	348.000
10.000	2840.090	306.000
11.000	2840.100	336.000
12.000	2840.110	300.000
13.000	2840.120	274.000
14.000	2840.130	304.000
15.000	2840.140	312.000
16.000	2840.150	302.000
17.000	2840.160	260.000
18.000	2840.170	316.000
19.000	2840.180	344.000
20.000	2840.190	334.000
21.000	2840.200	322.000
22.000	2840.210	326.000
23.000	2840.220	256.000
24.000	2840.230	296.000
25.000	2840.240	320.000
26.000	2840.250	324.000
27.000	2840.260	332.000
28.000	2840.270	306.000
29.000	2840.280	332.000
30.000	2840.290	324.000
31.000	2840.300	304.000
32.000	2840.310	300.000
33.000	2840.320	322.000
34.000	2840.330	318.000
35.000	2840.340	364.000
36.000	2840.350	310.000
37.000	2840.360	316.000
38.000	2840.370	338.000
39.000	2840.380	298.000
40.000	2840.390	324.000
41.000	2840.400	278.000
42.000	2840.410	330.000
43.000	2840.420	350.000
44.000	2840.430	334.000
45.000	2840.440	366.000
46.000	2840.450	344.000
47.000	2840.460	296.000
48.000	2840.470	356.000
49.000	2840.480	318.000
50.000	2840.490	312.000
51.000	2840.500	318.000
52.000	2840.510	352.000
53.000	2840.520	302.000
54.000	2840.530	312.000
55.000	2840.540	312.000
56.000	2840.550	286.000
57.000	2840.560	344.000
58.000	2840.570	334.000
59.000	2840.580	348.000
60.000	2840.590	278.000
61.000	2840.600	298.000
62.000	2840.610	308.000
63.000	2840.620	334.000
64.000	2840.630	268.000
65.000	2840.640	302.000
66.000	2840.650	260.000
67.000	2840.660	288.000
68.000	2840.670	352.000
69.000	2840.680	286.000
70.000	2840.690	336.000
71.000	2840.700	280.000
72.000	2840.710	354.000
73.000	2840.720	318.000
74.000	2840.730	314.000
75.000	2840.740	300.000
76.000	2840.750	340.000
77.000	2840.760	278.000
78.000	2840.770	296.000
79.000	2840.780	344.000
80.000	2840.790	350.000
81.000	2840.800	274.000
82.000	2840.810	358.000
83.000	2840.820	320.000
84.000	2840.830	338.000
85.000	2840.840	296.000
86.000	2840.850	304.000
87.000	2840.860	298.000
88.000	2840.870	340.000
89.000	2840.880	304.000
90.000	2840.890	322.000
91.000	2840.900	336.000
92.000	2840.910	308.000
93.000	2840.920	288.000
94.000	2840.930	310.000
95.000	2840.940	302.000
96.000	2840.950	340.000
97.000	2840.960	318.000
98.000	2840.970	260.000
99.000	2840.980	266.000
100.000	2840.990	296.000
101.000	2841.000	298.000
102.000	2841.010	288.000
103.000	2841.020	330.000
104.000	2841.030	322.000
105.000	2841.040	336.000
106.000	2841.050	290.000
107.000	2841.060	274.000
108.000	2841.070	332.000
109.000	2841.080	298.000
110.000	2841.090	316.000
111.000	2841.100	292.000
112.000	2841.110	316.000
113.000	2841.120	262.000
114.000	2841.130	354.000
115.000	2841.140	302.000
116.000	2841.150	308.000
117.000	2841.160	310.000
118.000	2841.170	272.000
119.000	2841.180	306.000
120.000	2841.190	332.000
121.000	2841.200	324.000
122.000	2841.210	278.000
123.000	2841.220	362.000
124.000	2841.230	350.000
125.000	2841.240	334.000
126.000	2841.250	334.000
127.000	2841.260	350.000
128.000	2841.270	368.000
129.000	2841.280	256.000
130.000	2841.290	280.000
131.000	2841.300	322.000
132.000	2841.310	284.000
133.000	2841.320	288.000
134.000	2841.330	258.000
135.000	2841.340	356.000
136.000	2841.350	340.000
137.000	2841.360	312.000
138.000	2841.370	326.000
139.000	2841.380	352.000
140.000	2841.390	332.000
141.000	2841.400	278.000
142.000	2841.410	266.000
143.000	2841.420	320.000
144.000	2841.430	292.000
145.000	2841.440	326.000
146.000	2841.450	264.000
147.000	2841.460	308.000
148.000	2841.470	282.000
149.000	2841.480	318.000
150.000	2841.490	322.000
151.000	2841.500	334.000
152.000	2841.510	282.000
153.000	2841.520	338.000
154.000	2841.530	306.000
155.000	2841.540	298.000
156.000	2841.550	320.000
157.000	2841.560	352.000
158.000	2841.570	316.000
159.000	2841.580	266.000
160.000	2841.590	342.000
161.000	2841.600	330.000
162.000	2841.610	302.000
163.000	2841.620	328.000
164.000	2841.630	306.000
165.000	2841.640	266.000
166.000	2841.650	290.000
167.000	2841.660	332.000
168.000	2841.670	362.000
169.000	2841.680	304.000
170.000	2841.690	348.000
171.000	2841.700	292.000
172.000	2841.710	320.000
173.000	2841.720	276.000
174.000	2841.730	274.000
175.000	2841.740	344.000
176.000	2841.750	318.000
177.000	2841.760	260.000
178.000	2841.770	314.000
179.000	2841.780	316.000
180.000	2841.790	290.000
181.000	2841.800	348.000
182.000	2841.810	328.000
183.000	2841.820	354.000
184.000	2841.830	282.000
185.000	2841.840	326.000
186.000	2841.850	326.000
187.000	2841.860	344.000
188.000	2841.870	330.000
189.000	2841.880	302.000
190.000	2841.890	304.000
191.000	2841.900	302.000
192.000	2841.910	304.000
193.000	2841.920	318.000
194.000	2841.930	346.000
195.000	2841.940	356.000
196.000	2841.950	328.000
197.000	2841.960	316.000
198.000	2841.970	328.000
199.000	2841.980	276.000
200.000	2841.990	314.000
201.000	2842.000	330.000
202.000	2842.010	360.000
203.000	2842.020	304.000
204.000	2842.030	348.000
205.000	2842.040	298.000
206.000	2842.050	256.000
207.000	2842.060	330.000
208.000	2842.070	276.000
209.000	2842.080	296.000
210.000	2842.090	358.000
211.000	2842.100	300.000
212.000	2842.110	306.000
213.000	2842.120	270.000
214.000	2842.130	282.000
215.000	2842.140	256.000
216.000	2842.150	328.000
217.000	2842.160	302.000
218.000	2842.170	322.000
219.000	2842.180	320.000
220.000	2842.190	268.000
221.000	2842.200	300.000
222.000	2842.210	344.000
223.000	2842.220	292.000
224.000	2842.230	336.000
225.000	2842.240	316.000
226.000	2842.250	304.000
227.000	2842.260	304.000
228.000	2842.270	286.000
229.000	2842.280	314.000
230.000	2842.290	310.000
231.000	2842.300	294.000
232.000	2842.310	338.000
233.000	2842.320	312.000
234.000	2842.330	296.000
235.000	2842.340	308.000
236.000	2842.350	356.000
237.000	2842.360	292.000
238.000	2842.370	312.000
239.000	2842.380	306.000
240.000	2842.390	288.000
241.000	2842.400	350.000
242.000	2842.410	318.000
243.000	2842.420	320.000
244.000	2842.430	286.000
245.000	2842.440	298.000
246.000	2842.450	284.000
247.000	2842.460	266.000
248.000	2842.470	322.000
249.000	2842.480	324.000
250.000	2842.490	316.000
251.000	2842.500	304.000
252.000	2842.510	318.000
253.000	2842.520	318.000
254.000	2842.530	274.000
255.000	2842.540	298.000
256.000	2842.550	312.000
257.000	2842.560	308.000
258.000	2842.570	312.000
259.000	2842.580	292.000
260.000	2842.590	316.000
261.000	2842.600	304.000
262.000	2842.610	320.000
263.000	2842.620	300.000
264.000	2842.630	330.000
265.000	2842.640	342.000
266.000	2842.650	338.000
267.000	2842.660	330.000
268.000	2842.670	300.000
269.000	2842.680	294.000
270.000	2842.690	362.000
271.000	2842.700	352.000
272.000	2842.710	224.000
273.000	2842.720	348.000
274.000	2842.730	334.000
275.000	2842.740	320.000
276.000	2842.750	376.000
277.000	2842.760	276.000
278.000	2842.770	358.000
279.000	2842.780	306.000
280.000	2842.790	290.000
281.000	2842.800	334.000
282.000	2842.810	324.000
283.000	2842.820	302.000
284.000	2842.830	294.000
285.000	2842.840	306.000
286.000	2842.850	314.000
287.000	2842.860	300.000
288.000	2842.870	268.000
289.000	2842.880	338.000
290.000	2842.890	296.000
291.000	2842.900	256.000
292.000	2842.910	342.000
293.000	2842.920	302.000
294.000	2842.930	296.000
295.000	2842.940	322.000
296.000	2842.950	344.000
297.000	2842.960	326.000
298.000	2842.970	298.000
299.000	2842.980	294.000
300.000	2842.990	288.000
301.000	2843.000	336.000
302.000	2843.010	268.000
303.000	2843.020	330.000
304.000	2843.030	304.000
305.000	2843.040	314.000
306.000	2843.050	330.000
307.000	2843.060	342.000
308.000	2843.070	328.000
309.000	2843.080	372.000
310.000	2843.090	332.000
311.000	2843.100	306.000
312.000	2843.110	310.000
313.000	2843.120	360.000
314.000	2843.130	382.000
315.000	2843.140	364.000
316.000	2843.150	356.000
317.000	2843.160	336.000
318.000	2843.170	326.000
319.000	2843.180	368.000
320.000	2843.190	324.000
321.000	2843.200	384.000
322.000	2843.210	312.000
323.000	2843.220	290.000
324.000	2843.230	314.000
325.000	2843.240	342.000
326.000	2843.250	294.000
327.000	2843.260	322.000
328.000	2843.270	304.000
329.000	2843.280	328.000
330.000	2843.290	324.000
331.000	2843.300	324.000
332.000	2843.310	324.000
333.000	2843.320	314.000
334.000	2843.330	276.000
335.000	2843.340	296.000
336.000	2843.350	310.000
337.000	2843.360	318.000
338.000	2843.370	266.000
339.000	2843.380	296.000
340.000	2843.390	294.000
341.000	2843.400	326.000
342.000	2843.410	252.000
343.000	2843.420	320.000
344.000	2843.430	314.000
345.000	2843.440	386.000
346.000	2843.450	352.000
347.000	2843.460	318.000
348.000	2843.470	260.000
349.000	2843.480	338.000
350.000	2843.490	390.000
351.000	2843.500	292.000
352.000	2843.510	310.000
353.000	2843.520	294.000
354.000	2843.530	300.000
355.000	2843.540	316.000
356.000	2843.550	300.000
357.000	2843.560	322.000
358.000	2843.570	280.000
359.000	2843.580	298.000
360.000	2843.590	268.000
361.000	2843.600	308.000
362.000	2843.610	376.000
363.000	2843.620	294.000
364.000	2843.630	334.000
365.000	2843.640	316.000
366.000	2843.650	322.000
367.000	2843.660	294.000
368.000	2843.670	324.000
369.000	2843.680	394.000
370.000	2843.690	280.000
371.000	2843.700	340.000
372.000	2843.710	306.000
373.000	2843.720	324.000
374.000	2843.730	364.000
375.000	2843.740	288.000
376.000	2843.750	334.000
377.000	2843.760	296.000
378.000	2843.770	350.000
379.000	2843.780	326.000
380.000	2843.790	276.000
381.000	2843.800	294.000
382.000	2843.810	284.000
383.000	2843.820	328.000
384.000	2843.830	302.000
385.000	2843.840	292.000
386.000	2843.850	300.000
387.000	2843.860	306.000
388.000	2843.870	332.000
389.000	2843.880	312.000
390.000	2843.890	326.000
391.000	2843.900	300.000
392.000	2843.910	346.000
393.000	2843.920	286.000
394.000	2843.930	290.000
395.000	2843.940	272.000
396.000	2843.950	322.000
397.000	2843.960	300.000
398.000	2843.970	348.000
399.000	2843.980	294.000
400.000	2843.990	330.000
401.000	2844.000	288.000
