1.000	6245.000	8880.000
2.000	6245.010	8420.000
3.000	6245.020	9780.000
4.000	6245.030	9710.000
5.000	6245.040	9590.000
6.000	6245.050	9910.000
7.000	6245.060	10210.000
8.000	6245.070	9400.000
9.000	6245.080	9600.000
10.000	6245.090	10590.000
11.000	6245.100	9950.000
12.000	6245.110	9810.000
13.000	6245.120	10290.000
14.000	6245.130	10900.000
15.000	6245.140	10590.000
16.000	6245.150	10460.000
17.000	6245.160	10160.000
18.000	6245.170	10320.000
19.000	6245.180	10120.000
20.000	6245.190	9380.000
21.000	6245.200	9640.000
22.000	6245.210	9140.000
23.000	6245.220	9670.000
24.000	6245.230	9780.000
25.000	6245.240	9260.000
26.000	6245.250	9900.000
27.000	6245.260	8680.000
28.000	6245.270	8900.000
29.000	6245.280	8670.000
30.000	6245.290	8710.000
31.000	6245.300	8100.000
32.000	6245.310	8270.000
33.000	6245.320	8170.000
34.000	6245.330	7310.000
35.000	6245.340	7900.000
36.000	6245.350	7840.000
37.000	6245.360	6710.000
38.000	6245.370	6660.000
39.000	6245.380	6460.000
40.000	6245.390	6950.000
41.000	6245.400	6440.000
42.000	6245.410	5980.000
43.000	6245.420	6330.000
44.000	6245.430	5350.000
45.000	6245.440	5650.000
46.000	6245.450	5130.000
47.000	6245.460	4890.000
48.000	6245.470	5010.000
49.000	6245.480	4520.000
50.000	6245.490	4300.000
51.000	6245.500	4420.000
52.000	6245.510	4000.000
53.000	6245.520	3880.000
54.000	6245.530	3660.000
55.000	6245.540	4070.000
56.000	6245.550	3380.000
57.000	6245.560	3180.000
58.000	6245.570	3510.000
59.000	6245.580	3400.000
60.000	6245.590	3310.000
61.000	6245.600	3220.000
62.000	6245.610	2980.000
63.000	6245.620	2920.000
64.000	6245.630	3050.000
65.000	6245.640	2920.000
66.000	6245.650	3200.000
67.000	6245.660	3300.000
68.000	6245.670	3070.000
69.000	6245.680	2990.000
70.000	6245.690	2680.000
71.000	6245.700	2690.000
72.000	6245.710	2570.000
73.000	6245.720	2760.000
74.000	6245.730	2710.000
75.000	6245.740	2760.000
76.000	6245.750	2840.000
77.000	6245.760	3030.000
78.000	6245.770	2570.000
79.000	6245.780	2360.000
80.000	6245.790	2950.000
81.000	6245.800	2930.000
82.000	6245.810	2540.000
83.000	6245.820	2360.000
84.000	6245.830	2570.000
85.000	6245.840	2720.000
86.000	6245.850	2790.000
87.000	6245.860	2890.000
88.000	6245.870	2810.000
89.000	6245.880	2510.000
90.000	6245.890	2640.000
91.000	6245.900	2540.000
92.000	6245.910	2690.000
93.000	6245.920	2620.000
94.000	6245.930	2430.000
95.000	6245.940	2890.000
96.000	6245.950	2130.000
97.000	6245.960	2790.000
98.000	6245.970	2690.000
99.000	6245.980	2970.000
100.000	6245.990	2630.000
101.000	6246.000	2630.000
102.000	6246.010	2950.000
103.000	6246.020	3080.000
104.000	6246.030	2960.000
105.000	6246.040	2740.000
106.000	6246.050	2990.000
107.000	6246.060	3030.000
108.000	6246.070	2990.000
109.000	6246.080	3330.000
110.000	6246.090	2860.000
111.000	6246.100	3410.000
112.000	6246.110	2950.000
113.000	6246.120	3340.000
114.000	6246.130	3350.000
115.000	6246.140	3170.000
116.000	6246.150	3470.000
117.000	6246.160	3130.000
118.000	6246.170	3440.000
119.000	6246.180	3490.000
120.000	6246.190	3360.000
121.000	6246.200	3120.000
122.000	6246.210	3070.000
123.000	6246.220	3380.000
124.000	6246.230	3230.000
125.000	6246.240	3700.000
126.000	6246.250	3480.000
127.000	6246.260	3450.000
128.000	6246.270	3700.000
129.000	6246.280	3760.000
130.000	6246.290	3580.000
131.000	6246.300	3610.000
132.000	6246.310	4100.000
133.000	6246.320	3960.000
134.000	6246.330	4320.000
135.000	6246.340	3220.000
136.000	6246.350	3870.000
137.000	6246.360	3600.000
138.000	6246.370	4290.000
139.000	6246.380	3860.000
140.000	6246.390	3880.000
141.000	6246.400	3620.000
142.000	6246.410	3650.000
143.000	6246.420	3710.000
144.000	6246.430	3640.000
145.000	6246.440	3450.000
146.000	6246.450	3540.000
147.000	6246.460	3690.000
148.000	6246.470	3410.000
149.000	6246.480	3490.000
150.000	6246.490	3580.000
151.000	6246.500	3620.000
152.000	6246.510	3640.000
153.000	6246.520	3370.000
154.000	6246.530	3200.000
155.000	6246.540	3690.000
156.000	6246.550	3720.000
157.000	6246.560	3470.000
158.000	6246.570	3010.000
159.000	6246.580	3100.000
160.000	6246.590	2970.000
161.000	6246.600	2930.000
162.000	6246.610	3220.000
163.000	6246.620	3520.000
164.000	6246.630	3060.000
165.000	6246.640	3100.000
166.000	6246.650	3000.000
167.000	6246.660	3350.000
168.000	6246.670	3070.000
169.000	6246.680	2890.000
170.000	6246.690	2990.000
171.000	6246.700	3240.000
172.000	6246.710	3070.000
173.000	6246.720	2980.000
174.000	6246.730	2890.000
175.000	6246.740	2940.000
176.000	6246.750	2880.000
177.000	6246.760	2740.000
178.000	6246.770	2900.000
179.000	6246.780	3130.000
180.000	6246.790	3150.000
181.000	6246.800	2710.000
182.000	6246.810	2690.000
183.000	6246.820	3030.000
184.000	6246.830	2470.000
185.000	6246.840	3090.000
186.000	6246.850	3030.000
187.000	6246.860	3480.000
188.000	6246.870	3060.000
189.000	6246.880	3060.000
190.000	6246.890	2930.000
191.000	6246.900	3320.000
192.000	6246.910	3280.000
193.000	6246.920	3290.000
194.000	6246.930	2940.000
195.000	6246.940	3400.000
196.000	6246.950	3430.000
197.000	6246.960	3610.000
198.000	6246.970	3530.000
199.000	6246.980	3580.000
200.000	6246.990	3750.000
201.000	6247.000	3530.000
202.000	6247.010	4140.000
203.000	6247.020	4240.000
204.000	6247.030	3760.000
205.000	6247.040	3860.000
206.000	6247.050	4120.000
207.000	6247.060	4320.000
208.000	6247.070	4300.000
209.000	6247.080	4720.000
210.000	6247.090	4550.000
211.000	6247.100	4340.000
212.000	6247.110	4550.000
213.000	6247.120	4340.000
214.000	6247.130	4530.000
215.000	6247.140	4800.000
216.000	6247.150	5460.000
217.000	6247.160	6080.000
218.000	6247.170	6110.000
219.000	6247.180	6060.000
220.000	6247.190	7410.000
221.000	6247.200	7240.000
222.000	6247.210	7920.000
223.000	6247.220	8620.000
224.000	6247.230	8110.000
225.000	6247.240	10140.000
226.000	6247.250	9830.000
227.000	6247.260	10300.000
228.000	6247.270	11360.000
229.000	6247.280	11520.000
230.000	6247.290	11430.000
231.000	6247.300	12880.000
232.000	6247.310	12930.000
233.000	6247.320	14440.000
234.000	6247.330	14760.000
235.000	6247.340	15230.000
236.000	6247.350	15690.000
237.000	6247.360	16140.000
238.000	6247.370	16600.000
239.000	6247.380	16780.000
240.000	6247.390	17370.000
241.000	6247.400	17850.000
242.000	6247.410	18440.000
243.000	6247.420	18870.000
244.000	6247.430	21070.000
245.000	6247.440	20020.000
246.000	6247.450	21380.000
247.000	6247.460	21600.000
248.000	6247.470	22520.000
249.000	6247.480	24470.000
250.000	6247.490	23940.000
251.000	6247.500	24980.000
252.000	6247.510	25930.000
253.000	6247.520	25930.000
254.000	6247.530	27680.000
255.000	6247.540	27710.000
256.000	6247.550	27640.000
257.000	6247.560	29550.000
258.000	6247.570	30220.000
259.000	6247.580	30250.000
260.000	6247.590	30870.000
261.000	6247.600	30720.000
262.000	6247.610	31590.000
263.000	6247.620	31120.000
264.000	6247.630	31320.000
265.000	6247.640	31180.000
266.000	6247.650	31470.000
267.000	6247.660	32980.000
268.000	6247.670	31600.000
269.000	6247.680	32380.000
270.000	6247.690	32560.000
271.000	6247.700	32620.000
272.000	6247.710	31750.000
273.000	6247.720	31580.000
274.000	6247.730	31580.000
275.000	6247.740	31980.000
276.000	6247.750	30670.000
277.000	6247.760	32200.000
278.000	6247.770	31480.000
279.000	6247.780	30080.000
280.000	6247.790	30540.000
281.000	6247.800	30150.000
282.000	6247.810	30240.000
283.000	6247.820	31100.000
284.000	6247.830	29380.000
285.000	6247.840	30170.000
286.000	6247.850	28800.000
287.000	6247.860	29140.000
288.000	6247.870	29840.000
289.000	6247.880	27870.000
290.000	6247.890	26280.000
291.000	6247.900	26830.000
292.000	6247.910	25120.000
293.000	6247.920	26120.000
294.000	6247.930	23350.000
295.000	6247.940	23990.000
296.000	6247.950	22810.000
297.000	6247.960	22000.000
298.000	6247.970	20120.000
299.000	6247.980	20040.000
300.000	6247.990	19640.000
301.000	6248.000	19630.000
302.000	6248.010	19210.000
303.000	6248.020	18290.000
304.000	6248.030	18830.000
305.000	6248.040	16770.000
306.000	6248.050	16290.000
307.000	6248.060	16450.000
308.000	6248.070	13880.000
309.000	6248.080	15070.000
310.000	6248.090	14510.000
311.000	6248.100	13240.000
312.000	6248.110	13380.000
313.000	6248.120	12460.000
314.000	6248.130	12660.000
315.000	6248.140	11560.000
316.000	6248.150	10610.000
317.000	6248.160	11260.000
318.000	6248.170	10380.000
319.000	6248.180	10340.000
320.000	6248.190	10330.000
321.000	6248.200	8920.000
322.000	6248.210	8030.000
323.000	6248.220	8260.000
324.000	6248.230	7690.000
325.000	6248.240	7060.000
326.000	6248.250	6670.000
327.000	6248.260	6500.000
328.000	6248.270	6920.000
329.000	6248.280	6020.000
330.000	6248.290	5850.000
331.000	6248.300	5660.000
332.000	6248.310	5080.000
333.000	6248.320	5230.000
334.000	6248.330	5370.000
335.000	6248.340	5660.000
336.000	6248.350	5520.000
337.000	6248.360	5520.000
338.000	6248.370	5270.000
339.000	6248.380	4400.000
340.000	6248.390	4980.000
341.000	6248.400	5790.000
342.000	6248.410	4710.000
343.000	6248.420	4940.000
344.000	6248.430	5040.000
345.000	6248.440	5010.000
346.000	6248.450	4520.000
347.000	6248.460	4650.000
348.000	6248.470	4970.000
349.000	6248.480	4930.000
350.000	6248.490	4780.000
351.000	6248.500	4940.000
352.000	6248.510	4850.000
353.000	6248.520	4930.000
354.000	6248.530	5150.000
355.000	6248.540	5340.000
356.000	6248.550	4810.000
357.000	6248.560	5330.000
358.000	6248.570	4780.000
359.000	6248.580	5030.000
360.000	6248.590	5090.000
361.000	6248.600	5150.000
362.000	6248.610	5280.000
363.000	6248.620	5430.000
364.000	6248.630	5420.000
365.000	6248.640	4900.000
366.000	6248.650	5560.000
367.000	6248.660	5630.000
368.000	6248.670	5420.000
369.000	6248.680	5780.000
370.000	6248.690	5760.000
371.000	6248.700	5680.000
372.000	6248.710	5610.000
373.000	6248.720	5490.000
374.000	6248.730	6180.000
375.000	6248.740	6130.000
376.000	6248.750	6030.000
377.000	6248.760	5870.000
378.000	6248.770	6040.000
379.000	6248.780	6110.000
380.000	6248.790	6510.000
381.000	6248.800	6600.000
382.000	6248.810	6350.000
383.000	6248.820	6540.000
384.000	6248.830	5890.000
385.000	6248.840	6380.000
386.000	6248.850	6780.000
387.000	6248.860	6780.000
388.000	6248.870	6080.000
389.000	6248.880	6860.000
390.000	6248.890	7130.000
391.000	6248.900	6470.000
392.000	6248.910	6900.000
393.000	6248.920	7170.000
394.000	6248.930	7270.000
395.000	6248.940	6950.000
396.000	6248.950	7360.000
397.000	6248.960	7190.000
398.000	6248.970	7070.000
399.000	6248.980	7870.000
400.000	6248.990	8450.000
401.000	6249.000	8580.000
402.000	6249.010	8810.000
403.000	6249.020	9140.000
404.000	6249.030	9650.000
405.000	6249.040	10050.000
406.000	6249.050	9490.000
407.000	6249.060	10590.000
408.000	6249.070	10240.000
409.000	6249.080	11570.000
410.000	6249.090	11610.000
411.000	6249.100	12110.000
412.000	6249.110	12580.000
413.000	6249.120	12460.000
414.000	6249.130	13510.000
415.000	6249.140	13840.000
416.000	6249.150	12950.000
417.000	6249.160	14300.000
418.000	6249.170	14170.000
419.000	6249.180	14720.000
420.000	6249.190	16080.000
421.000	6249.200	15370.000
422.000	6249.210	16480.000
423.000	6249.220	16730.000
424.000	6249.230	17080.000
425.000	6249.240	17710.000
426.000	6249.250	17770.000
427.000	6249.260	17870.000
428.000	6249.270	18920.000
429.000	6249.280	19990.000
430.000	6249.290	19380.000
431.000	6249.300	19890.000
432.000	6249.310	20360.000
433.000	6249.320	19930.000
434.000	6249.330	20040.000
435.000	6249.340	20670.000
436.000	6249.350	21400.000
437.000	6249.360	20490.000
438.000	6249.370	20300.000
439.000	6249.380	22150.000
440.000	6249.390	21260.000
441.000	6249.400	21340.000
442.000	6249.410	21310.000
443.000	6249.420	20970.000
444.000	6249.430	20580.000
445.000	6249.440	20690.000
446.000	6249.450	20060.000
447.000	6249.460	19550.000
448.000	6249.470	20040.000
449.000	6249.480	18000.000
450.000	6249.490	19160.000
451.000	6249.500	17940.000
452.000	6249.510	18050.000
453.000	6249.520	16920.000
454.000	6249.530	17280.000
455.000	6249.540	17700.000
456.000	6249.550	17220.000
457.000	6249.560	16440.000
458.000	6249.570	15400.000
459.000	6249.580	16120.000
460.000	6249.590	14400.000
461.000	6249.600	14430.000
462.000	6249.610	14060.000
463.000	6249.620	13000.000
464.000	6249.630	13550.000
465.000	6249.640	12110.000
466.000	6249.650	10850.000
467.000	6249.660	12360.000
468.000	6249.670	10530.000
469.000	6249.680	10000.000
470.000	6249.690	9890.000
471.000	6249.700	10010.000
472.000	6249.710	9560.000
473.000	6249.720	8330.000
474.000	6249.730	8530.000
475.000	6249.740	8580.000
476.000	6249.750	7650.000
477.000	6249.760	7110.000
478.000	6249.770	7510.000
479.000	6249.780	7160.000
480.000	6249.790	7180.000
481.000	6249.800	6360.000
482.000	6249.810	6680.000
483.000	6249.820	6870.000
484.000	6249.830	7070.000
485.000	6249.840	6150.000
486.000	6249.850	6960.000
487.000	6249.860	6400.000
488.000	6249.870	6390.000
489.000	6249.880	6300.000
490.000	6249.890	6390.000
491.000	6249.900	6090.000
492.000	6249.910	6220.000
493.000	6249.920	5790.000
494.000	6249.930	5900.000
495.000	6249.940	6690.000
496.000	6249.950	6350.000
497.000	6249.960	6060.000
498.000	6249.970	6340.000
499.000	6249.980	6130.000
500.000	6249.990	6040.000
501.000	6250.000	5830.000
