1.000	6510.800	418.000
2.000	6510.802	392.000
3.000	6510.805	414.000
4.000	6510.807	398.000
5.000	6510.810	474.000
6.000	6510.812	438.000
7.000	6510.815	404.000
8.000	6510.818	446.000
9.000	6510.820	436.000
10.000	6510.823	402.000
11.000	6510.825	420.000
12.000	6510.828	424.000
13.000	6510.830	460.000
14.000	6510.833	382.000
15.000	6510.835	410.000
16.000	6510.838	458.000
17.000	6510.840	430.000
18.000	6510.842	460.000
19.000	6510.845	460.000
20.000	6510.847	454.000
21.000	6510.850	478.000
22.000	6510.852	488.000
23.000	6510.855	418.000
24.000	6510.858	484.000
25.000	6510.860	506.000
26.000	6510.863	404.000
27.000	6510.865	444.000
28.000	6510.868	460.000
29.000	6510.870	434.000
30.000	6510.873	540.000
31.000	6510.875	450.000
32.000	6510.878	496.000
33.000	6510.880	422.000
34.000	6510.883	466.000
35.000	6510.885	522.000
36.000	6510.887	520.000
37.000	6510.890	556.000
38.000	6510.892	496.000
39.000	6510.895	488.000
40.000	6510.898	488.000
41.000	6510.900	558.000
42.000	6510.903	492.000
43.000	6510.905	524.000
44.000	6510.908	462.000
45.000	6510.910	530.000
46.000	6510.913	512.000
47.000	6510.915	474.000
48.000	6510.918	508.000
49.000	6510.920	548.000
50.000	6510.923	576.000
51.000	6510.925	512.000
52.000	6510.927	602.000
53.000	6510.930	552.000
54.000	6510.932	542.000
55.000	6510.935	524.000
56.000	6510.937	558.000
57.000	6510.940	610.000
58.000	6510.943	548.000
59.000	6510.945	580.000
60.000	6510.948	644.000
61.000	6510.950	632.000
62.000	6510.953	742.000
63.000	6510.955	616.000
64.000	6510.958	690.000
65.000	6510.960	630.000
66.000	6510.963	656.000
67.000	6510.965	666.000
68.000	6510.967	640.000
69.000	6510.970	724.000
70.000	6510.972	752.000
71.000	6510.975	784.000
72.000	6510.977	746.000
73.000	6510.980	794.000
74.000	6510.983	808.000
75.000	6510.985	826.000
76.000	6510.988	788.000
77.000	6510.990	836.000
78.000	6510.993	848.000
79.000	6510.995	900.000
80.000	6510.998	970.000
81.000	6511.000	852.000
82.000	6511.003	924.000
83.000	6511.005	984.000
84.000	6511.008	896.000
85.000	6511.010	1022.000
86.000	6511.012	976.000
87.000	6511.015	1020.000
88.000	6511.017	1046.000
89.000	6511.020	1126.000
90.000	6511.023	1232.000
91.000	6511.025	1048.000
92.000	6511.028	1256.000
93.000	6511.030	1320.000
94.000	6511.033	1330.000
95.000	6511.035	1390.000
96.000	6511.038	1336.000
97.000	6511.040	1442.000
98.000	6511.043	1446.000
99.000	6511.045	1546.000
100.000	6511.048	1570.000
101.000	6511.050	1658.000
102.000	6511.052	1782.000
103.000	6511.055	1792.000
104.000	6511.057	1822.000
105.000	6511.060	2054.000
106.000	6511.062	1902.000
107.000	6511.065	2184.000
108.000	6511.068	1944.000
109.000	6511.070	2040.000
110.000	6511.073	2170.000
111.000	6511.075	2340.000
112.000	6511.078	2340.000
113.000	6511.080	2594.000
114.000	6511.083	2544.000
115.000	6511.085	2420.000
116.000	6511.088	2908.000
117.000	6511.090	2766.000
118.000	6511.092	2914.000
119.000	6511.095	2878.000
120.000	6511.097	2970.000
121.000	6511.100	2970.000
122.000	6511.102	3156.000
123.000	6511.105	3176.000
124.000	6511.108	3160.000
125.000	6511.110	3340.000
126.000	6511.113	3648.000
127.000	6511.115	3546.000
128.000	6511.118	3696.000
129.000	6511.120	3860.000
130.000	6511.123	3778.000
131.000	6511.125	4000.000
132.000	6511.128	3838.000
133.000	6511.130	4154.000
134.000	6511.133	4310.000
135.000	6511.135	4420.000
136.000	6511.137	4172.000
137.000	6511.140	4462.000
138.000	6511.142	4544.000
139.000	6511.145	4488.000
140.000	6511.148	4374.000
141.000	6511.150	4470.000
142.000	6511.153	4790.000
143.000	6511.155	4766.000
144.000	6511.158	4698.000
145.000	6511.160	4960.000
146.000	6511.163	4962.000
147.000	6511.165	5120.000
148.000	6511.168	5230.000
149.000	6511.170	5010.000
150.000	6511.173	5150.000
151.000	6511.175	5184.000
152.000	6511.177	5322.000
153.000	6511.180	5336.000
154.000	6511.182	5258.000
155.000	6511.185	5302.000
156.000	6511.187	5234.000
157.000	6511.190	5154.000
158.000	6511.193	5342.000
159.000	6511.195	5480.000
160.000	6511.198	5240.000
161.000	6511.200	5612.000
162.000	6511.203	5562.000
163.000	6511.205	5552.000
164.000	6511.208	5678.000
165.000	6511.210	5724.000
166.000	6511.213	5680.000
167.000	6511.215	5896.000
168.000	6511.217	5828.000
169.000	6511.220	5962.000
170.000	6511.222	5978.000
171.000	6511.225	5794.000
172.000	6511.227	5876.000
173.000	6511.230	5976.000
174.000	6511.233	6008.000
175.000	6511.235	6254.000
176.000	6511.238	6364.000
177.000	6511.240	6128.000
178.000	6511.243	5968.000
179.000	6511.245	6442.000
180.000	6511.248	6266.000
181.000	6511.250	6324.000
182.000	6511.253	6480.000
183.000	6511.255	6324.000
184.000	6511.258	6468.000
185.000	6511.260	6430.000
186.000	6511.262	6550.000
187.000	6511.265	6486.000
188.000	6511.267	6416.000
189.000	6511.270	6492.000
190.000	6511.273	6492.000
191.000	6511.275	6424.000
192.000	6511.278	6660.000
193.000	6511.280	6342.000
194.000	6511.283	6452.000
195.000	6511.285	6446.000
196.000	6511.288	6330.000
197.000	6511.290	6202.000
198.000	6511.293	6334.000
199.000	6511.295	6018.000
200.000	6511.298	5954.000
201.000	6511.300	5950.000
202.000	6511.302	6044.000
203.000	6511.305	6038.000
204.000	6511.307	6286.000
205.000	6511.310	5802.000
206.000	6511.312	5814.000
207.000	6511.315	5748.000
208.000	6511.318	5518.000
209.000	6511.320	5390.000
210.000	6511.323	5428.000
211.000	6511.325	5298.000
212.000	6511.328	5302.000
213.000	6511.330	4896.000
214.000	6511.333	4908.000
215.000	6511.335	4954.000
216.000	6511.338	4966.000
217.000	6511.340	4952.000
218.000	6511.342	4836.000
219.000	6511.345	4614.000
220.000	6511.347	4588.000
221.000	6511.350	4436.000
222.000	6511.352	4378.000
223.000	6511.355	4228.000
224.000	6511.358	4056.000
225.000	6511.360	3840.000
226.000	6511.363	3968.000
227.000	6511.365	3860.000
228.000	6511.368	3846.000
229.000	6511.370	3630.000
230.000	6511.373	3142.000
231.000	6511.375	3278.000
232.000	6511.378	3400.000
233.000	6511.380	3028.000
234.000	6511.383	2840.000
235.000	6511.385	3026.000
236.000	6511.387	3096.000
237.000	6511.390	2950.000
238.000	6511.392	2604.000
239.000	6511.395	2634.000
240.000	6511.398	2798.000
241.000	6511.400	2468.000
242.000	6511.403	2372.000
243.000	6511.405	2416.000
244.000	6511.408	2276.000
245.000	6511.410	2314.000
246.000	6511.413	2028.000
247.000	6511.415	2036.000
248.000	6511.418	2080.000
249.000	6511.420	1946.000
250.000	6511.423	1800.000
251.000	6511.425	1844.000
252.000	6511.427	1764.000
253.000	6511.430	1680.000
254.000	6511.432	1568.000
255.000	6511.435	1502.000
256.000	6511.437	1584.000
257.000	6511.440	1532.000
258.000	6511.443	1462.000
259.000	6511.445	1420.000
260.000	6511.448	1408.000
261.000	6511.450	1432.000
262.000	6511.453	1336.000
263.000	6511.455	1266.000
264.000	6511.458	1242.000
265.000	6511.460	1258.000
266.000	6511.463	1172.000
267.000	6511.465	1144.000
268.000	6511.467	1120.000
269.000	6511.470	1162.000
270.000	6511.472	994.000
271.000	6511.475	954.000
272.000	6511.477	1006.000
273.000	6511.480	956.000
274.000	6511.483	960.000
275.000	6511.485	950.000
276.000	6511.488	776.000
277.000	6511.490	864.000
278.000	6511.493	846.000
279.000	6511.495	796.000
280.000	6511.498	830.000
281.000	6511.500	734.000
282.000	6511.503	740.000
283.000	6511.505	702.000
284.000	6511.508	696.000
285.000	6511.510	696.000
286.000	6511.512	700.000
287.000	6511.515	680.000
288.000	6511.517	640.000
289.000	6511.520	738.000
290.000	6511.523	670.000
291.000	6511.525	684.000
292.000	6511.528	642.000
293.000	6511.530	620.000
294.000	6511.533	670.000
295.000	6511.535	648.000
296.000	6511.538	598.000
297.000	6511.540	644.000
298.000	6511.543	568.000
299.000	6511.545	548.000
300.000	6511.548	592.000
301.000	6511.550	548.000
302.000	6511.552	520.000
303.000	6511.555	618.000
304.000	6511.557	632.000
305.000	6511.560	530.000
306.000	6511.562	490.000
307.000	6511.565	480.000
308.000	6511.568	436.000
309.000	6511.570	516.000
310.000	6511.573	464.000
311.000	6511.575	510.000
312.000	6511.578	426.000
313.000	6511.580	484.000
314.000	6511.583	462.000
315.000	6511.585	416.000
316.000	6511.588	486.000
317.000	6511.590	514.000
318.000	6511.592	414.000
319.000	6511.595	474.000
320.000	6511.597	490.000
321.000	6511.600	466.000
322.000	6511.602	460.000
323.000	6511.605	448.000
324.000	6511.608	400.000
325.000	6511.610	434.000
326.000	6511.613	420.000
327.000	6511.615	460.000
328.000	6511.618	502.000
329.000	6511.620	454.000
330.000	6511.623	434.000
331.000	6511.625	416.000
332.000	6511.628	408.000
333.000	6511.630	452.000
334.000	6511.633	444.000
335.000	6511.635	464.000
336.000	6511.637	404.000
337.000	6511.640	482.000
338.000	6511.642	450.000
339.000	6511.645	380.000
340.000	6511.648	344.000
341.000	6511.650	460.000
342.000	6511.653	438.000
343.000	6511.655	454.000
344.000	6511.658	366.000
345.000	6511.660	426.000
346.000	6511.663	460.000
347.000	6511.665	450.000
348.000	6511.668	460.000
349.000	6511.670	436.000
350.000	6511.673	362.000
351.000	6511.675	438.000
352.000	6511.677	450.000
353.000	6511.680	400.000
354.000	6511.682	468.000
355.000	6511.685	374.000
356.000	6511.687	390.000
357.000	6511.690	404.000
358.000	6511.693	410.000
359.000	6511.695	394.000
360.000	6511.698	410.000
361.000	6511.700	384.000
