1.000	6510.800	3946.000
2.000	6510.802	4222.000
3.000	6510.805	4140.000
4.000	6510.807	4400.000
5.000	6510.810	4674.000
6.000	6510.812	4832.000
7.000	6510.815	4658.000
8.000	6510.818	4786.000
9.000	6510.820	5154.000
10.000	6510.823	4964.000
11.000	6510.825	5036.000
12.000	6510.828	4956.000
13.000	6510.830	5308.000
14.000	6510.833	5616.000
15.000	6510.835	5538.000
16.000	6510.838	5750.000
17.000	6510.840	5952.000
18.000	6510.842	5756.000
19.000	6510.845	6066.000
20.000	6510.847	5938.000
21.000	6510.850	6324.000
22.000	6510.852	6572.000
23.000	6510.855	6360.000
24.000	6510.858	6532.000
25.000	6510.860	6576.000
26.000	6510.863	6750.000
27.000	6510.865	6832.000
28.000	6510.868	7094.000
29.000	6510.870	7242.000
30.000	6510.873	7380.000
31.000	6510.875	7446.000
32.000	6510.878	7422.000
33.000	6510.880	7516.000
34.000	6510.883	7336.000
35.000	6510.885	7574.000
36.000	6510.887	7660.000
37.000	6510.890	7920.000
38.000	6510.892	7948.000
39.000	6510.895	8058.000
40.000	6510.898	7888.000
41.000	6510.900	8090.000
42.000	6510.903	8252.000
43.000	6510.905	8598.000
44.000	6510.908	8394.000
45.000	6510.910	8520.000
46.000	6510.913	8390.000
47.000	6510.915	8608.000
48.000	6510.918	8308.000
49.000	6510.920	8834.000
50.000	6510.923	8762.000
51.000	6510.925	8926.000
52.000	6510.927	9022.000
53.000	6510.930	8804.000
54.000	6510.932	8970.000
55.000	6510.935	8870.000
56.000	6510.937	9056.000
57.000	6510.940	9352.000
58.000	6510.943	9572.000
59.000	6510.945	9304.000
60.000	6510.948	9344.000
61.000	6510.950	9672.000
62.000	6510.953	9538.000
63.000	6510.955	9620.000
64.000	6510.958	9848.000
65.000	6510.960	9600.000
66.000	6510.963	9682.000
67.000	6510.965	9220.000
68.000	6510.967	9652.000
69.000	6510.970	9788.000
70.000	6510.972	9638.000
71.000	6510.975	10018.000
72.000	6510.977	9764.000
73.000	6510.980	10164.000
74.000	6510.983	9924.000
75.000	6510.985	10044.000
76.000	6510.988	9864.000
77.000	6510.990	10198.000
78.000	6510.993	10214.000
79.000	6510.995	9872.000
80.000	6510.998	10104.000
81.000	6511.000	10040.000
82.000	6511.003	9898.000
83.000	6511.005	10004.000
84.000	6511.008	9804.000
85.000	6511.010	9988.000
86.000	6511.012	9888.000
87.000	6511.015	10054.000
88.000	6511.017	9876.000
89.000	6511.020	9986.000
90.000	6511.023	10006.000
91.000	6511.025	9832.000
92.000	6511.028	9706.000
93.000	6511.030	9640.000
94.000	6511.033	9750.000
95.000	6511.035	9590.000
96.000	6511.038	9554.000
97.000	6511.040	9522.000
98.000	6511.043	9544.000
99.000	6511.045	9238.000
100.000	6511.048	9294.000
101.000	6511.050	9094.000
102.000	6511.052	8728.000
103.000	6511.055	8594.000
104.000	6511.057	8914.000
105.000	6511.060	8490.000
106.000	6511.062	8400.000
107.000	6511.065	8386.000
108.000	6511.068	8392.000
109.000	6511.070	8450.000
110.000	6511.073	8046.000
111.000	6511.075	7862.000
112.000	6511.078	7894.000
113.000	6511.080	7748.000
114.000	6511.083	7220.000
115.000	6511.085	7292.000
116.000	6511.088	6834.000
117.000	6511.090	7004.000
118.000	6511.092	6618.000
119.000	6511.095	6516.000
120.000	6511.097	6542.000
121.000	6511.100	6232.000
122.000	6511.102	6088.000
123.000	6511.105	5918.000
124.000	6511.108	6020.000
125.000	6511.110	5596.000
126.000	6511.113	5278.000
127.000	6511.115	5354.000
128.000	6511.118	5378.000
129.000	6511.120	5180.000
130.000	6511.123	5152.000
131.000	6511.125	5048.000
132.000	6511.128	5168.000
133.000	6511.130	4534.000
134.000	6511.133	4280.000
135.000	6511.135	4430.000
136.000	6511.137	4264.000
137.000	6511.140	4266.000
138.000	6511.142	4076.000
139.000	6511.145	4154.000
140.000	6511.148	3956.000
141.000	6511.150	3840.000
142.000	6511.153	3602.000
143.000	6511.155	3696.000
144.000	6511.158	3710.000
145.000	6511.160	3184.000
146.000	6511.163	3248.000
147.000	6511.165	3212.000
148.000	6511.168	3406.000
149.000	6511.170	3026.000
150.000	6511.173	2738.000
151.000	6511.175	2754.000
152.000	6511.177	2926.000
153.000	6511.180	2710.000
154.000	6511.182	2728.000
155.000	6511.185	2518.000
156.000	6511.187	2514.000
157.000	6511.190	2378.000
158.000	6511.193	2238.000
159.000	6511.195	2188.000
160.000	6511.198	2334.000
161.000	6511.200	1982.000
162.000	6511.203	2132.000
163.000	6511.205	2010.000
164.000	6511.208	1894.000
165.000	6511.210	1872.000
166.000	6511.213	1784.000
167.000	6511.215	1702.000
168.000	6511.217	1744.000
169.000	6511.220	1558.000
170.000	6511.222	1648.000
171.000	6511.225	1514.000
172.000	6511.227	1452.000
173.000	6511.230	1552.000
174.000	6511.233	1470.000
175.000	6511.235	1320.000
176.000	6511.238	1196.000
177.000	6511.240	1222.000
178.000	6511.243	1200.000
179.000	6511.245	1166.000
180.000	6511.248	1244.000
181.000	6511.250	1134.000
182.000	6511.253	1116.000
183.000	6511.255	1124.000
184.000	6511.258	1054.000
185.000	6511.260	1050.000
186.000	6511.262	1054.000
187.000	6511.265	932.000
188.000	6511.267	1026.000
189.000	6511.270	880.000
190.000	6511.273	928.000
191.000	6511.275	842.000
192.000	6511.278	862.000
193.000	6511.280	780.000
194.000	6511.283	848.000
195.000	6511.285	754.000
196.000	6511.288	832.000
197.000	6511.290	794.000
198.000	6511.293	742.000
199.000	6511.295	740.000
200.000	6511.298	772.000
201.000	6511.300	650.000
202.000	6511.302	664.000
203.000	6511.305	652.000
204.000	6511.307	662.000
205.000	6511.310	636.000
206.000	6511.312	638.000
207.000	6511.315	684.000
208.000	6511.318	634.000
209.000	6511.320	594.000
210.000	6511.323	540.000
211.000	6511.325	580.000
212.000	6511.328	562.000
213.000	6511.330	550.000
214.000	6511.333	552.000
215.000	6511.335	596.000
216.000	6511.338	522.000
217.000	6511.340	538.000
218.000	6511.342	528.000
219.000	6511.345	568.000
220.000	6511.347	498.000
221.000	6511.350	530.000
222.000	6511.352	484.000
223.000	6511.355	508.000
224.000	6511.358	540.000
225.000	6511.360	556.000
226.000	6511.363	490.000
227.000	6511.365	456.000
228.000	6511.368	464.000
229.000	6511.370	472.000
230.000	6511.373	392.000
231.000	6511.375	474.000
232.000	6511.378	478.000
233.000	6511.380	456.000
234.000	6511.383	436.000
235.000	6511.385	464.000
236.000	6511.387	444.000
237.000	6511.390	436.000
238.000	6511.392	436.000
239.000	6511.395	418.000
240.000	6511.398	476.000
241.000	6511.400	440.000
242.000	6511.403	494.000
243.000	6511.405	414.000
244.000	6511.408	438.000
245.000	6511.410	450.000
246.000	6511.413	384.000
247.000	6511.415	378.000
248.000	6511.418	488.000
249.000	6511.420	420.000
250.000	6511.423	330.000
251.000	6511.425	410.000
252.000	6511.427	396.000
253.000	6511.430	458.000
254.000	6511.432	490.000
255.000	6511.435	422.000
256.000	6511.437	378.000
257.000	6511.440	420.000
258.000	6511.443	404.000
259.000	6511.445	372.000
260.000	6511.448	386.000
261.000	6511.450	398.000
262.000	6511.453	388.000
263.000	6511.455	378.000
264.000	6511.458	404.000
265.000	6511.460	428.000
266.000	6511.463	428.000
267.000	6511.465	400.000
268.000	6511.467	404.000
269.000	6511.470	394.000
270.000	6511.472	362.000
271.000	6511.475	392.000
272.000	6511.477	372.000
273.000	6511.480	414.000
274.000	6511.483	360.000
275.000	6511.485	386.000
276.000	6511.488	344.000
277.000	6511.490	446.000
278.000	6511.493	408.000
279.000	6511.495	352.000
280.000	6511.498	362.000
281.000	6511.500	356.000
282.000	6511.503	422.000
283.000	6511.505	388.000
284.000	6511.508	368.000
285.000	6511.510	430.000
286.000	6511.512	410.000
287.000	6511.515	366.000
288.000	6511.517	378.000
289.000	6511.520	344.000
290.000	6511.523	422.000
291.000	6511.525	386.000
292.000	6511.528	346.000
293.000	6511.530	348.000
294.000	6511.533	344.000
295.000	6511.535	340.000
296.000	6511.538	352.000
297.000	6511.540	324.000
298.000	6511.543	360.000
299.000	6511.545	388.000
300.000	6511.548	318.000
301.000	6511.550	386.000
302.000	6511.552	350.000
303.000	6511.555	372.000
304.000	6511.557	370.000
305.000	6511.560	370.000
306.000	6511.562	404.000
307.000	6511.565	326.000
308.000	6511.568	366.000
309.000	6511.570	372.000
310.000	6511.573	326.000
311.000	6511.575	364.000
312.000	6511.578	362.000
313.000	6511.580	326.000
314.000	6511.583	428.000
315.000	6511.585	378.000
316.000	6511.588	326.000
317.000	6511.590	340.000
318.000	6511.592	374.000
319.000	6511.595	316.000
320.000	6511.597	356.000
321.000	6511.600	384.000
322.000	6511.602	420.000
323.000	6511.605	328.000
324.000	6511.608	384.000
325.000	6511.610	390.000
326.000	6511.613	398.000
327.000	6511.615	410.000
328.000	6511.618	298.000
329.000	6511.620	416.000
330.000	6511.623	320.000
331.000	6511.625	356.000
332.000	6511.628	326.000
333.000	6511.630	318.000
334.000	6511.633	382.000
335.000	6511.635	412.000
336.000	6511.637	378.000
337.000	6511.640	332.000
338.000	6511.642	390.000
339.000	6511.645	298.000
340.000	6511.648	380.000
341.000	6511.650	240.000
342.000	6511.653	354.000
343.000	6511.655	310.000
344.000	6511.658	330.000
345.000	6511.660	304.000
346.000	6511.663	332.000
347.000	6511.665	362.000
348.000	6511.668	320.000
349.000	6511.670	324.000
350.000	6511.673	308.000
351.000	6511.675	370.000
352.000	6511.677	370.000
353.000	6511.680	306.000
354.000	6511.682	272.000
355.000	6511.685	320.000
356.000	6511.687	302.000
357.000	6511.690	320.000
358.000	6511.693	336.000
359.000	6511.695	334.000
360.000	6511.698	350.000
361.000	6511.700	300.000
