1.000	4020.600	2930.000
2.000	4020.602	2918.000
3.000	4020.605	2988.000
4.000	4020.608	2840.000
5.000	4020.610	3142.000
6.000	4020.612	2948.000
7.000	4020.615	3014.000
8.000	4020.617	3164.000
9.000	4020.620	3056.000
10.000	4020.622	3250.000
11.000	4020.625	3048.000
12.000	4020.628	3332.000
13.000	4020.630	3226.000
14.000	4020.632	3330.000
15.000	4020.635	3476.000
16.000	4020.637	3270.000
17.000	4020.640	3334.000
18.000	4020.642	3540.000
19.000	4020.645	3474.000
20.000	4020.648	3526.000
21.000	4020.650	3456.000
22.000	4020.652	3604.000
23.000	4020.655	3650.000
24.000	4020.657	3664.000
25.000	4020.660	3638.000
26.000	4020.662	3754.000
27.000	4020.665	3828.000
28.000	4020.668	3802.000
29.000	4020.670	3650.000
30.000	4020.673	3798.000
31.000	4020.675	3806.000
32.000	4020.677	3844.000
33.000	4020.680	4016.000
34.000	4020.682	3958.000
35.000	4020.685	3890.000
36.000	4020.687	3928.000
37.000	4020.690	4266.000
38.000	4020.693	4242.000
39.000	4020.695	4268.000
40.000	4020.697	4078.000
41.000	4020.700	4344.000
42.000	4020.702	4280.000
43.000	4020.705	4342.000
44.000	4020.707	4494.000
45.000	4020.710	4482.000
46.000	4020.713	4780.000
47.000	4020.715	4422.000
48.000	4020.717	4520.000
49.000	4020.720	4622.000
50.000	4020.722	4868.000
51.000	4020.725	4630.000
52.000	4020.727	4880.000
53.000	4020.730	5054.000
54.000	4020.733	5002.000
55.000	4020.735	4950.000
56.000	4020.737	5014.000
57.000	4020.740	5332.000
58.000	4020.742	5516.000
59.000	4020.745	5446.000
60.000	4020.747	5336.000
61.000	4020.750	5414.000
62.000	4020.753	5862.000
63.000	4020.755	5874.000
64.000	4020.757	5852.000
65.000	4020.760	5916.000
66.000	4020.762	6012.000
67.000	4020.765	6048.000
68.000	4020.767	6028.000
69.000	4020.770	6342.000
70.000	4020.773	6516.000
71.000	4020.775	6390.000
72.000	4020.777	6266.000
73.000	4020.780	6876.000
74.000	4020.782	6990.000
75.000	4020.785	7000.000
76.000	4020.787	6978.000
77.000	4020.790	7692.000
78.000	4020.793	8442.000
79.000	4020.795	8392.000
80.000	4020.798	8060.000
81.000	4020.800	8708.000
82.000	4020.802	8858.000
83.000	4020.805	9264.000
84.000	4020.807	9430.000
85.000	4020.810	9770.000
86.000	4020.812	9912.000
87.000	4020.815	9718.000
88.000	4020.818	9602.000
89.000	4020.820	10182.000
90.000	4020.822	11228.000
91.000	4020.825	11054.000
92.000	4020.827	11288.000
93.000	4020.830	12294.000
94.000	4020.832	12314.000
95.000	4020.835	12220.000
96.000	4020.838	12050.000
97.000	4020.840	12388.000
98.000	4020.842	13232.000
99.000	4020.845	13360.000
100.000	4020.847	13196.000
101.000	4020.850	15392.000
102.000	4020.852	15668.000
103.000	4020.855	15728.000
104.000	4020.858	15662.000
105.000	4020.860	17024.000
106.000	4020.862	16808.000
107.000	4020.865	17626.000
108.000	4020.867	17722.000
109.000	4020.870	20352.000
110.000	4020.872	21930.000
111.000	4020.875	22444.000
112.000	4020.878	22662.000
113.000	4020.880	25212.000
114.000	4020.882	26422.000
115.000	4020.885	27516.000
116.000	4020.887	28412.000
117.000	4020.890	32172.000
118.000	4020.892	35662.000
119.000	4020.895	37952.000
120.000	4020.898	40582.000
121.000	4020.900	50460.000
122.000	4020.902	51916.000
123.000	4020.905	53438.000
124.000	4020.907	52692.000
125.000	4020.910	55662.000
126.000	4020.912	57120.000
127.000	4020.915	54620.000
128.000	4020.918	53618.000
129.000	4020.920	55688.000
130.000	4020.923	59102.000
131.000	4020.925	57912.000
132.000	4020.927	57242.000
133.000	4020.930	66344.000
134.000	4020.932	67144.000
135.000	4020.935	67180.000
136.000	4020.937	66382.000
137.000	4020.940	75442.000
138.000	4020.943	77932.000
139.000	4020.945	77496.000
140.000	4020.947	81422.000
141.000	4020.950	93962.000
142.000	4020.952	102298.000
143.000	4020.955	110480.000
144.000	4020.957	120758.000
145.000	4020.960	151192.000
146.000	4020.963	175674.000
147.000	4020.965	182410.000
148.000	4020.967	187174.000
149.000	4020.970	204718.000
150.000	4020.972	213444.000
151.000	4020.975	214974.000
152.000	4020.977	216430.000
153.000	4020.980	252020.000
154.000	4020.983	255256.000
155.000	4020.985	256722.000
156.000	4020.987	259024.000
157.000	4020.990	282996.000
158.000	4020.992	299022.000
159.000	4020.995	300448.000
160.000	4020.997	298458.000
161.000	4021.000	314582.000
162.000	4021.003	328278.000
163.000	4021.005	329436.000
164.000	4021.007	336242.000
165.000	4021.010	351476.000
166.000	4021.012	364092.000
167.000	4021.015	369198.000
168.000	4021.017	373716.000
169.000	4021.020	402398.000
170.000	4021.023	412964.000
171.000	4021.025	419886.000
172.000	4021.027	427282.000
173.000	4021.030	467606.000
174.000	4021.032	485842.000
175.000	4021.035	501168.000
176.000	4021.037	544210.000
177.000	4021.040	602806.000
178.000	4021.043	620736.000
179.000	4021.045	625418.000
180.000	4021.048	633448.000
181.000	4021.050	648836.000
182.000	4021.052	656194.000
183.000	4021.055	662834.000
184.000	4021.057	666416.000
185.000	4021.060	684774.000
186.000	4021.062	696250.000
187.000	4021.065	700972.000
188.000	4021.068	704284.000
189.000	4021.070	713832.000
190.000	4021.072	724864.000
191.000	4021.075	728540.000
192.000	4021.077	735310.000
193.000	4021.080	743494.000
194.000	4021.082	750502.000
195.000	4021.085	756228.000
196.000	4021.088	763764.000
197.000	4021.090	767734.000
198.000	4021.092	763968.000
199.000	4021.095	761962.000
200.000	4021.097	753120.000
201.000	4021.100	729654.000
202.000	4021.102	712372.000
203.000	4021.105	701412.000
204.000	4021.108	687796.000
205.000	4021.110	660230.000
206.000	4021.112	650788.000
207.000	4021.115	642534.000
208.000	4021.117	665108.000
209.000	4021.120	709626.000
210.000	4021.122	734524.000
211.000	4021.125	735060.000
212.000	4021.128	738134.000
213.000	4021.130	761928.000
214.000	4021.132	772826.000
215.000	4021.135	777016.000
216.000	4021.137	776584.000
217.000	4021.140	800578.000
218.000	4021.142	816790.000
219.000	4021.145	815654.000
220.000	4021.148	813770.000
221.000	4021.150	820762.000
222.000	4021.152	818432.000
223.000	4021.155	824600.000
224.000	4021.157	823762.000
225.000	4021.160	825904.000
226.000	4021.162	831438.000
227.000	4021.165	835556.000
228.000	4021.168	839212.000
229.000	4021.170	852896.000
230.000	4021.173	856022.000
231.000	4021.175	858484.000
232.000	4021.177	859428.000
233.000	4021.180	845468.000
234.000	4021.182	835558.000
235.000	4021.185	829238.000
236.000	4021.187	813866.000
237.000	4021.190	786410.000
238.000	4021.193	750858.000
239.000	4021.195	688838.000
240.000	4021.197	635768.000
241.000	4021.200	606930.000
242.000	4021.202	594134.000
243.000	4021.205	597754.000
244.000	4021.207	607600.000
245.000	4021.210	581884.000
246.000	4021.213	567630.000
247.000	4021.215	561976.000
248.000	4021.217	556296.000
249.000	4021.220	489136.000
250.000	4021.222	483118.000
251.000	4021.225	488376.000
252.000	4021.227	483618.000
253.000	4021.230	445478.000
254.000	4021.233	429074.000
255.000	4021.235	432330.000
256.000	4021.237	434406.000
257.000	4021.240	413976.000
258.000	4021.242	392642.000
259.000	4021.245	389976.000
260.000	4021.247	388842.000
261.000	4021.250	343476.000
262.000	4021.253	338068.000
263.000	4021.255	334046.000
264.000	4021.257	329632.000
265.000	4021.260	296258.000
266.000	4021.262	296912.000
267.000	4021.265	295272.000
268.000	4021.267	292910.000
269.000	4021.270	264050.000
270.000	4021.273	255886.000
271.000	4021.275	230340.000
272.000	4021.277	186112.000
273.000	4021.280	166212.000
274.000	4021.282	158906.000
275.000	4021.285	158676.000
276.000	4021.287	158838.000
277.000	4021.290	150034.000
278.000	4021.293	143724.000
279.000	4021.295	143452.000
280.000	4021.298	141826.000
281.000	4021.300	123614.000
282.000	4021.302	121948.000
283.000	4021.305	121326.000
284.000	4021.307	119668.000
285.000	4021.310	107818.000
286.000	4021.312	103870.000
287.000	4021.315	103838.000
288.000	4021.318	102694.000
289.000	4021.320	97124.000
290.000	4021.322	88986.000
291.000	4021.325	89164.000
292.000	4021.327	84958.000
293.000	4021.330	78024.000
294.000	4021.332	74188.000
295.000	4021.335	74048.000
296.000	4021.338	74720.000
297.000	4021.340	67678.000
298.000	4021.342	66952.000
299.000	4021.345	66544.000
300.000	4021.347	65928.000
301.000	4021.350	58170.000
302.000	4021.352	54770.000
303.000	4021.355	53764.000
304.000	4021.358	52826.000
305.000	4021.360	43340.000
306.000	4021.362	29292.000
307.000	4021.365	26332.000
308.000	4021.367	26180.000
309.000	4021.370	24514.000
310.000	4021.372	23554.000
311.000	4021.375	23638.000
312.000	4021.378	23828.000
313.000	4021.380	20724.000
314.000	4021.382	18410.000
315.000	4021.385	18600.000
316.000	4021.387	18246.000
317.000	4021.390	16840.000
318.000	4021.392	16132.000
319.000	4021.395	15918.000
320.000	4021.398	16154.000
321.000	4021.400	14808.000
322.000	4021.402	15032.000
323.000	4021.405	13178.000
324.000	4021.407	13150.000
325.000	4021.410	12170.000
326.000	4021.412	11778.000
327.000	4021.415	11474.000
328.000	4021.418	11184.000
329.000	4021.420	9950.000
330.000	4021.423	9510.000
331.000	4021.425	9822.000
332.000	4021.427	9646.000
333.000	4021.430	8816.000
334.000	4021.432	7694.000
335.000	4021.435	7492.000
336.000	4021.437	7882.000
337.000	4021.440	7430.000
338.000	4021.443	7102.000
339.000	4021.445	5318.000
340.000	4021.447	5096.000
341.000	4021.450	4656.000
342.000	4021.452	4612.000
343.000	4021.455	4534.000
344.000	4021.457	4716.000
345.000	4021.460	4338.000
346.000	4021.463	4112.000
347.000	4021.465	4072.000
348.000	4021.467	4184.000
349.000	4021.470	3912.000
350.000	4021.472	3794.000
351.000	4021.475	3958.000
352.000	4021.477	3872.000
353.000	4021.480	3634.000
354.000	4021.483	3570.000
355.000	4021.485	3526.000
356.000	4021.487	3586.000
357.000	4021.490	3422.000
358.000	4021.492	3202.000
359.000	4021.495	3472.000
360.000	4021.497	3488.000
361.000	4021.500	3300.000
362.000	4021.503	3100.000
363.000	4021.505	3234.000
364.000	4021.507	3216.000
365.000	4021.510	3080.000
366.000	4021.512	2788.000
367.000	4021.515	3042.000
368.000	4021.517	2928.000
369.000	4021.520	3046.000
370.000	4021.523	2874.000
371.000	4021.525	2790.000
372.000	4021.527	2668.000
373.000	4021.530	2554.000
374.000	4021.532	2618.000
375.000	4021.535	2494.000
376.000	4021.537	2522.000
377.000	4021.540	2504.000
378.000	4021.543	2470.000
379.000	4021.545	2334.000
380.000	4021.548	2358.000
381.000	4021.550	2294.000
382.000	4021.552	2226.000
383.000	4021.555	2304.000
384.000	4021.557	2270.000
385.000	4021.560	2276.000
386.000	4021.562	2316.000
387.000	4021.565	2156.000
388.000	4021.568	2176.000
389.000	4021.570	2068.000
390.000	4021.572	2046.000
391.000	4021.575	1966.000
392.000	4021.577	2144.000
393.000	4021.580	1922.000
394.000	4021.582	1854.000
395.000	4021.585	1994.000
396.000	4021.588	2006.000
397.000	4021.590	2010.000
398.000	4021.592	1868.000
399.000	4021.595	1860.000
400.000	4021.597	1872.000
401.000	4021.600	1788.000
