1.000	4311.000	372.000
2.000	4311.002	380.000
3.000	4311.005	324.000
4.000	4311.007	414.000
5.000	4311.010	348.000
6.000	4311.012	396.000
7.000	4311.015	394.000
8.000	4311.017	416.000
9.000	4311.020	350.000
10.000	4311.023	406.000
11.000	4311.025	326.000
12.000	4311.028	348.000
13.000	4311.030	382.000
14.000	4311.033	374.000
15.000	4311.035	372.000
16.000	4311.038	372.000
17.000	4311.040	328.000
18.000	4311.042	388.000
19.000	4311.045	430.000
20.000	4311.047	338.000
21.000	4311.050	360.000
22.000	4311.052	346.000
23.000	4311.055	352.000
24.000	4311.057	372.000
25.000	4311.060	358.000
26.000	4311.062	354.000
27.000	4311.065	326.000
28.000	4311.068	352.000
29.000	4311.070	412.000
30.000	4311.073	360.000
31.000	4311.075	382.000
32.000	4311.078	370.000
33.000	4311.080	320.000
34.000	4311.083	368.000
35.000	4311.085	320.000
36.000	4311.087	440.000
37.000	4311.090	326.000
38.000	4311.092	362.000
39.000	4311.095	422.000
40.000	4311.097	388.000
41.000	4311.100	344.000
42.000	4311.102	408.000
43.000	4311.105	326.000
44.000	4311.108	424.000
45.000	4311.110	418.000
46.000	4311.113	420.000
47.000	4311.115	346.000
48.000	4311.118	342.000
49.000	4311.120	348.000
50.000	4311.123	410.000
51.000	4311.125	398.000
52.000	4311.127	372.000
53.000	4311.130	374.000
54.000	4311.132	322.000
55.000	4311.135	328.000
56.000	4311.137	356.000
57.000	4311.140	408.000
58.000	4311.142	374.000
59.000	4311.145	426.000
60.000	4311.148	336.000
61.000	4311.150	392.000
62.000	4311.153	322.000
63.000	4311.155	408.000
64.000	4311.158	334.000
65.000	4311.160	396.000
66.000	4311.163	422.000
67.000	4311.165	434.000
68.000	4311.167	380.000
69.000	4311.170	380.000
70.000	4311.172	334.000
71.000	4311.175	342.000
72.000	4311.177	394.000
73.000	4311.180	378.000
74.000	4311.182	374.000
75.000	4311.185	366.000
76.000	4311.187	366.000
77.000	4311.190	376.000
78.000	4311.193	414.000
79.000	4311.195	448.000
80.000	4311.198	416.000
81.000	4311.200	424.000
82.000	4311.203	378.000
83.000	4311.205	392.000
84.000	4311.208	378.000
85.000	4311.210	432.000
86.000	4311.212	434.000
87.000	4311.215	386.000
88.000	4311.217	346.000
89.000	4311.220	416.000
90.000	4311.222	442.000
91.000	4311.225	378.000
92.000	4311.227	366.000
93.000	4311.230	426.000
94.000	4311.233	408.000
95.000	4311.235	432.000
96.000	4311.238	408.000
97.000	4311.240	372.000
98.000	4311.243	426.000
99.000	4311.245	366.000
100.000	4311.248	380.000
101.000	4311.250	382.000
102.000	4311.252	388.000
103.000	4311.255	456.000
104.000	4311.257	346.000
105.000	4311.260	378.000
106.000	4311.262	400.000
107.000	4311.265	432.000
108.000	4311.267	426.000
109.000	4311.270	428.000
110.000	4311.273	428.000
111.000	4311.275	440.000
112.000	4311.278	442.000
113.000	4311.280	472.000
114.000	4311.283	458.000
115.000	4311.285	532.000
116.000	4311.288	430.000
117.000	4311.290	462.000
118.000	4311.292	540.000
119.000	4311.295	480.000
120.000	4311.297	442.000
121.000	4311.300	502.000
122.000	4311.302	544.000
123.000	4311.305	472.000
124.000	4311.307	522.000
125.000	4311.310	476.000
126.000	4311.312	504.000
127.000	4311.315	540.000
128.000	4311.318	556.000
129.000	4311.320	570.000
130.000	4311.323	564.000
131.000	4311.325	584.000
132.000	4311.328	598.000
133.000	4311.330	588.000
134.000	4311.333	558.000
135.000	4311.335	568.000
136.000	4311.337	668.000
137.000	4311.340	620.000
138.000	4311.342	642.000
139.000	4311.345	632.000
140.000	4311.347	586.000
141.000	4311.350	614.000
142.000	4311.352	698.000
143.000	4311.355	620.000
144.000	4311.358	650.000
145.000	4311.360	700.000
146.000	4311.363	718.000
147.000	4311.365	674.000
148.000	4311.368	646.000
149.000	4311.370	736.000
150.000	4311.373	720.000
151.000	4311.375	718.000
152.000	4311.377	718.000
153.000	4311.380	792.000
154.000	4311.382	806.000
155.000	4311.385	854.000
156.000	4311.387	786.000
157.000	4311.390	864.000
158.000	4311.392	894.000
159.000	4311.395	902.000
160.000	4311.398	964.000
161.000	4311.400	1010.000
162.000	4311.403	1126.000
163.000	4311.405	1032.000
164.000	4311.408	1050.000
165.000	4311.410	1248.000
166.000	4311.413	1296.000
167.000	4311.415	1178.000
168.000	4311.417	1310.000
169.000	4311.420	1430.000
170.000	4311.422	1346.000
171.000	4311.425	1602.000
172.000	4311.427	1580.000
173.000	4311.430	1746.000
174.000	4311.432	1702.000
175.000	4311.435	1576.000
176.000	4311.437	1598.000
177.000	4311.440	1926.000
178.000	4311.443	2018.000
179.000	4311.445	1948.000
180.000	4311.448	2128.000
181.000	4311.450	2126.000
182.000	4311.453	2390.000
183.000	4311.455	2344.000
184.000	4311.458	2704.000
185.000	4311.460	2654.000
186.000	4311.462	3004.000
187.000	4311.465	2998.000
188.000	4311.467	2920.000
189.000	4311.470	3522.000
190.000	4311.472	3628.000
191.000	4311.475	3778.000
192.000	4311.477	3806.000
193.000	4311.480	4804.000
194.000	4311.483	5386.000
195.000	4311.485	5748.000
196.000	4311.488	5704.000
197.000	4311.490	7000.000
198.000	4311.493	7088.000
199.000	4311.495	7204.000
200.000	4311.498	7824.000
201.000	4311.500	7770.000
202.000	4311.502	7744.000
203.000	4311.505	8060.000
204.000	4311.507	8344.000
205.000	4311.510	8318.000
206.000	4311.512	8384.000
207.000	4311.515	8468.000
208.000	4311.517	8826.000
209.000	4311.520	8866.000
210.000	4311.523	9028.000
211.000	4311.525	9236.000
212.000	4311.528	9250.000
213.000	4311.530	9418.000
214.000	4311.533	9538.000
215.000	4311.535	9578.000
216.000	4311.538	9322.000
217.000	4311.540	9398.000
218.000	4311.542	9594.000
219.000	4311.545	8892.000
220.000	4311.547	8526.000
221.000	4311.550	7466.000
222.000	4311.552	7388.000
223.000	4311.555	7580.000
224.000	4311.557	7104.000
225.000	4311.560	6608.000
226.000	4311.562	6054.000
227.000	4311.565	6342.000
228.000	4311.568	6330.000
229.000	4311.570	6086.000
230.000	4311.573	5730.000
231.000	4311.575	6046.000
232.000	4311.578	5392.000
233.000	4311.580	5428.000
234.000	4311.583	5300.000
235.000	4311.585	5144.000
236.000	4311.587	5156.000
237.000	4311.590	4708.000
238.000	4311.592	4338.000
239.000	4311.595	4510.000
240.000	4311.597	4346.000
241.000	4311.600	3834.000
242.000	4311.602	3962.000
243.000	4311.605	3804.000
244.000	4311.608	3762.000
245.000	4311.610	3302.000
246.000	4311.613	3388.000
247.000	4311.615	3174.000
248.000	4311.618	3466.000
249.000	4311.620	2866.000
250.000	4311.623	3098.000
251.000	4311.625	3002.000
252.000	4311.627	2894.000
253.000	4311.630	2792.000
254.000	4311.632	2782.000
255.000	4311.635	2716.000
256.000	4311.637	2890.000
257.000	4311.640	2392.000
258.000	4311.642	2344.000
259.000	4311.645	2270.000
260.000	4311.648	2348.000
261.000	4311.650	2278.000
262.000	4311.653	2136.000
263.000	4311.655	2050.000
264.000	4311.658	2252.000
265.000	4311.660	2086.000
266.000	4311.663	2014.000
267.000	4311.665	1928.000
268.000	4311.667	1754.000
269.000	4311.670	1598.000
270.000	4311.672	1530.000
271.000	4311.675	1530.000
272.000	4311.677	1664.000
273.000	4311.680	1458.000
274.000	4311.682	1392.000
275.000	4311.685	1344.000
276.000	4311.687	1368.000
277.000	4311.690	1132.000
278.000	4311.693	1148.000
279.000	4311.695	1164.000
280.000	4311.698	1246.000
281.000	4311.700	1184.000
282.000	4311.703	1228.000
283.000	4311.705	1230.000
284.000	4311.708	1110.000
285.000	4311.710	1076.000
286.000	4311.712	1082.000
287.000	4311.715	1016.000
288.000	4311.717	982.000
289.000	4311.720	1014.000
290.000	4311.722	810.000
291.000	4311.725	862.000
292.000	4311.727	842.000
293.000	4311.730	790.000
294.000	4311.733	752.000
295.000	4311.735	674.000
296.000	4311.738	706.000
297.000	4311.740	682.000
298.000	4311.743	650.000
299.000	4311.745	604.000
300.000	4311.748	622.000
301.000	4311.750	620.000
302.000	4311.752	594.000
303.000	4311.755	604.000
304.000	4311.757	602.000
305.000	4311.760	566.000
306.000	4311.762	574.000
307.000	4311.765	554.000
308.000	4311.767	616.000
309.000	4311.770	578.000
310.000	4311.773	606.000
311.000	4311.775	566.000
312.000	4311.778	598.000
313.000	4311.780	510.000
314.000	4311.783	490.000
315.000	4311.785	572.000
316.000	4311.788	556.000
317.000	4311.790	456.000
318.000	4311.792	576.000
319.000	4311.795	470.000
320.000	4311.797	464.000
321.000	4311.800	510.000
322.000	4311.802	560.000
323.000	4311.805	482.000
324.000	4311.807	422.000
325.000	4311.810	394.000
326.000	4311.812	412.000
327.000	4311.815	398.000
328.000	4311.818	408.000
329.000	4311.820	404.000
330.000	4311.823	374.000
331.000	4311.825	412.000
332.000	4311.828	446.000
333.000	4311.830	394.000
334.000	4311.833	382.000
335.000	4311.835	426.000
336.000	4311.837	428.000
337.000	4311.840	364.000
338.000	4311.842	400.000
339.000	4311.845	402.000
340.000	4311.847	412.000
341.000	4311.850	384.000
342.000	4311.852	428.000
343.000	4311.855	382.000
344.000	4311.858	382.000
345.000	4311.860	400.000
346.000	4311.863	364.000
347.000	4311.865	330.000
348.000	4311.868	404.000
349.000	4311.870	400.000
350.000	4311.873	384.000
351.000	4311.875	362.000
352.000	4311.877	416.000
353.000	4311.880	370.000
354.000	4311.882	404.000
355.000	4311.885	390.000
356.000	4311.887	396.000
357.000	4311.890	406.000
358.000	4311.892	376.000
359.000	4311.895	410.000
360.000	4311.898	388.000
361.000	4311.900	350.000
362.000	4311.903	352.000
363.000	4311.905	382.000
364.000	4311.908	414.000
365.000	4311.910	386.000
366.000	4311.913	356.000
367.000	4311.915	386.000
368.000	4311.917	362.000
369.000	4311.920	362.000
370.000	4311.922	372.000
371.000	4311.925	372.000
372.000	4311.927	364.000
373.000	4311.930	392.000
374.000	4311.932	344.000
375.000	4311.935	394.000
376.000	4311.937	326.000
377.000	4311.940	352.000
378.000	4311.943	358.000
379.000	4311.945	396.000
380.000	4311.948	414.000
381.000	4311.950	358.000
382.000	4311.953	356.000
383.000	4311.955	308.000
384.000	4311.958	392.000
385.000	4311.960	392.000
386.000	4311.962	302.000
387.000	4311.965	392.000
388.000	4311.967	416.000
389.000	4311.970	440.000
390.000	4311.972	382.000
391.000	4311.975	348.000
392.000	4311.977	368.000
393.000	4311.980	356.000
394.000	4311.983	362.000
395.000	4311.985	380.000
396.000	4311.988	382.000
397.000	4311.990	390.000
398.000	4311.993	380.000
399.000	4311.995	354.000
400.000	4311.998	336.000
401.000	4312.000	368.000
