1.000	4329.750	643430.000
2.000	4329.752	615335.000
3.000	4329.755	597005.000
4.000	4329.757	591990.000
5.000	4329.760	593600.000
6.000	4329.762	589855.000
7.000	4329.765	590665.000
8.000	4329.767	593555.000
9.000	4329.770	600565.000
10.000	4329.773	605995.000
11.000	4329.775	607950.000
12.000	4329.778	607530.000
13.000	4329.780	607185.000
14.000	4329.783	617455.000
15.000	4329.785	610615.000
16.000	4329.788	611965.000
17.000	4329.790	624720.000
18.000	4329.792	623615.000
19.000	4329.795	629935.000
20.000	4329.797	625950.000
21.000	4329.800	639550.000
22.000	4329.802	644090.000
23.000	4329.805	644870.000
24.000	4329.807	648165.000
25.000	4329.810	659855.000
26.000	4329.812	664205.000
27.000	4329.815	665060.000
28.000	4329.818	662785.000
29.000	4329.820	671475.000
30.000	4329.823	684825.000
31.000	4329.825	681510.000
32.000	4329.828	698140.000
33.000	4329.830	701945.000
34.000	4329.833	707820.000
35.000	4329.835	710635.000
36.000	4329.837	704330.000
37.000	4329.840	727965.000
38.000	4329.842	731455.000
39.000	4329.845	728800.000
40.000	4329.847	721880.000
41.000	4329.850	744975.000
42.000	4329.852	759450.000
43.000	4329.855	763530.000
44.000	4329.858	768060.000
45.000	4329.860	786910.000
46.000	4329.863	795330.000
47.000	4329.865	792985.000
48.000	4329.868	788310.000
49.000	4329.870	813805.000
50.000	4329.873	815810.000
51.000	4329.875	816895.000
52.000	4329.877	823125.000
53.000	4329.880	860430.000
54.000	4329.882	861390.000
55.000	4329.885	864020.000
56.000	4329.887	858985.000
57.000	4329.890	873575.000
58.000	4329.892	434025.000
59.000	4329.895	321420.000
60.000	4329.898	241440.000
61.000	4329.900	78310.000
62.000	4329.903	45775.000
63.000	4329.905	38155.000
64.000	4329.908	33800.000
65.000	4329.910	33260.000
66.000	4329.913	27835.000
67.000	4329.915	27170.000
68.000	4329.917	20980.000
69.000	4329.920	18145.000
70.000	4329.922	15010.000
71.000	4329.925	12740.000
72.000	4329.927	9815.000
73.000	4329.930	9920.000
74.000	4329.932	9400.000
75.000	4329.935	8390.000
76.000	4329.937	6960.000
77.000	4329.940	5820.000
78.000	4329.943	6055.000
79.000	4329.945	6260.000
80.000	4329.948	6550.000
81.000	4329.950	7555.000
82.000	4329.953	7750.000
83.000	4329.955	7855.000
84.000	4329.958	8420.000
85.000	4329.960	7815.000
86.000	4329.962	8280.000
87.000	4329.965	8580.000
88.000	4329.967	8265.000
89.000	4329.970	9145.000
90.000	4329.972	8870.000
91.000	4329.975	8790.000
92.000	4329.977	8610.000
93.000	4329.980	9150.000
94.000	4329.983	9365.000
95.000	4329.985	9185.000
96.000	4329.988	9215.000
97.000	4329.990	9625.000
98.000	4329.993	8870.000
99.000	4329.995	9470.000
100.000	4329.998	9625.000
101.000	4330.000	9745.000
102.000	4330.002	9740.000
103.000	4330.005	10310.000
104.000	4330.007	10255.000
105.000	4330.010	10480.000
106.000	4330.012	11095.000
107.000	4330.015	10320.000
108.000	4330.017	10030.000
109.000	4330.020	10730.000
110.000	4330.023	11000.000
111.000	4330.025	10940.000
112.000	4330.028	10835.000
113.000	4330.030	11695.000
114.000	4330.033	11250.000
115.000	4330.035	11305.000
116.000	4330.038	11910.000
117.000	4330.040	12180.000
118.000	4330.042	11635.000
119.000	4330.045	12465.000
120.000	4330.047	11835.000
121.000	4330.050	12080.000
122.000	4330.052	12410.000
123.000	4330.055	12745.000
124.000	4330.057	12955.000
125.000	4330.060	13175.000
126.000	4330.062	12740.000
127.000	4330.065	13360.000
128.000	4330.068	13620.000
129.000	4330.070	14400.000
130.000	4330.073	14050.000
131.000	4330.075	14125.000
132.000	4330.078	13890.000
133.000	4330.080	14120.000
134.000	4330.083	14745.000
135.000	4330.085	14085.000
136.000	4330.087	14605.000
137.000	4330.090	15085.000
138.000	4330.092	15460.000
139.000	4330.095	15265.000
140.000	4330.097	15635.000
141.000	4330.100	15730.000
142.000	4330.102	15550.000
143.000	4330.105	15215.000
144.000	4330.108	15965.000
145.000	4330.110	15940.000
146.000	4330.113	16210.000
147.000	4330.115	16555.000
148.000	4330.118	16230.000
149.000	4330.120	16530.000
150.000	4330.123	16470.000
151.000	4330.125	16895.000
152.000	4330.127	16530.000
153.000	4330.130	17045.000
154.000	4330.132	17010.000
155.000	4330.135	17065.000
156.000	4330.137	16885.000
157.000	4330.140	17535.000
158.000	4330.142	17670.000
159.000	4330.145	17855.000
160.000	4330.148	18225.000
161.000	4330.150	19345.000
162.000	4330.153	19210.000
163.000	4330.155	18765.000
164.000	4330.158	19690.000
165.000	4330.160	20025.000
166.000	4330.163	20080.000
167.000	4330.165	20160.000
168.000	4330.167	20030.000
169.000	4330.170	21195.000
170.000	4330.172	21455.000
171.000	4330.175	22625.000
172.000	4330.177	22435.000
173.000	4330.180	23470.000
174.000	4330.182	23470.000
175.000	4330.185	23500.000
176.000	4330.187	23765.000
177.000	4330.190	24660.000
178.000	4330.193	24545.000
179.000	4330.195	25185.000
180.000	4330.198	25600.000
181.000	4330.200	27955.000
182.000	4330.203	28605.000
183.000	4330.205	28150.000
184.000	4330.208	29260.000
185.000	4330.210	28850.000
186.000	4330.212	30900.000
187.000	4330.215	30720.000
188.000	4330.217	30475.000
189.000	4330.220	32595.000
190.000	4330.222	33395.000
191.000	4330.225	34880.000
192.000	4330.227	35745.000
193.000	4330.230	36795.000
194.000	4330.233	38570.000
195.000	4330.235	38745.000
196.000	4330.238	38880.000
197.000	4330.240	40465.000
198.000	4330.243	42500.000
199.000	4330.245	42590.000
200.000	4330.248	45360.000
201.000	4330.250	45875.000
202.000	4330.252	45570.000
203.000	4330.255	51945.000
204.000	4330.257	52290.000
205.000	4330.260	55470.000
206.000	4330.262	56890.000
207.000	4330.265	57640.000
208.000	4330.267	58135.000
209.000	4330.270	62300.000
210.000	4330.273	64880.000
211.000	4330.275	66245.000
212.000	4330.278	67170.000
213.000	4330.280	71810.000
214.000	4330.283	80775.000
215.000	4330.285	80390.000
216.000	4330.288	84845.000
217.000	4330.290	89540.000
218.000	4330.292	90605.000
219.000	4330.295	98555.000
220.000	4330.297	99195.000
221.000	4330.300	103155.000
222.000	4330.302	110515.000
223.000	4330.305	111640.000
224.000	4330.307	113545.000
225.000	4330.310	124015.000
226.000	4330.312	129265.000
227.000	4330.315	130255.000
228.000	4330.318	129875.000
229.000	4330.320	144350.000
230.000	4330.323	145230.000
231.000	4330.325	146465.000
232.000	4330.328	160350.000
233.000	4330.330	162955.000
234.000	4330.333	181950.000
235.000	4330.335	182545.000
236.000	4330.337	184600.000
237.000	4330.340	196555.000
238.000	4330.342	204480.000
239.000	4330.345	205760.000
240.000	4330.347	210995.000
241.000	4330.350	220650.000
242.000	4330.352	225945.000
243.000	4330.355	229310.000
244.000	4330.358	233935.000
245.000	4330.360	252785.000
246.000	4330.363	270125.000
247.000	4330.365	270670.000
248.000	4330.368	274385.000
249.000	4330.370	290475.000
250.000	4330.373	304810.000
251.000	4330.375	309530.000
252.000	4330.377	314200.000
253.000	4330.380	331990.000
254.000	4330.382	349305.000
255.000	4330.385	358505.000
256.000	4330.387	362655.000
257.000	4330.390	399785.000
258.000	4330.392	413005.000
259.000	4330.395	422940.000
260.000	4330.398	426585.000
261.000	4330.400	466940.000
262.000	4330.403	477400.000
263.000	4330.405	485530.000
264.000	4330.408	491525.000
265.000	4330.410	540475.000
266.000	4330.413	596330.000
267.000	4330.415	595245.000
268.000	4330.417	591020.000
269.000	4330.420	646755.000
270.000	4330.422	646445.000
271.000	4330.425	681760.000
272.000	4330.427	686695.000
273.000	4330.430	719725.000
274.000	4330.432	751235.000
275.000	4330.435	754980.000
276.000	4330.437	760090.000
277.000	4330.440	902125.000
278.000	4330.443	911355.000
279.000	4330.445	916395.000
280.000	4330.448	920875.000
281.000	4330.450	1025785.000
282.000	4330.453	1109895.000
283.000	4330.455	1115175.000
284.000	4330.458	1141110.000
285.000	4330.460	1162585.000
286.000	4330.462	1306915.000
287.000	4330.465	1307895.000
288.000	4330.467	1319055.000
289.000	4330.470	1531395.000
290.000	4330.472	1581245.000
291.000	4330.475	1593455.000
292.000	4330.477	1613720.000
293.000	4330.480	1820820.000
294.000	4330.483	1844085.000
295.000	4330.485	1866775.000
296.000	4330.488	1874265.000
297.000	4330.490	2005435.000
298.000	4330.493	2043125.000
299.000	4330.495	2046125.000
300.000	4330.498	2080725.000
301.000	4330.500	2064250.000
302.000	4330.502	2046715.000
303.000	4330.505	2058445.000
304.000	4330.507	2029910.000
305.000	4330.510	2020210.000
306.000	4330.512	1989685.000
307.000	4330.515	1970395.000
308.000	4330.517	1955295.000
309.000	4330.520	1936485.000
310.000	4330.523	1914600.000
311.000	4330.525	1912370.000
312.000	4330.528	1894860.000
313.000	4330.530	1895820.000
314.000	4330.533	1892280.000
315.000	4330.535	1911180.000
316.000	4330.538	1920485.000
317.000	4330.540	1950030.000
318.000	4330.542	1962535.000
319.000	4330.545	2023775.000
320.000	4330.547	2068035.000
321.000	4330.550	2146000.000
322.000	4330.552	2218310.000
323.000	4330.555	2254195.000
324.000	4330.557	2282035.000
325.000	4330.560	2447265.000
326.000	4330.562	2497190.000
327.000	4330.565	2511975.000
328.000	4330.568	2534545.000
329.000	4330.570	2726125.000
330.000	4330.573	2830970.000
331.000	4330.575	2893180.000
332.000	4330.578	3077945.000
333.000	4330.580	3109555.000
334.000	4330.583	3323290.000
335.000	4330.585	3372445.000
336.000	4330.587	3423670.000
337.000	4330.590	3526115.000
338.000	4330.592	3553310.000
339.000	4330.595	3562135.000
340.000	4330.597	3565810.000
341.000	4330.600	3630650.000
342.000	4330.602	3645380.000
343.000	4330.605	3620720.000
344.000	4330.608	3587920.000
345.000	4330.610	3605355.000
346.000	4330.613	3578915.000
347.000	4330.615	3546050.000
348.000	4330.618	3541780.000
349.000	4330.620	3514870.000
350.000	4330.623	3500260.000
351.000	4330.625	3471070.000
352.000	4330.627	3453640.000
353.000	4330.630	3403420.000
354.000	4330.632	3375490.000
355.000	4330.635	3341730.000
356.000	4330.637	3280785.000
357.000	4330.640	3180800.000
358.000	4330.642	3138710.000
359.000	4330.645	3103020.000
360.000	4330.648	3045020.000
361.000	4330.650	2914095.000
362.000	4330.653	2748205.000
363.000	4330.655	2698060.000
364.000	4330.658	2660355.000
365.000	4330.660	2527260.000
366.000	4330.663	2414570.000
367.000	4330.665	2368595.000
368.000	4330.667	2333165.000
369.000	4330.670	2217420.000
370.000	4330.672	2191845.000
371.000	4330.675	2066385.000
372.000	4330.677	2055230.000
373.000	4330.680	1960945.000
374.000	4330.682	1858225.000
375.000	4330.685	1865070.000
376.000	4330.687	1884685.000
377.000	4330.690	1807670.000
378.000	4330.693	1736270.000
379.000	4330.695	1761815.000
380.000	4330.698	1780490.000
381.000	4330.700	1743250.000
382.000	4330.703	1641285.000
383.000	4330.705	1644410.000
384.000	4330.708	1471145.000
385.000	4330.710	1462325.000
386.000	4330.712	1367865.000
387.000	4330.715	1323690.000
388.000	4330.717	1286775.000
389.000	4330.720	1156465.000
390.000	4330.722	1116810.000
391.000	4330.725	1114175.000
392.000	4330.727	1099945.000
393.000	4330.730	995170.000
394.000	4330.733	886865.000
395.000	4330.735	896240.000
396.000	4330.738	894520.000
397.000	4330.740	825420.000
398.000	4330.743	792580.000
399.000	4330.745	788540.000
400.000	4330.748	729990.000
401.000	4330.750	735985.000
402.000	4330.752	734085.000
403.000	4330.755	667625.000
404.000	4330.757	674410.000
405.000	4330.760	573305.000
406.000	4330.762	569770.000
407.000	4330.765	569120.000
408.000	4330.767	562250.000
409.000	4330.770	499910.000
410.000	4330.773	463270.000
411.000	4330.775	450155.000
412.000	4330.778	439965.000
413.000	4330.780	408890.000
414.000	4330.783	367770.000
415.000	4330.785	358530.000
416.000	4330.788	352280.000
417.000	4330.790	302285.000
418.000	4330.792	300980.000
419.000	4330.795	277455.000
420.000	4330.797	279215.000
421.000	4330.800	257200.000
422.000	4330.802	255240.000
423.000	4330.805	252470.000
424.000	4330.807	248520.000
425.000	4330.810	226055.000
426.000	4330.812	214910.000
427.000	4330.815	208305.000
428.000	4330.818	205150.000
429.000	4330.820	190735.000
430.000	4330.823	184830.000
431.000	4330.825	184270.000
432.000	4330.828	177875.000
433.000	4330.830	176255.000
434.000	4330.833	172995.000
435.000	4330.835	170365.000
436.000	4330.837	172000.000
437.000	4330.840	155365.000
438.000	4330.842	153700.000
439.000	4330.845	153455.000
440.000	4330.847	149760.000
441.000	4330.850	140040.000
442.000	4330.852	132340.000
443.000	4330.855	129220.000
444.000	4330.858	125765.000
445.000	4330.860	118125.000
446.000	4330.863	113295.000
447.000	4330.865	111635.000
448.000	4330.868	108215.000
449.000	4330.870	101940.000
450.000	4330.873	97485.000
451.000	4330.875	96030.000
452.000	4330.877	95730.000
453.000	4330.880	88145.000
454.000	4330.882	86905.000
455.000	4330.885	87770.000
456.000	4330.887	86065.000
457.000	4330.890	79295.000
458.000	4330.892	75335.000
459.000	4330.895	73625.000
460.000	4330.898	73760.000
461.000	4330.900	64485.000
462.000	4330.903	63430.000
463.000	4330.905	64760.000
464.000	4330.908	62385.000
465.000	4330.910	57680.000
466.000	4330.913	56020.000
467.000	4330.915	55640.000
468.000	4330.917	54390.000
469.000	4330.920	47430.000
470.000	4330.922	47425.000
471.000	4330.925	43160.000
472.000	4330.927	42165.000
473.000	4330.930	38100.000
474.000	4330.932	36215.000
475.000	4330.935	35190.000
476.000	4330.937	34935.000
477.000	4330.940	32830.000
478.000	4330.943	31375.000
479.000	4330.945	31275.000
480.000	4330.948	30000.000
481.000	4330.950	28530.000
482.000	4330.953	26655.000
483.000	4330.955	26430.000
484.000	4330.958	25615.000
485.000	4330.960	25460.000
486.000	4330.962	24655.000
487.000	4330.965	24370.000
488.000	4330.967	24140.000
489.000	4330.970	21890.000
490.000	4330.972	20315.000
491.000	4330.975	19835.000
492.000	4330.977	20150.000
493.000	4330.980	18580.000
494.000	4330.983	18130.000
495.000	4330.985	17780.000
496.000	4330.988	17790.000
497.000	4330.990	15640.000
498.000	4330.993	15405.000
499.000	4330.995	15510.000
500.000	4330.998	14365.000
501.000	4331.000	13815.000
502.000	4331.002	14310.000
503.000	4331.005	12890.000
504.000	4331.007	13010.000
505.000	4331.010	12355.000
506.000	4331.012	12040.000
507.000	4331.015	11960.000
508.000	4331.017	12755.000
509.000	4331.020	11920.000
510.000	4331.023	11635.000
511.000	4331.025	11420.000
512.000	4331.028	11075.000
513.000	4331.030	10935.000
514.000	4331.033	10750.000
515.000	4331.035	11315.000
516.000	4331.038	10590.000
517.000	4331.040	10675.000
518.000	4331.042	10380.000
519.000	4331.045	10135.000
520.000	4331.047	10080.000
521.000	4331.050	10025.000
522.000	4331.052	9260.000
523.000	4331.055	9715.000
524.000	4331.057	9720.000
525.000	4331.060	8830.000
526.000	4331.062	9145.000
527.000	4331.065	8885.000
528.000	4331.068	8640.000
529.000	4331.070	8250.000
530.000	4331.073	8310.000
531.000	4331.075	8575.000
532.000	4331.078	7715.000
533.000	4331.080	8260.000
534.000	4331.083	7820.000
535.000	4331.085	7745.000
536.000	4331.087	8165.000
537.000	4331.090	8025.000
538.000	4331.092	7825.000
539.000	4331.095	7560.000
540.000	4331.097	7255.000
541.000	4331.100	7085.000
542.000	4331.102	7190.000
543.000	4331.105	7325.000
544.000	4331.108	7215.000
545.000	4331.110	7080.000
546.000	4331.113	7405.000
547.000	4331.115	6700.000
548.000	4331.118	6920.000
549.000	4331.120	6650.000
550.000	4331.123	7060.000
551.000	4331.125	6305.000
552.000	4331.127	6490.000
553.000	4331.130	6545.000
554.000	4331.132	6630.000
555.000	4331.135	6420.000
556.000	4331.137	6260.000
557.000	4331.140	6125.000
558.000	4331.142	6560.000
559.000	4331.145	6185.000
560.000	4331.148	6350.000
561.000	4331.150	6140.000
562.000	4331.153	6200.000
563.000	4331.155	6285.000
564.000	4331.158	6285.000
565.000	4331.160	5870.000
566.000	4331.163	6310.000
567.000	4331.165	6010.000
568.000	4331.167	6420.000
569.000	4331.170	6090.000
570.000	4331.172	6060.000
571.000	4331.175	6075.000
572.000	4331.177	5840.000
573.000	4331.180	5645.000
574.000	4331.182	5700.000
575.000	4331.185	5775.000
576.000	4331.187	5840.000
577.000	4331.190	5645.000
578.000	4331.193	5680.000
579.000	4331.195	5385.000
580.000	4331.198	5335.000
581.000	4331.200	5285.000
582.000	4331.203	4975.000
583.000	4331.205	5185.000
584.000	4331.208	5185.000
585.000	4331.210	5220.000
586.000	4331.212	5020.000
587.000	4331.215	4970.000
588.000	4331.217	5015.000
589.000	4331.220	4935.000
590.000	4331.222	4720.000
591.000	4331.225	4825.000
592.000	4331.227	4840.000
593.000	4331.230	4965.000
594.000	4331.233	4930.000
595.000	4331.235	4705.000
596.000	4331.238	4950.000
597.000	4331.240	4745.000
598.000	4331.243	4795.000
599.000	4331.245	4660.000
600.000	4331.248	4640.000
601.000	4331.250	4645.000
602.000	4331.252	4450.000
603.000	4331.255	4350.000
604.000	4331.257	4500.000
605.000	4331.260	4265.000
606.000	4331.262	4245.000
607.000	4331.265	4160.000
608.000	4331.267	4030.000
609.000	4331.270	4330.000
610.000	4331.273	4065.000
611.000	4331.275	4045.000
612.000	4331.278	3700.000
613.000	4331.280	3660.000
614.000	4331.283	3735.000
615.000	4331.285	3910.000
616.000	4331.288	4000.000
617.000	4331.290	4095.000
618.000	4331.292	3795.000
619.000	4331.295	3730.000
620.000	4331.297	3640.000
621.000	4331.300	3785.000
622.000	4331.302	3905.000
623.000	4331.305	3600.000
624.000	4331.307	3910.000
625.000	4331.310	3665.000
626.000	4331.312	3595.000
627.000	4331.315	3885.000
628.000	4331.318	3675.000
629.000	4331.320	3500.000
630.000	4331.323	3640.000
631.000	4331.325	3675.000
632.000	4331.328	3695.000
633.000	4331.330	3710.000
634.000	4331.333	3530.000
635.000	4331.335	3480.000
636.000	4331.337	3695.000
637.000	4331.340	3545.000
638.000	4331.342	3365.000
639.000	4331.345	3450.000
640.000	4331.347	3270.000
641.000	4331.350	3435.000
642.000	4331.352	3410.000
643.000	4331.355	3665.000
644.000	4331.358	3245.000
645.000	4331.360	3205.000
646.000	4331.363	3340.000
647.000	4331.365	3315.000
648.000	4331.368	3460.000
649.000	4331.370	3340.000
650.000	4331.373	3385.000
651.000	4331.375	3055.000
652.000	4331.377	3450.000
653.000	4331.380	3445.000
654.000	4331.382	3255.000
655.000	4331.385	3375.000
656.000	4331.387	3525.000
657.000	4331.390	3575.000
658.000	4331.392	3240.000
659.000	4331.395	3200.000
660.000	4331.398	3255.000
661.000	4331.400	3090.000
662.000	4331.403	3120.000
663.000	4331.405	2885.000
664.000	4331.408	3105.000
665.000	4331.410	2985.000
666.000	4331.413	2975.000
667.000	4331.415	2840.000
668.000	4331.417	3025.000
669.000	4331.420	2890.000
670.000	4331.422	2855.000
671.000	4331.425	2915.000
672.000	4331.427	2805.000
673.000	4331.430	2520.000
674.000	4331.432	2880.000
675.000	4331.435	2825.000
676.000	4331.437	2830.000
677.000	4331.440	2560.000
678.000	4331.443	2595.000
679.000	4331.445	2700.000
680.000	4331.448	2530.000
681.000	4331.450	2650.000
682.000	4331.453	2520.000
683.000	4331.455	2725.000
684.000	4331.458	2450.000
685.000	4331.460	2315.000
686.000	4331.462	2690.000
687.000	4331.465	2605.000
688.000	4331.467	2330.000
689.000	4331.470	2320.000
690.000	4331.472	2350.000
691.000	4331.475	2340.000
692.000	4331.477	2440.000
693.000	4331.480	2255.000
694.000	4331.483	2560.000
695.000	4331.485	2265.000
696.000	4331.488	2385.000
697.000	4331.490	2495.000
698.000	4331.493	2345.000
699.000	4331.495	2310.000
700.000	4331.498	2185.000
701.000	4331.500	2370.000
