1.000	3626.000	486.000
2.000	3626.003	440.000
3.000	3626.005	496.000
4.000	3626.008	440.000
5.000	3626.010	512.000
6.000	3626.012	438.000
7.000	3626.015	454.000
8.000	3626.017	478.000
9.000	3626.020	474.000
10.000	3626.023	416.000
11.000	3626.025	472.000
12.000	3626.028	484.000
13.000	3626.030	478.000
14.000	3626.032	486.000
15.000	3626.035	514.000
16.000	3626.037	450.000
17.000	3626.040	414.000
18.000	3626.043	472.000
19.000	3626.045	498.000
20.000	3626.048	416.000
21.000	3626.050	432.000
22.000	3626.052	448.000
23.000	3626.055	476.000
24.000	3626.057	478.000
25.000	3626.060	470.000
26.000	3626.062	512.000
27.000	3626.065	458.000
28.000	3626.068	440.000
29.000	3626.070	476.000
30.000	3626.073	388.000
31.000	3626.075	434.000
32.000	3626.077	508.000
33.000	3626.080	458.000
34.000	3626.082	468.000
35.000	3626.085	432.000
36.000	3626.088	488.000
37.000	3626.090	522.000
38.000	3626.093	464.000
39.000	3626.095	500.000
40.000	3626.097	516.000
41.000	3626.100	526.000
42.000	3626.102	474.000
43.000	3626.105	448.000
44.000	3626.108	446.000
45.000	3626.110	480.000
46.000	3626.113	476.000
47.000	3626.115	482.000
48.000	3626.117	414.000
49.000	3626.120	420.000
50.000	3626.122	496.000
51.000	3626.125	506.000
52.000	3626.128	516.000
53.000	3626.130	462.000
54.000	3626.133	484.000
55.000	3626.135	464.000
56.000	3626.137	496.000
57.000	3626.140	428.000
58.000	3626.142	494.000
59.000	3626.145	446.000
60.000	3626.148	448.000
61.000	3626.150	530.000
62.000	3626.153	444.000
63.000	3626.155	488.000
64.000	3626.157	434.000
65.000	3626.160	482.000
66.000	3626.162	500.000
67.000	3626.165	520.000
68.000	3626.168	524.000
69.000	3626.170	472.000
70.000	3626.173	524.000
71.000	3626.175	488.000
72.000	3626.177	472.000
73.000	3626.180	416.000
74.000	3626.182	420.000
75.000	3626.185	558.000
76.000	3626.187	494.000
77.000	3626.190	516.000
78.000	3626.193	522.000
79.000	3626.195	488.000
80.000	3626.198	494.000
81.000	3626.200	526.000
82.000	3626.202	566.000
83.000	3626.205	540.000
84.000	3626.207	560.000
85.000	3626.210	526.000
86.000	3626.213	480.000
87.000	3626.215	472.000
88.000	3626.218	562.000
89.000	3626.220	546.000
90.000	3626.222	502.000
91.000	3626.225	482.000
92.000	3626.227	534.000
93.000	3626.230	544.000
94.000	3626.233	558.000
95.000	3626.235	570.000
96.000	3626.238	528.000
97.000	3626.240	548.000
98.000	3626.242	520.000
99.000	3626.245	514.000
100.000	3626.247	534.000
101.000	3626.250	492.000
102.000	3626.253	496.000
103.000	3626.255	524.000
104.000	3626.258	482.000
105.000	3626.260	550.000
106.000	3626.262	506.000
107.000	3626.265	562.000
108.000	3626.267	540.000
109.000	3626.270	474.000
110.000	3626.273	552.000
111.000	3626.275	566.000
112.000	3626.278	578.000
113.000	3626.280	586.000
114.000	3626.282	512.000
115.000	3626.285	490.000
116.000	3626.287	538.000
117.000	3626.290	596.000
118.000	3626.293	554.000
119.000	3626.295	598.000
120.000	3626.298	508.000
121.000	3626.300	498.000
122.000	3626.302	546.000
123.000	3626.305	540.000
124.000	3626.307	480.000
125.000	3626.310	578.000
126.000	3626.312	508.000
127.000	3626.315	582.000
128.000	3626.318	496.000
129.000	3626.320	572.000
130.000	3626.323	536.000
131.000	3626.325	518.000
132.000	3626.327	522.000
133.000	3626.330	596.000
134.000	3626.332	598.000
135.000	3626.335	550.000
136.000	3626.338	532.000
137.000	3626.340	534.000
138.000	3626.343	648.000
139.000	3626.345	526.000
140.000	3626.347	630.000
141.000	3626.350	538.000
142.000	3626.352	610.000
143.000	3626.355	520.000
144.000	3626.358	570.000
145.000	3626.360	666.000
146.000	3626.363	610.000
147.000	3626.365	598.000
148.000	3626.367	652.000
149.000	3626.370	578.000
150.000	3626.372	556.000
151.000	3626.375	640.000
152.000	3626.378	674.000
153.000	3626.380	582.000
154.000	3626.383	610.000
155.000	3626.385	604.000
156.000	3626.387	644.000
157.000	3626.390	612.000
158.000	3626.392	588.000
159.000	3626.395	612.000
160.000	3626.398	632.000
161.000	3626.400	608.000
162.000	3626.403	672.000
163.000	3626.405	612.000
164.000	3626.407	500.000
165.000	3626.410	596.000
166.000	3626.412	570.000
167.000	3626.415	584.000
168.000	3626.418	560.000
169.000	3626.420	578.000
170.000	3626.423	630.000
171.000	3626.425	602.000
172.000	3626.427	654.000
173.000	3626.430	614.000
174.000	3626.432	536.000
175.000	3626.435	552.000
176.000	3626.437	592.000
177.000	3626.440	534.000
178.000	3626.443	520.000
179.000	3626.445	556.000
180.000	3626.448	622.000
181.000	3626.450	612.000
182.000	3626.452	548.000
183.000	3626.455	574.000
184.000	3626.457	572.000
185.000	3626.460	678.000
186.000	3626.463	508.000
187.000	3626.465	572.000
188.000	3626.468	606.000
189.000	3626.470	640.000
190.000	3626.472	572.000
191.000	3626.475	540.000
192.000	3626.477	622.000
193.000	3626.480	610.000
194.000	3626.483	596.000
195.000	3626.485	610.000
196.000	3626.488	596.000
197.000	3626.490	542.000
198.000	3626.492	622.000
199.000	3626.495	654.000
200.000	3626.497	492.000
201.000	3626.500	574.000
202.000	3626.503	558.000
203.000	3626.505	628.000
204.000	3626.508	644.000
205.000	3626.510	648.000
206.000	3626.512	656.000
207.000	3626.515	664.000
208.000	3626.517	672.000
209.000	3626.520	634.000
210.000	3626.523	584.000
211.000	3626.525	650.000
212.000	3626.528	604.000
213.000	3626.530	636.000
214.000	3626.532	656.000
215.000	3626.535	646.000
216.000	3626.537	604.000
217.000	3626.540	614.000
218.000	3626.543	582.000
219.000	3626.545	628.000
220.000	3626.548	562.000
221.000	3626.550	648.000
222.000	3626.552	608.000
223.000	3626.555	660.000
224.000	3626.557	586.000
225.000	3626.560	632.000
226.000	3626.562	702.000
227.000	3626.565	648.000
228.000	3626.568	642.000
229.000	3626.570	578.000
230.000	3626.573	610.000
231.000	3626.575	618.000
232.000	3626.577	694.000
233.000	3626.580	658.000
234.000	3626.582	634.000
235.000	3626.585	618.000
236.000	3626.588	670.000
237.000	3626.590	656.000
238.000	3626.593	714.000
239.000	3626.595	644.000
240.000	3626.597	646.000
241.000	3626.600	632.000
242.000	3626.602	626.000
243.000	3626.605	660.000
244.000	3626.608	628.000
245.000	3626.610	696.000
246.000	3626.613	718.000
247.000	3626.615	702.000
248.000	3626.617	666.000
249.000	3626.620	744.000
250.000	3626.622	704.000
251.000	3626.625	826.000
252.000	3626.628	676.000
253.000	3626.630	676.000
254.000	3626.633	748.000
255.000	3626.635	648.000
256.000	3626.637	638.000
257.000	3626.640	602.000
258.000	3626.642	724.000
259.000	3626.645	764.000
260.000	3626.648	764.000
261.000	3626.650	724.000
262.000	3626.653	696.000
263.000	3626.655	700.000
264.000	3626.657	748.000
265.000	3626.660	716.000
266.000	3626.662	730.000
267.000	3626.665	720.000
268.000	3626.668	736.000
269.000	3626.670	780.000
270.000	3626.673	726.000
271.000	3626.675	646.000
272.000	3626.677	704.000
273.000	3626.680	714.000
274.000	3626.682	810.000
275.000	3626.685	750.000
276.000	3626.687	746.000
277.000	3626.690	758.000
278.000	3626.693	742.000
279.000	3626.695	834.000
280.000	3626.698	788.000
281.000	3626.700	746.000
282.000	3626.702	842.000
283.000	3626.705	756.000
284.000	3626.707	718.000
285.000	3626.710	834.000
286.000	3626.713	774.000
287.000	3626.715	842.000
288.000	3626.718	872.000
289.000	3626.720	776.000
290.000	3626.722	804.000
291.000	3626.725	866.000
292.000	3626.727	790.000
293.000	3626.730	856.000
294.000	3626.733	776.000
295.000	3626.735	684.000
296.000	3626.738	852.000
297.000	3626.740	774.000
298.000	3626.742	832.000
299.000	3626.745	774.000
300.000	3626.747	814.000
301.000	3626.750	836.000
302.000	3626.753	808.000
303.000	3626.755	828.000
304.000	3626.758	826.000
305.000	3626.760	848.000
306.000	3626.762	894.000
307.000	3626.765	814.000
308.000	3626.767	864.000
309.000	3626.770	862.000
310.000	3626.773	948.000
311.000	3626.775	888.000
312.000	3626.778	944.000
313.000	3626.780	918.000
314.000	3626.782	828.000
315.000	3626.785	914.000
316.000	3626.787	878.000
317.000	3626.790	930.000
318.000	3626.793	1024.000
319.000	3626.795	944.000
320.000	3626.798	912.000
321.000	3626.800	1028.000
322.000	3626.802	882.000
323.000	3626.805	946.000
324.000	3626.807	1002.000
325.000	3626.810	860.000
326.000	3626.812	994.000
327.000	3626.815	982.000
328.000	3626.818	986.000
329.000	3626.820	1110.000
330.000	3626.823	1048.000
331.000	3626.825	1154.000
332.000	3626.827	1090.000
333.000	3626.830	1138.000
334.000	3626.832	1162.000
335.000	3626.835	1234.000
336.000	3626.838	1190.000
337.000	3626.840	1158.000
338.000	3626.843	1282.000
339.000	3626.845	1272.000
340.000	3626.847	1236.000
341.000	3626.850	1248.000
342.000	3626.852	1276.000
343.000	3626.855	1274.000
344.000	3626.858	1248.000
345.000	3626.860	1324.000
346.000	3626.863	1278.000
347.000	3626.865	1370.000
348.000	3626.867	1232.000
349.000	3626.870	1324.000
350.000	3626.872	1274.000
351.000	3626.875	1182.000
352.000	3626.878	1262.000
353.000	3626.880	1354.000
354.000	3626.883	1410.000
355.000	3626.885	1310.000
356.000	3626.887	1418.000
357.000	3626.890	1452.000
358.000	3626.892	1390.000
359.000	3626.895	1452.000
360.000	3626.898	1510.000
361.000	3626.900	1464.000
362.000	3626.903	1478.000
363.000	3626.905	1576.000
364.000	3626.907	1392.000
365.000	3626.910	1450.000
366.000	3626.912	1518.000
367.000	3626.915	1468.000
368.000	3626.918	1478.000
369.000	3626.920	1444.000
370.000	3626.923	1588.000
371.000	3626.925	1546.000
372.000	3626.927	1506.000
373.000	3626.930	1566.000
374.000	3626.932	1784.000
375.000	3626.935	1650.000
376.000	3626.937	1608.000
377.000	3626.940	1736.000
378.000	3626.943	1840.000
379.000	3626.945	1872.000
380.000	3626.948	1798.000
381.000	3626.950	1976.000
382.000	3626.952	1938.000
383.000	3626.955	1942.000
384.000	3626.957	1932.000
385.000	3626.960	2072.000
386.000	3626.963	2096.000
387.000	3626.965	2120.000
388.000	3626.968	2042.000
389.000	3626.970	2130.000
390.000	3626.972	2248.000
391.000	3626.975	2208.000
392.000	3626.977	2290.000
393.000	3626.980	2532.000
394.000	3626.983	2526.000
395.000	3626.985	2588.000
396.000	3626.988	2496.000
397.000	3626.990	2836.000
398.000	3626.992	3022.000
399.000	3626.995	2996.000
400.000	3626.997	3046.000
401.000	3627.000	3052.000
402.000	3627.003	3384.000
403.000	3627.005	3406.000
404.000	3627.008	3428.000
405.000	3627.010	4050.000
406.000	3627.012	3894.000
407.000	3627.015	3872.000
408.000	3627.017	3878.000
409.000	3627.020	4350.000
410.000	3627.023	4240.000
411.000	3627.025	4176.000
412.000	3627.028	4370.000
413.000	3627.030	4542.000
414.000	3627.032	4690.000
415.000	3627.035	5098.000
416.000	3627.037	4836.000
417.000	3627.040	5608.000
418.000	3627.043	5356.000
419.000	3627.045	5632.000
420.000	3627.048	5730.000
421.000	3627.050	6142.000
422.000	3627.052	6432.000
423.000	3627.055	6484.000
424.000	3627.057	6740.000
425.000	3627.060	7948.000
426.000	3627.062	7864.000
427.000	3627.065	8086.000
428.000	3627.068	8170.000
429.000	3627.070	9276.000
430.000	3627.073	9606.000
431.000	3627.075	9592.000
432.000	3627.077	9666.000
433.000	3627.080	10538.000
434.000	3627.082	10828.000
435.000	3627.085	11026.000
436.000	3627.088	11260.000
437.000	3627.090	12522.000
438.000	3627.093	13442.000
439.000	3627.095	13270.000
440.000	3627.097	13208.000
441.000	3627.100	14916.000
442.000	3627.102	15270.000
443.000	3627.105	15024.000
444.000	3627.108	15424.000
445.000	3627.110	18212.000
446.000	3627.113	19414.000
447.000	3627.115	19544.000
448.000	3627.117	20616.000
449.000	3627.120	24108.000
450.000	3627.122	26284.000
451.000	3627.125	27308.000
452.000	3627.128	27820.000
453.000	3627.130	29864.000
454.000	3627.133	32424.000
455.000	3627.135	32710.000
456.000	3627.137	32856.000
457.000	3627.140	38588.000
458.000	3627.142	43036.000
459.000	3627.145	42698.000
460.000	3627.148	42492.000
461.000	3627.150	47320.000
462.000	3627.153	49248.000
463.000	3627.155	49684.000
464.000	3627.157	49628.000
465.000	3627.160	54264.000
466.000	3627.162	58932.000
467.000	3627.165	59300.000
468.000	3627.168	61350.000
469.000	3627.170	67992.000
470.000	3627.173	72256.000
471.000	3627.175	73450.000
472.000	3627.177	76552.000
473.000	3627.180	85096.000
474.000	3627.182	87978.000
475.000	3627.185	89292.000
476.000	3627.187	90058.000
477.000	3627.190	96430.000
478.000	3627.193	100156.000
479.000	3627.195	100740.000
480.000	3627.198	99452.000
481.000	3627.200	103000.000
482.000	3627.202	103524.000
483.000	3627.205	103394.000
484.000	3627.207	104474.000
485.000	3627.210	105736.000
486.000	3627.213	106802.000
487.000	3627.215	105648.000
488.000	3627.218	105770.000
489.000	3627.220	106918.000
490.000	3627.222	106848.000
491.000	3627.225	108052.000
492.000	3627.227	108586.000
493.000	3627.230	107320.000
494.000	3627.233	107410.000
495.000	3627.235	106986.000
496.000	3627.238	106886.000
497.000	3627.240	106436.000
498.000	3627.242	105374.000
499.000	3627.245	105132.000
500.000	3627.247	106476.000
501.000	3627.250	106394.000
502.000	3627.253	106206.000
503.000	3627.255	107774.000
504.000	3627.258	105050.000
505.000	3627.260	109602.000
506.000	3627.262	109420.000
507.000	3627.265	110226.000
508.000	3627.267	110506.000
509.000	3627.270	114700.000
510.000	3627.273	119648.000
511.000	3627.275	119170.000
512.000	3627.278	118866.000
513.000	3627.280	124416.000
514.000	3627.282	127272.000
515.000	3627.285	126732.000
516.000	3627.287	127656.000
517.000	3627.290	133890.000
518.000	3627.293	137516.000
519.000	3627.295	139698.000
520.000	3627.298	141292.000
521.000	3627.300	154864.000
522.000	3627.302	159058.000
523.000	3627.305	159340.000
524.000	3627.307	159940.000
525.000	3627.310	161476.000
526.000	3627.312	161728.000
527.000	3627.315	161234.000
528.000	3627.318	161152.000
529.000	3627.320	159858.000
530.000	3627.323	157032.000
531.000	3627.325	158342.000
532.000	3627.327	157418.000
533.000	3627.330	149930.000
534.000	3627.332	149044.000
535.000	3627.335	149852.000
536.000	3627.338	149742.000
537.000	3627.340	138844.000
538.000	3627.343	138288.000
539.000	3627.345	138556.000
540.000	3627.347	139982.000
541.000	3627.350	129450.000
542.000	3627.352	124860.000
543.000	3627.355	122350.000
544.000	3627.358	121086.000
545.000	3627.360	110848.000
546.000	3627.363	100628.000
547.000	3627.365	89508.000
548.000	3627.367	85162.000
549.000	3627.370	77314.000
550.000	3627.372	73310.000
551.000	3627.375	71910.000
552.000	3627.378	71222.000
553.000	3627.380	58884.000
554.000	3627.383	57718.000
555.000	3627.385	59484.000
556.000	3627.387	58196.000
557.000	3627.390	51520.000
558.000	3627.392	47694.000
559.000	3627.395	47332.000
560.000	3627.398	48472.000
561.000	3627.400	44974.000
562.000	3627.403	41474.000
563.000	3627.405	40668.000
564.000	3627.407	39880.000
565.000	3627.410	34760.000
566.000	3627.412	33042.000
567.000	3627.415	32500.000
568.000	3627.418	32430.000
569.000	3627.420	28068.000
570.000	3627.423	27224.000
571.000	3627.425	26994.000
572.000	3627.427	27170.000
573.000	3627.430	21632.000
574.000	3627.432	18302.000
575.000	3627.435	15572.000
576.000	3627.437	14806.000
577.000	3627.440	12296.000
578.000	3627.443	10904.000
579.000	3627.445	10628.000
580.000	3627.448	10278.000
581.000	3627.450	9668.000
582.000	3627.452	9386.000
583.000	3627.455	8904.000
584.000	3627.457	8868.000
585.000	3627.460	7780.000
586.000	3627.463	6810.000
587.000	3627.465	6692.000
588.000	3627.468	7002.000
589.000	3627.470	5952.000
590.000	3627.472	5746.000
591.000	3627.475	5656.000
592.000	3627.477	5570.000
593.000	3627.480	5250.000
594.000	3627.483	4780.000
595.000	3627.485	4776.000
596.000	3627.488	4836.000
597.000	3627.490	3928.000
598.000	3627.492	3750.000
599.000	3627.495	3366.000
600.000	3627.497	3258.000
601.000	3627.500	2870.000
602.000	3627.503	2714.000
603.000	3627.505	2526.000
604.000	3627.508	2358.000
605.000	3627.510	2460.000
606.000	3627.512	2270.000
607.000	3627.515	2106.000
608.000	3627.517	2194.000
609.000	3627.520	2130.000
610.000	3627.523	1836.000
611.000	3627.525	1974.000
612.000	3627.528	1856.000
613.000	3627.530	1802.000
614.000	3627.532	1872.000
615.000	3627.535	1724.000
616.000	3627.537	1896.000
617.000	3627.540	1654.000
618.000	3627.543	1540.000
619.000	3627.545	1498.000
620.000	3627.548	1500.000
621.000	3627.550	1502.000
622.000	3627.552	1422.000
623.000	3627.555	1384.000
624.000	3627.557	1272.000
625.000	3627.560	1216.000
626.000	3627.562	1250.000
627.000	3627.565	1082.000
628.000	3627.568	1126.000
629.000	3627.570	1138.000
630.000	3627.573	994.000
631.000	3627.575	968.000
632.000	3627.577	1016.000
633.000	3627.580	960.000
634.000	3627.582	982.000
635.000	3627.585	914.000
636.000	3627.588	956.000
637.000	3627.590	970.000
638.000	3627.593	844.000
639.000	3627.595	812.000
640.000	3627.597	912.000
641.000	3627.600	802.000
642.000	3627.602	834.000
643.000	3627.605	846.000
644.000	3627.608	838.000
645.000	3627.610	790.000
646.000	3627.613	758.000
647.000	3627.615	800.000
648.000	3627.617	766.000
649.000	3627.620	818.000
650.000	3627.622	696.000
651.000	3627.625	738.000
652.000	3627.628	730.000
653.000	3627.630	750.000
654.000	3627.633	740.000
655.000	3627.635	750.000
656.000	3627.637	756.000
657.000	3627.640	754.000
658.000	3627.642	824.000
659.000	3627.645	754.000
660.000	3627.648	686.000
661.000	3627.650	778.000
662.000	3627.653	742.000
663.000	3627.655	684.000
664.000	3627.657	718.000
665.000	3627.660	672.000
666.000	3627.662	716.000
667.000	3627.665	704.000
668.000	3627.668	660.000
669.000	3627.670	734.000
670.000	3627.673	648.000
671.000	3627.675	698.000
672.000	3627.677	656.000
673.000	3627.680	606.000
674.000	3627.682	576.000
675.000	3627.685	640.000
676.000	3627.687	546.000
677.000	3627.690	546.000
678.000	3627.693	536.000
679.000	3627.695	556.000
680.000	3627.698	576.000
681.000	3627.700	610.000
682.000	3627.702	578.000
683.000	3627.705	572.000
684.000	3627.707	570.000
685.000	3627.710	592.000
686.000	3627.713	560.000
687.000	3627.715	574.000
688.000	3627.718	604.000
689.000	3627.720	568.000
690.000	3627.722	570.000
691.000	3627.725	580.000
692.000	3627.727	574.000
693.000	3627.730	566.000
694.000	3627.733	538.000
695.000	3627.735	540.000
696.000	3627.738	534.000
697.000	3627.740	600.000
698.000	3627.742	522.000
699.000	3627.745	572.000
700.000	3627.747	578.000
701.000	3627.750	510.000
702.000	3627.753	526.000
703.000	3627.755	534.000
704.000	3627.758	466.000
705.000	3627.760	538.000
706.000	3627.762	472.000
707.000	3627.765	482.000
708.000	3627.767	490.000
709.000	3627.770	464.000
710.000	3627.773	488.000
711.000	3627.775	418.000
712.000	3627.778	498.000
713.000	3627.780	492.000
714.000	3627.782	492.000
715.000	3627.785	544.000
716.000	3627.787	444.000
717.000	3627.790	414.000
718.000	3627.793	490.000
719.000	3627.795	486.000
720.000	3627.798	452.000
721.000	3627.800	442.000
722.000	3627.802	478.000
723.000	3627.805	474.000
724.000	3627.807	446.000
725.000	3627.810	478.000
726.000	3627.812	434.000
727.000	3627.815	414.000
728.000	3627.818	466.000
729.000	3627.820	500.000
730.000	3627.823	414.000
731.000	3627.825	412.000
732.000	3627.827	518.000
733.000	3627.830	500.000
734.000	3627.832	430.000
735.000	3627.835	428.000
736.000	3627.838	408.000
737.000	3627.840	464.000
738.000	3627.843	424.000
739.000	3627.845	394.000
740.000	3627.847	410.000
741.000	3627.850	470.000
742.000	3627.852	412.000
743.000	3627.855	382.000
744.000	3627.858	446.000
745.000	3627.860	440.000
746.000	3627.863	470.000
747.000	3627.865	440.000
748.000	3627.867	404.000
749.000	3627.870	460.000
750.000	3627.872	458.000
751.000	3627.875	426.000
752.000	3627.878	484.000
753.000	3627.880	384.000
754.000	3627.883	448.000
755.000	3627.885	436.000
756.000	3627.887	422.000
757.000	3627.890	424.000
758.000	3627.892	392.000
759.000	3627.895	446.000
760.000	3627.898	452.000
761.000	3627.900	406.000
762.000	3627.903	400.000
763.000	3627.905	392.000
764.000	3627.907	378.000
765.000	3627.910	390.000
766.000	3627.912	410.000
767.000	3627.915	394.000
768.000	3627.918	420.000
769.000	3627.920	332.000
770.000	3627.923	420.000
771.000	3627.925	400.000
772.000	3627.927	372.000
773.000	3627.930	442.000
774.000	3627.932	390.000
775.000	3627.935	428.000
776.000	3627.937	378.000
777.000	3627.940	394.000
778.000	3627.943	420.000
779.000	3627.945	424.000
780.000	3627.948	362.000
781.000	3627.950	408.000
782.000	3627.952	330.000
783.000	3627.955	380.000
784.000	3627.957	410.000
785.000	3627.960	392.000
786.000	3627.963	348.000
787.000	3627.965	392.000
788.000	3627.968	334.000
789.000	3627.970	352.000
790.000	3627.972	388.000
791.000	3627.975	328.000
792.000	3627.977	370.000
793.000	3627.980	366.000
794.000	3627.983	336.000
795.000	3627.985	426.000
796.000	3627.988	350.000
797.000	3627.990	420.000
798.000	3627.992	406.000
799.000	3627.995	392.000
800.000	3627.997	338.000
801.000	3628.000	314.000
