1.000	5852.000	1685.000
2.000	5852.002	1585.000
3.000	5852.005	1365.000
4.000	5852.007	1360.000
5.000	5852.010	1465.000
6.000	5852.012	1485.000
7.000	5852.015	1615.000
8.000	5852.017	1615.000
9.000	5852.020	1590.000
10.000	5852.023	1520.000
11.000	5852.025	1595.000
12.000	5852.028	1475.000
13.000	5852.030	1550.000
14.000	5852.033	1580.000
15.000	5852.035	1670.000
16.000	5852.038	1745.000
17.000	5852.040	1355.000
18.000	5852.042	1500.000
19.000	5852.045	1845.000
20.000	5852.047	1590.000
21.000	5852.050	1495.000
22.000	5852.052	1830.000
23.000	5852.055	1605.000
24.000	5852.057	1690.000
25.000	5852.060	1615.000
26.000	5852.062	1610.000
27.000	5852.065	1585.000
28.000	5852.068	1580.000
29.000	5852.070	1510.000
30.000	5852.073	1645.000
31.000	5852.075	1530.000
32.000	5852.078	1755.000
33.000	5852.080	1640.000
34.000	5852.083	1610.000
35.000	5852.085	1665.000
36.000	5852.087	1515.000
37.000	5852.090	1580.000
38.000	5852.092	1450.000
39.000	5852.095	1625.000
40.000	5852.097	1675.000
41.000	5852.100	1610.000
42.000	5852.102	1600.000
43.000	5852.105	1665.000
44.000	5852.108	1590.000
45.000	5852.110	1650.000
46.000	5852.113	1800.000
47.000	5852.115	1840.000
48.000	5852.118	1710.000
49.000	5852.120	1760.000
50.000	5852.123	1670.000
51.000	5852.125	1820.000
52.000	5852.127	1775.000
53.000	5852.130	1800.000
54.000	5852.132	1590.000
55.000	5852.135	1625.000
56.000	5852.137	1680.000
57.000	5852.140	1560.000
58.000	5852.142	1830.000
59.000	5852.145	1665.000
60.000	5852.148	1720.000
61.000	5852.150	1620.000
62.000	5852.153	1655.000
63.000	5852.155	1755.000
64.000	5852.158	1680.000
65.000	5852.160	1840.000
66.000	5852.163	1775.000
67.000	5852.165	2030.000
68.000	5852.167	1735.000
69.000	5852.170	1820.000
70.000	5852.172	1840.000
71.000	5852.175	1590.000
72.000	5852.177	1740.000
73.000	5852.180	1790.000
74.000	5852.182	1865.000
75.000	5852.185	1725.000
76.000	5852.187	1860.000
77.000	5852.190	1670.000
78.000	5852.193	1655.000
79.000	5852.195	1715.000
80.000	5852.198	1825.000
81.000	5852.200	1875.000
82.000	5852.203	1795.000
83.000	5852.205	1825.000
84.000	5852.208	1670.000
85.000	5852.210	1815.000
86.000	5852.212	1765.000
87.000	5852.215	1870.000
88.000	5852.217	1725.000
89.000	5852.220	1725.000
90.000	5852.222	1880.000
91.000	5852.225	2005.000
92.000	5852.227	1625.000
93.000	5852.230	1810.000
94.000	5852.233	1675.000
95.000	5852.235	1845.000
96.000	5852.238	1730.000
97.000	5852.240	1820.000
98.000	5852.243	1760.000
99.000	5852.245	1865.000
100.000	5852.248	1870.000
101.000	5852.250	1990.000
102.000	5852.252	1715.000
103.000	5852.255	1935.000
104.000	5852.257	2070.000
105.000	5852.260	1680.000
106.000	5852.262	1875.000
107.000	5852.265	1965.000
108.000	5852.267	1870.000
109.000	5852.270	1800.000
110.000	5852.273	2010.000
111.000	5852.275	1835.000
112.000	5852.278	1945.000
113.000	5852.280	1860.000
114.000	5852.283	2065.000
115.000	5852.285	1855.000
116.000	5852.288	2060.000
117.000	5852.290	2005.000
118.000	5852.292	2065.000
119.000	5852.295	1860.000
120.000	5852.297	1990.000
121.000	5852.300	1950.000
122.000	5852.302	1980.000
123.000	5852.305	1935.000
124.000	5852.307	2115.000
125.000	5852.310	1920.000
126.000	5852.312	1895.000
127.000	5852.315	1950.000
128.000	5852.318	1845.000
129.000	5852.320	1940.000
130.000	5852.323	2020.000
131.000	5852.325	1875.000
132.000	5852.328	1970.000
133.000	5852.330	2030.000
134.000	5852.333	2070.000
135.000	5852.335	1935.000
136.000	5852.337	1995.000
137.000	5852.340	2075.000
138.000	5852.342	1825.000
139.000	5852.345	2075.000
140.000	5852.347	2210.000
141.000	5852.350	2105.000
142.000	5852.352	2065.000
143.000	5852.355	2030.000
144.000	5852.358	2065.000
145.000	5852.360	2030.000
146.000	5852.363	1985.000
147.000	5852.365	2020.000
148.000	5852.368	2045.000
149.000	5852.370	2115.000
150.000	5852.373	2035.000
151.000	5852.375	2015.000
152.000	5852.377	2110.000
153.000	5852.380	1980.000
154.000	5852.382	2115.000
155.000	5852.385	2280.000
156.000	5852.387	1985.000
157.000	5852.390	2015.000
158.000	5852.392	2135.000
159.000	5852.395	2040.000
160.000	5852.398	1965.000
161.000	5852.400	2165.000
162.000	5852.403	2320.000
163.000	5852.405	2200.000
164.000	5852.408	2120.000
165.000	5852.410	2120.000
166.000	5852.413	2195.000
167.000	5852.415	2050.000
168.000	5852.417	2240.000
169.000	5852.420	2205.000
170.000	5852.422	2325.000
171.000	5852.425	2120.000
172.000	5852.427	2350.000
173.000	5852.430	2220.000
174.000	5852.432	2180.000
175.000	5852.435	2270.000
176.000	5852.437	2150.000
177.000	5852.440	2175.000
178.000	5852.443	2230.000
179.000	5852.445	2140.000
180.000	5852.448	2115.000
181.000	5852.450	2250.000
182.000	5852.453	2050.000
183.000	5852.455	2365.000
184.000	5852.458	2275.000
185.000	5852.460	2305.000
186.000	5852.462	2265.000
187.000	5852.465	2105.000
188.000	5852.467	2300.000
189.000	5852.470	2100.000
190.000	5852.472	2360.000
191.000	5852.475	2285.000
192.000	5852.477	2260.000
193.000	5852.480	2270.000
194.000	5852.483	2240.000
195.000	5852.485	2085.000
196.000	5852.488	2365.000
197.000	5852.490	2395.000
198.000	5852.493	2235.000
199.000	5852.495	2180.000
200.000	5852.498	2185.000
201.000	5852.500	2130.000
202.000	5852.502	2315.000
203.000	5852.505	2155.000
204.000	5852.507	2255.000
205.000	5852.510	2425.000
206.000	5852.512	2360.000
207.000	5852.515	2320.000
208.000	5852.517	2345.000
209.000	5852.520	2070.000
210.000	5852.523	2270.000
211.000	5852.525	2140.000
212.000	5852.528	2615.000
213.000	5852.530	2390.000
214.000	5852.533	2360.000
215.000	5852.535	2360.000
216.000	5852.538	2315.000
217.000	5852.540	2425.000
218.000	5852.542	2560.000
219.000	5852.545	2510.000
220.000	5852.547	2150.000
221.000	5852.550	2480.000
222.000	5852.552	2580.000
223.000	5852.555	2545.000
224.000	5852.557	2340.000
225.000	5852.560	2770.000
226.000	5852.562	2465.000
227.000	5852.565	2785.000
228.000	5852.568	2625.000
229.000	5852.570	2495.000
230.000	5852.573	2595.000
231.000	5852.575	2580.000
232.000	5852.578	2700.000
233.000	5852.580	2585.000
234.000	5852.583	2440.000
235.000	5852.585	2440.000
236.000	5852.587	2760.000
237.000	5852.590	2590.000
238.000	5852.592	2675.000
239.000	5852.595	2525.000
240.000	5852.597	2840.000
241.000	5852.600	2510.000
242.000	5852.602	2635.000
243.000	5852.605	2660.000
244.000	5852.608	2705.000
245.000	5852.610	2605.000
246.000	5852.613	2690.000
247.000	5852.615	2540.000
248.000	5852.618	2935.000
249.000	5852.620	2595.000
250.000	5852.623	2750.000
251.000	5852.625	2860.000
252.000	5852.627	2845.000
253.000	5852.630	2875.000
254.000	5852.632	2955.000
255.000	5852.635	2650.000
256.000	5852.637	2875.000
257.000	5852.640	2670.000
258.000	5852.642	2785.000
259.000	5852.645	2730.000
260.000	5852.648	2600.000
261.000	5852.650	2790.000
262.000	5852.653	2830.000
263.000	5852.655	2735.000
264.000	5852.658	2640.000
265.000	5852.660	2850.000
266.000	5852.663	2875.000
267.000	5852.665	3185.000
268.000	5852.667	2560.000
269.000	5852.670	3180.000
270.000	5852.672	2850.000
271.000	5852.675	3135.000
272.000	5852.677	3140.000
273.000	5852.680	2835.000
274.000	5852.682	2745.000
275.000	5852.685	2885.000
276.000	5852.687	3150.000
277.000	5852.690	2875.000
278.000	5852.693	3050.000
279.000	5852.695	2990.000
280.000	5852.698	2990.000
281.000	5852.700	3195.000
282.000	5852.703	3285.000
283.000	5852.705	3105.000
284.000	5852.708	2995.000
285.000	5852.710	3075.000
286.000	5852.712	3095.000
287.000	5852.715	3140.000
288.000	5852.717	3210.000
289.000	5852.720	3070.000
290.000	5852.722	3370.000
291.000	5852.725	3145.000
292.000	5852.727	2970.000
293.000	5852.730	3110.000
294.000	5852.733	3095.000
295.000	5852.735	3075.000
296.000	5852.738	3205.000
297.000	5852.740	3095.000
298.000	5852.743	2995.000
299.000	5852.745	3040.000
300.000	5852.748	3135.000
301.000	5852.750	3050.000
302.000	5852.752	3325.000
303.000	5852.755	2995.000
304.000	5852.757	3475.000
305.000	5852.760	3125.000
306.000	5852.762	3165.000
307.000	5852.765	3220.000
308.000	5852.767	3120.000
309.000	5852.770	3385.000
310.000	5852.773	3205.000
311.000	5852.775	3360.000
312.000	5852.778	3610.000
313.000	5852.780	3215.000
314.000	5852.783	3510.000
315.000	5852.785	2980.000
316.000	5852.788	3515.000
317.000	5852.790	3190.000
318.000	5852.792	3575.000
319.000	5852.795	3845.000
320.000	5852.797	3480.000
321.000	5852.800	3575.000
322.000	5852.802	3470.000
323.000	5852.805	3405.000
324.000	5852.807	3560.000
325.000	5852.810	3685.000
326.000	5852.812	3475.000
327.000	5852.815	3365.000
328.000	5852.818	3565.000
329.000	5852.820	3975.000
330.000	5852.823	3560.000
331.000	5852.825	3715.000
332.000	5852.828	3580.000
333.000	5852.830	3690.000
334.000	5852.833	3680.000
335.000	5852.835	3780.000
336.000	5852.837	4015.000
337.000	5852.840	4070.000
338.000	5852.842	3985.000
339.000	5852.845	4020.000
340.000	5852.847	3940.000
341.000	5852.850	4100.000
342.000	5852.852	3945.000
343.000	5852.855	3765.000
344.000	5852.858	4165.000
345.000	5852.860	4250.000
346.000	5852.863	4005.000
347.000	5852.865	4270.000
348.000	5852.868	4370.000
349.000	5852.870	4345.000
350.000	5852.873	4385.000
351.000	5852.875	4350.000
352.000	5852.877	4375.000
353.000	5852.880	4230.000
354.000	5852.882	4365.000
355.000	5852.885	4310.000
356.000	5852.887	4505.000
357.000	5852.890	4380.000
358.000	5852.892	4390.000
359.000	5852.895	4420.000
360.000	5852.898	4325.000
361.000	5852.900	4100.000
362.000	5852.903	4585.000
363.000	5852.905	4635.000
364.000	5852.908	4820.000
365.000	5852.910	4475.000
366.000	5852.913	4515.000
367.000	5852.915	4710.000
368.000	5852.917	4705.000
369.000	5852.920	4725.000
370.000	5852.922	4670.000
371.000	5852.925	4855.000
372.000	5852.927	4290.000
373.000	5852.930	4890.000
374.000	5852.932	4870.000
375.000	5852.935	4770.000
376.000	5852.937	4770.000
377.000	5852.940	4565.000
378.000	5852.943	4680.000
379.000	5852.945	4900.000
380.000	5852.948	4700.000
381.000	5852.950	5300.000
382.000	5852.953	5340.000
383.000	5852.955	4850.000
384.000	5852.958	5110.000
385.000	5852.960	4920.000
386.000	5852.962	5325.000
387.000	5852.965	5340.000
388.000	5852.967	4980.000
389.000	5852.970	5290.000
390.000	5852.972	4920.000
391.000	5852.975	5205.000
392.000	5852.977	5040.000
393.000	5852.980	5070.000
394.000	5852.983	5290.000
395.000	5852.985	5620.000
396.000	5852.988	5440.000
397.000	5852.990	5160.000
398.000	5852.993	5380.000
399.000	5852.995	5780.000
400.000	5852.998	5630.000
401.000	5853.000	5305.000
402.000	5853.002	5675.000
403.000	5853.005	5570.000
404.000	5853.007	5640.000
405.000	5853.010	5775.000
406.000	5853.012	6035.000
407.000	5853.015	5795.000
408.000	5853.017	6080.000
409.000	5853.020	5210.000
410.000	5853.023	6030.000
411.000	5853.025	5945.000
412.000	5853.028	5775.000
413.000	5853.030	5810.000
414.000	5853.033	6095.000
415.000	5853.035	6435.000
416.000	5853.038	6145.000
417.000	5853.040	6120.000
418.000	5853.042	6295.000
419.000	5853.045	6555.000
420.000	5853.047	6225.000
421.000	5853.050	6765.000
422.000	5853.052	6870.000
423.000	5853.055	6765.000
424.000	5853.057	6675.000
425.000	5853.060	6960.000
426.000	5853.062	6885.000
427.000	5853.065	7005.000
428.000	5853.068	7040.000
429.000	5853.070	7375.000
430.000	5853.073	7295.000
431.000	5853.075	7385.000
432.000	5853.078	7280.000
433.000	5853.080	7430.000
434.000	5853.083	7400.000
435.000	5853.085	7385.000
436.000	5853.087	7835.000
437.000	5853.090	7675.000
438.000	5853.092	7785.000
439.000	5853.095	7695.000
440.000	5853.097	7780.000
441.000	5853.100	7765.000
442.000	5853.102	7580.000
443.000	5853.105	7920.000
444.000	5853.108	8080.000
445.000	5853.110	7800.000
446.000	5853.113	7890.000
447.000	5853.115	7835.000
448.000	5853.118	8285.000
449.000	5853.120	8235.000
450.000	5853.123	8205.000
451.000	5853.125	8545.000
452.000	5853.127	8630.000
453.000	5853.130	8570.000
454.000	5853.132	8365.000
455.000	5853.135	8955.000
456.000	5853.137	8925.000
457.000	5853.140	9320.000
458.000	5853.142	9155.000
459.000	5853.145	9155.000
460.000	5853.148	9240.000
461.000	5853.150	9550.000
462.000	5853.153	9195.000
463.000	5853.155	9040.000
464.000	5853.158	9350.000
465.000	5853.160	9205.000
466.000	5853.163	9350.000
467.000	5853.165	9510.000
468.000	5853.167	9435.000
469.000	5853.170	9830.000
470.000	5853.172	9865.000
471.000	5853.175	9610.000
472.000	5853.177	9440.000
473.000	5853.180	9515.000
474.000	5853.182	9870.000
475.000	5853.185	10000.000
476.000	5853.187	10130.000
477.000	5853.190	9615.000
478.000	5853.193	10480.000
479.000	5853.195	10700.000
480.000	5853.198	11050.000
481.000	5853.200	10765.000
482.000	5853.203	10725.000
483.000	5853.205	10775.000
484.000	5853.208	10860.000
485.000	5853.210	11325.000
486.000	5853.212	11800.000
487.000	5853.215	11240.000
488.000	5853.217	11755.000
489.000	5853.220	12000.000
490.000	5853.222	12320.000
491.000	5853.225	11970.000
492.000	5853.227	12310.000
493.000	5853.230	12330.000
494.000	5853.233	12290.000
495.000	5853.235	13615.000
496.000	5853.238	13400.000
497.000	5853.240	13390.000
498.000	5853.243	13415.000
499.000	5853.245	14070.000
500.000	5853.248	13630.000
501.000	5853.250	14130.000
502.000	5853.252	14215.000
503.000	5853.255	14270.000
504.000	5853.257	14425.000
505.000	5853.260	14350.000
506.000	5853.262	14340.000
507.000	5853.265	15045.000
508.000	5853.267	16195.000
509.000	5853.270	15890.000
510.000	5853.273	16830.000
511.000	5853.275	16465.000
512.000	5853.278	16550.000
513.000	5853.280	17190.000
514.000	5853.283	18080.000
515.000	5853.285	17470.000
516.000	5853.288	17775.000
517.000	5853.290	17925.000
518.000	5853.292	18115.000
519.000	5853.295	18390.000
520.000	5853.297	19890.000
521.000	5853.300	20000.000
522.000	5853.302	19540.000
523.000	5853.305	20565.000
524.000	5853.307	20810.000
525.000	5853.310	20980.000
526.000	5853.312	21420.000
527.000	5853.315	21805.000
528.000	5853.318	21445.000
529.000	5853.320	23905.000
530.000	5853.323	24075.000
531.000	5853.325	24090.000
532.000	5853.328	23265.000
533.000	5853.330	24060.000
534.000	5853.333	24945.000
535.000	5853.335	25425.000
536.000	5853.337	25555.000
537.000	5853.340	25405.000
538.000	5853.342	27590.000
539.000	5853.345	27415.000
540.000	5853.347	27600.000
541.000	5853.350	29085.000
542.000	5853.352	31740.000
543.000	5853.355	30825.000
544.000	5853.358	31525.000
545.000	5853.360	34865.000
546.000	5853.363	36545.000
547.000	5853.365	37435.000
548.000	5853.368	38955.000
549.000	5853.370	43375.000
550.000	5853.373	45405.000
551.000	5853.375	47725.000
552.000	5853.377	48165.000
553.000	5853.380	51110.000
554.000	5853.382	53305.000
555.000	5853.385	54360.000
556.000	5853.387	53060.000
557.000	5853.390	54970.000
558.000	5853.392	54255.000
559.000	5853.395	55060.000
560.000	5853.398	54490.000
561.000	5853.400	58275.000
562.000	5853.403	59700.000
563.000	5853.405	57390.000
564.000	5853.408	58260.000
565.000	5853.410	61615.000
566.000	5853.413	61920.000
567.000	5853.415	59640.000
568.000	5853.417	59620.000
569.000	5853.420	60095.000
570.000	5853.422	64310.000
571.000	5853.425	65130.000
572.000	5853.427	67210.000
573.000	5853.430	70525.000
574.000	5853.432	74700.000
575.000	5853.435	77140.000
576.000	5853.437	78835.000
577.000	5853.440	88285.000
578.000	5853.443	92505.000
579.000	5853.445	94450.000
580.000	5853.448	95390.000
581.000	5853.450	105115.000
582.000	5853.453	105610.000
583.000	5853.455	118715.000
584.000	5853.458	123000.000
585.000	5853.460	124330.000
586.000	5853.462	135995.000
587.000	5853.465	139915.000
588.000	5853.467	140800.000
589.000	5853.470	148175.000
590.000	5853.472	157770.000
591.000	5853.475	163475.000
592.000	5853.477	165585.000
593.000	5853.480	185005.000
594.000	5853.483	192950.000
595.000	5853.485	209190.000
596.000	5853.488	225335.000
597.000	5853.490	229360.000
598.000	5853.493	239750.000
599.000	5853.495	247650.000
600.000	5853.498	248475.000
601.000	5853.500	267025.000
602.000	5853.502	287960.000
603.000	5853.505	292600.000
604.000	5853.507	301650.000
605.000	5853.510	333820.000
606.000	5853.512	336685.000
607.000	5853.515	359370.000
608.000	5853.517	368395.000
609.000	5853.520	371515.000
610.000	5853.523	389100.000
611.000	5853.525	391505.000
612.000	5853.528	394890.000
613.000	5853.530	435185.000
614.000	5853.533	504015.000
615.000	5853.535	525770.000
616.000	5853.538	534020.000
617.000	5853.540	573365.000
618.000	5853.542	592285.000
619.000	5853.545	622145.000
620.000	5853.547	662665.000
621.000	5853.550	676225.000
622.000	5853.552	682235.000
623.000	5853.555	699110.000
624.000	5853.557	703105.000
625.000	5853.560	765025.000
626.000	5853.562	824740.000
627.000	5853.565	845070.000
628.000	5853.568	851800.000
629.000	5853.570	908775.000
630.000	5853.573	969550.000
631.000	5853.575	996385.000
632.000	5853.578	999880.000
633.000	5853.580	1042415.000
634.000	5853.583	1110250.000
635.000	5853.585	1132290.000
636.000	5853.587	1143700.000
637.000	5853.590	1271315.000
638.000	5853.592	1290730.000
639.000	5853.595	1298575.000
640.000	5853.597	1310820.000
641.000	5853.600	1368920.000
642.000	5853.602	1394595.000
643.000	5853.605	1408080.000
644.000	5853.608	1410115.000
645.000	5853.610	1498870.000
646.000	5853.613	1584055.000
647.000	5853.615	1611945.000
648.000	5853.618	1630630.000
649.000	5853.620	1685100.000
650.000	5853.623	1737410.000
651.000	5853.625	1763620.000
652.000	5853.627	1788620.000
653.000	5853.630	1832390.000
654.000	5853.632	1876795.000
655.000	5853.635	1914685.000
656.000	5853.637	1929100.000
657.000	5853.640	2026095.000
658.000	5853.642	2059630.000
659.000	5853.645	2080470.000
660.000	5853.648	2080425.000
661.000	5853.650	2114930.000
662.000	5853.653	2129415.000
663.000	5853.655	2124925.000
664.000	5853.658	2129140.000
665.000	5853.660	2121575.000
666.000	5853.663	2130470.000
667.000	5853.665	2130790.000
668.000	5853.667	2132285.000
669.000	5853.670	2116285.000
670.000	5853.672	2110535.000
671.000	5853.675	2101670.000
672.000	5853.677	2096300.000
673.000	5853.680	2069030.000
674.000	5853.682	2067830.000
675.000	5853.685	2076615.000
676.000	5853.687	2079755.000
677.000	5853.690	2071185.000
678.000	5853.693	2078820.000
679.000	5853.695	2088845.000
680.000	5853.698	2095800.000
681.000	5853.700	2068045.000
682.000	5853.703	2062660.000
683.000	5853.705	2038315.000
684.000	5853.708	1974360.000
685.000	5853.710	1955830.000
686.000	5853.712	1935425.000
687.000	5853.715	1900405.000
688.000	5853.717	1890320.000
689.000	5853.720	1777005.000
690.000	5853.722	1734925.000
691.000	5853.725	1712655.000
692.000	5853.727	1679055.000
693.000	5853.730	1598515.000
694.000	5853.733	1563890.000
695.000	5853.735	1510170.000
696.000	5853.738	1463080.000
697.000	5853.740	1424895.000
698.000	5853.743	1354150.000
699.000	5853.745	1329280.000
700.000	5853.748	1292650.000
701.000	5853.750	1213905.000
702.000	5853.752	1156825.000
703.000	5853.755	1125355.000
704.000	5853.757	1100345.000
705.000	5853.760	1021065.000
706.000	5853.762	989155.000
707.000	5853.765	978305.000
708.000	5853.767	914640.000
709.000	5853.770	899440.000
710.000	5853.773	860540.000
711.000	5853.775	835060.000
712.000	5853.778	827350.000
713.000	5853.780	768365.000
714.000	5853.783	722310.000
715.000	5853.785	691395.000
716.000	5853.788	674910.000
717.000	5853.790	639815.000
718.000	5853.792	618595.000
719.000	5853.795	583740.000
720.000	5853.797	547905.000
721.000	5853.800	525055.000
722.000	5853.802	474660.000
723.000	5853.805	456585.000
724.000	5853.807	453555.000
725.000	5853.810	427120.000
726.000	5853.812	393425.000
727.000	5853.815	381980.000
728.000	5853.818	373350.000
729.000	5853.820	361750.000
730.000	5853.823	331305.000
731.000	5853.825	318955.000
732.000	5853.828	308205.000
733.000	5853.830	282935.000
734.000	5853.833	265075.000
735.000	5853.835	250790.000
736.000	5853.837	248540.000
737.000	5853.840	229105.000
738.000	5853.842	223670.000
739.000	5853.845	215470.000
740.000	5853.847	213465.000
741.000	5853.850	202515.000
742.000	5853.852	179220.000
743.000	5853.855	172790.000
744.000	5853.858	171630.000
745.000	5853.860	160515.000
746.000	5853.863	148470.000
747.000	5853.865	140275.000
748.000	5853.868	137565.000
749.000	5853.870	133780.000
750.000	5853.873	123505.000
751.000	5853.875	117215.000
752.000	5853.877	112885.000
753.000	5853.880	102760.000
754.000	5853.882	90060.000
755.000	5853.885	85150.000
756.000	5853.887	84045.000
757.000	5853.890	77160.000
758.000	5853.892	71020.000
759.000	5853.895	68485.000
760.000	5853.898	66855.000
761.000	5853.900	65345.000
762.000	5853.903	57425.000
763.000	5853.905	55405.000
764.000	5853.908	54765.000
765.000	5853.910	48660.000
766.000	5853.913	45675.000
767.000	5853.915	42370.000
768.000	5853.917	42445.000
769.000	5853.920	39910.000
770.000	5853.922	37255.000
771.000	5853.925	35590.000
772.000	5853.927	34835.000
773.000	5853.930	31800.000
774.000	5853.932	28855.000
775.000	5853.935	27915.000
776.000	5853.937	27725.000
777.000	5853.940	26410.000
778.000	5853.943	25510.000
779.000	5853.945	24470.000
780.000	5853.948	24290.000
781.000	5853.950	23885.000
782.000	5853.953	23855.000
783.000	5853.955	22815.000
784.000	5853.958	21855.000
785.000	5853.960	21475.000
786.000	5853.962	20720.000
787.000	5853.965	20535.000
788.000	5853.967	19920.000
789.000	5853.970	19870.000
790.000	5853.972	18930.000
791.000	5853.975	18790.000
792.000	5853.977	17890.000
793.000	5853.980	18335.000
794.000	5853.983	18130.000
795.000	5853.985	17710.000
796.000	5853.988	16155.000
797.000	5853.990	15460.000
798.000	5853.993	15620.000
799.000	5853.995	15600.000
800.000	5853.998	15130.000
801.000	5854.000	15365.000
802.000	5854.002	14690.000
803.000	5854.005	14495.000
804.000	5854.007	14540.000
805.000	5854.010	13960.000
806.000	5854.012	13360.000
807.000	5854.015	13195.000
808.000	5854.017	12320.000
809.000	5854.020	12465.000
810.000	5854.023	11945.000
811.000	5854.025	11750.000
812.000	5854.028	11790.000
813.000	5854.030	11955.000
814.000	5854.033	11135.000
815.000	5854.035	11400.000
816.000	5854.038	10870.000
817.000	5854.040	10920.000
818.000	5854.042	10655.000
819.000	5854.045	10235.000
820.000	5854.047	10060.000
821.000	5854.050	9810.000
822.000	5854.052	9750.000
823.000	5854.055	9540.000
824.000	5854.057	9830.000
825.000	5854.060	9590.000
826.000	5854.062	9390.000
827.000	5854.065	9505.000
828.000	5854.068	9480.000
829.000	5854.070	8805.000
830.000	5854.073	8525.000
831.000	5854.075	8880.000
832.000	5854.078	8710.000
833.000	5854.080	8275.000
834.000	5854.083	8350.000
835.000	5854.085	8265.000
836.000	5854.087	8480.000
837.000	5854.090	8260.000
838.000	5854.092	7855.000
839.000	5854.095	8205.000
840.000	5854.097	7640.000
841.000	5854.100	7680.000
842.000	5854.102	7830.000
843.000	5854.105	7535.000
844.000	5854.108	7220.000
845.000	5854.110	7245.000
846.000	5854.113	6730.000
847.000	5854.115	7200.000
848.000	5854.118	6995.000
849.000	5854.120	7000.000
850.000	5854.123	6380.000
851.000	5854.125	6555.000
852.000	5854.127	6655.000
853.000	5854.130	6475.000
854.000	5854.132	6405.000
855.000	5854.135	6455.000
856.000	5854.137	6375.000
857.000	5854.140	6425.000
858.000	5854.142	6340.000
859.000	5854.145	6290.000
860.000	5854.148	6170.000
861.000	5854.150	5845.000
862.000	5854.153	6280.000
863.000	5854.155	6395.000
864.000	5854.158	6180.000
865.000	5854.160	6065.000
866.000	5854.163	5865.000
867.000	5854.165	5900.000
868.000	5854.167	5630.000
869.000	5854.170	5460.000
870.000	5854.172	5600.000
871.000	5854.175	5430.000
872.000	5854.177	5575.000
873.000	5854.180	5585.000
874.000	5854.182	5445.000
875.000	5854.185	5260.000
876.000	5854.187	5280.000
877.000	5854.190	5370.000
878.000	5854.193	5340.000
879.000	5854.195	5485.000
880.000	5854.198	5365.000
881.000	5854.200	4980.000
882.000	5854.203	5305.000
883.000	5854.205	5275.000
884.000	5854.208	5470.000
885.000	5854.210	5180.000
886.000	5854.212	5010.000
887.000	5854.215	4835.000
888.000	5854.217	4715.000
889.000	5854.220	4955.000
890.000	5854.222	4615.000
891.000	5854.225	4855.000
892.000	5854.227	4455.000
893.000	5854.230	4285.000
894.000	5854.233	4675.000
895.000	5854.235	4650.000
896.000	5854.238	4405.000
897.000	5854.240	4295.000
898.000	5854.243	4180.000
899.000	5854.245	3925.000
900.000	5854.248	4210.000
901.000	5854.250	4405.000
902.000	5854.252	4250.000
903.000	5854.255	4220.000
904.000	5854.257	4075.000
905.000	5854.260	4210.000
906.000	5854.262	4095.000
907.000	5854.265	4030.000
908.000	5854.267	4120.000
909.000	5854.270	4155.000
910.000	5854.273	4030.000
911.000	5854.275	3970.000
912.000	5854.278	3700.000
913.000	5854.280	4100.000
914.000	5854.283	3770.000
915.000	5854.285	3845.000
916.000	5854.288	3950.000
917.000	5854.290	3695.000
918.000	5854.292	3670.000
919.000	5854.295	3805.000
920.000	5854.297	3920.000
921.000	5854.300	3825.000
922.000	5854.302	3655.000
923.000	5854.305	4045.000
924.000	5854.307	3715.000
925.000	5854.310	3635.000
926.000	5854.312	3785.000
927.000	5854.315	3625.000
928.000	5854.318	3815.000
929.000	5854.320	3430.000
930.000	5854.323	3560.000
931.000	5854.325	3560.000
932.000	5854.328	3380.000
933.000	5854.330	3480.000
934.000	5854.333	3380.000
935.000	5854.335	3260.000
936.000	5854.337	3820.000
937.000	5854.340	3810.000
938.000	5854.342	3570.000
939.000	5854.345	3395.000
940.000	5854.347	3465.000
941.000	5854.350	3675.000
942.000	5854.352	3250.000
943.000	5854.355	3270.000
944.000	5854.358	3340.000
945.000	5854.360	3190.000
946.000	5854.363	3030.000
947.000	5854.365	3225.000
948.000	5854.368	3060.000
949.000	5854.370	3050.000
950.000	5854.373	3110.000
951.000	5854.375	2980.000
952.000	5854.377	3125.000
953.000	5854.380	2915.000
954.000	5854.382	3070.000
955.000	5854.385	2880.000
956.000	5854.387	3195.000
957.000	5854.390	3120.000
958.000	5854.392	3000.000
959.000	5854.395	2980.000
960.000	5854.398	2875.000
961.000	5854.400	2820.000
962.000	5854.403	3035.000
963.000	5854.405	3000.000
964.000	5854.408	2880.000
965.000	5854.410	2830.000
966.000	5854.413	2760.000
967.000	5854.415	2920.000
968.000	5854.417	2740.000
969.000	5854.420	2800.000
970.000	5854.422	2590.000
971.000	5854.425	2680.000
972.000	5854.427	2655.000
973.000	5854.430	2570.000
974.000	5854.432	2635.000
975.000	5854.435	2675.000
976.000	5854.437	2530.000
977.000	5854.440	2770.000
978.000	5854.443	2575.000
979.000	5854.445	2405.000
980.000	5854.448	2550.000
981.000	5854.450	2600.000
982.000	5854.453	2570.000
983.000	5854.455	2560.000
984.000	5854.458	2370.000
985.000	5854.460	2625.000
986.000	5854.462	2335.000
987.000	5854.465	2285.000
988.000	5854.467	2250.000
989.000	5854.470	2405.000
990.000	5854.472	2230.000
991.000	5854.475	2380.000
992.000	5854.477	2255.000
993.000	5854.480	2460.000
994.000	5854.483	2265.000
995.000	5854.485	2435.000
996.000	5854.488	2345.000
997.000	5854.490	2530.000
998.000	5854.493	2215.000
999.000	5854.495	2305.000
1000.000	5854.498	2240.000
1001.000	5854.500	2100.000
1002.000	5854.502	2380.000
1003.000	5854.505	2135.000
1004.000	5854.507	2145.000
1005.000	5854.510	2120.000
1006.000	5854.512	2030.000
1007.000	5854.515	2000.000
1008.000	5854.517	2125.000
1009.000	5854.520	2190.000
1010.000	5854.523	2070.000
1011.000	5854.525	2225.000
1012.000	5854.528	2005.000
1013.000	5854.530	1930.000
1014.000	5854.533	2250.000
1015.000	5854.535	2060.000
1016.000	5854.538	2320.000
1017.000	5854.540	2200.000
1018.000	5854.542	2100.000
1019.000	5854.545	2240.000
1020.000	5854.547	2050.000
1021.000	5854.550	2140.000
1022.000	5854.552	2125.000
1023.000	5854.555	1945.000
1024.000	5854.557	1730.000
1025.000	5854.560	2130.000
1026.000	5854.562	1840.000
1027.000	5854.565	1900.000
1028.000	5854.568	1875.000
1029.000	5854.570	2125.000
1030.000	5854.573	2070.000
1031.000	5854.575	2035.000
1032.000	5854.578	2155.000
1033.000	5854.580	2095.000
1034.000	5854.583	1965.000
1035.000	5854.585	1975.000
1036.000	5854.587	2055.000
1037.000	5854.590	1830.000
1038.000	5854.592	1865.000
1039.000	5854.595	1895.000
1040.000	5854.597	1950.000
1041.000	5854.600	2155.000
1042.000	5854.602	1905.000
1043.000	5854.605	1960.000
1044.000	5854.608	2015.000
1045.000	5854.610	1880.000
1046.000	5854.613	2075.000
1047.000	5854.615	1725.000
1048.000	5854.618	1825.000
1049.000	5854.620	1845.000
1050.000	5854.623	1880.000
1051.000	5854.625	1855.000
1052.000	5854.627	1970.000
1053.000	5854.630	2010.000
1054.000	5854.632	1725.000
1055.000	5854.635	1725.000
1056.000	5854.637	1770.000
1057.000	5854.640	1650.000
1058.000	5854.642	1725.000
1059.000	5854.645	1950.000
1060.000	5854.648	1820.000
1061.000	5854.650	1875.000
1062.000	5854.653	1600.000
1063.000	5854.655	1765.000
1064.000	5854.658	1645.000
1065.000	5854.660	1680.000
1066.000	5854.663	1850.000
1067.000	5854.665	1695.000
1068.000	5854.667	1620.000
1069.000	5854.670	1920.000
1070.000	5854.672	1755.000
1071.000	5854.675	1625.000
1072.000	5854.677	1645.000
1073.000	5854.680	1700.000
1074.000	5854.682	1710.000
1075.000	5854.685	1450.000
1076.000	5854.687	1630.000
1077.000	5854.690	1630.000
1078.000	5854.693	1645.000
1079.000	5854.695	1750.000
1080.000	5854.698	1550.000
1081.000	5854.700	1640.000
1082.000	5854.703	1665.000
1083.000	5854.705	1570.000
1084.000	5854.708	1705.000
1085.000	5854.710	1565.000
1086.000	5854.712	1545.000
1087.000	5854.715	1440.000
1088.000	5854.717	1415.000
1089.000	5854.720	1530.000
1090.000	5854.722	1585.000
1091.000	5854.725	1555.000
1092.000	5854.727	1480.000
1093.000	5854.730	1445.000
1094.000	5854.733	1550.000
1095.000	5854.735	1620.000
1096.000	5854.738	1575.000
1097.000	5854.740	1415.000
1098.000	5854.743	1530.000
1099.000	5854.745	1505.000
1100.000	5854.748	1495.000
1101.000	5854.750	1675.000
1102.000	5854.752	1470.000
1103.000	5854.755	1480.000
1104.000	5854.757	1530.000
1105.000	5854.760	1490.000
1106.000	5854.762	1485.000
1107.000	5854.765	1480.000
1108.000	5854.767	1525.000
1109.000	5854.770	1475.000
1110.000	5854.773	1420.000
1111.000	5854.775	1465.000
1112.000	5854.778	1500.000
1113.000	5854.780	1470.000
1114.000	5854.783	1545.000
1115.000	5854.785	1535.000
1116.000	5854.788	1455.000
1117.000	5854.790	1430.000
1118.000	5854.792	1365.000
1119.000	5854.795	1530.000
1120.000	5854.797	1495.000
1121.000	5854.800	1405.000
1122.000	5854.802	1590.000
1123.000	5854.805	1475.000
1124.000	5854.807	1320.000
1125.000	5854.810	1295.000
1126.000	5854.812	1310.000
1127.000	5854.815	1305.000
1128.000	5854.818	1355.000
1129.000	5854.820	1510.000
1130.000	5854.823	1460.000
1131.000	5854.825	1315.000
1132.000	5854.828	1435.000
1133.000	5854.830	1520.000
1134.000	5854.833	1220.000
1135.000	5854.835	1510.000
1136.000	5854.837	1475.000
1137.000	5854.840	1320.000
1138.000	5854.842	1370.000
1139.000	5854.845	1355.000
1140.000	5854.847	1310.000
1141.000	5854.850	1500.000
1142.000	5854.852	1210.000
1143.000	5854.855	1280.000
1144.000	5854.858	1305.000
1145.000	5854.860	1380.000
1146.000	5854.863	1475.000
1147.000	5854.865	1395.000
1148.000	5854.868	1190.000
1149.000	5854.870	1190.000
1150.000	5854.873	1440.000
1151.000	5854.875	1235.000
1152.000	5854.877	1410.000
1153.000	5854.880	1390.000
1154.000	5854.882	1460.000
1155.000	5854.885	1455.000
1156.000	5854.887	1205.000
1157.000	5854.890	1550.000
1158.000	5854.892	1385.000
1159.000	5854.895	1200.000
1160.000	5854.898	1315.000
1161.000	5854.900	1285.000
1162.000	5854.903	1190.000
1163.000	5854.905	1325.000
1164.000	5854.908	1450.000
1165.000	5854.910	1495.000
1166.000	5854.913	1320.000
1167.000	5854.915	1305.000
1168.000	5854.917	1310.000
1169.000	5854.920	1440.000
1170.000	5854.922	1320.000
1171.000	5854.925	1425.000
1172.000	5854.927	1440.000
1173.000	5854.930	1290.000
1174.000	5854.932	1285.000
1175.000	5854.935	1270.000
1176.000	5854.937	1365.000
1177.000	5854.940	1285.000
1178.000	5854.943	1215.000
1179.000	5854.945	1470.000
1180.000	5854.948	1310.000
1181.000	5854.950	1380.000
1182.000	5854.953	1235.000
1183.000	5854.955	1195.000
1184.000	5854.958	1225.000
1185.000	5854.960	1450.000
1186.000	5854.962	1265.000
1187.000	5854.965	1165.000
1188.000	5854.967	1235.000
1189.000	5854.970	1345.000
1190.000	5854.972	1275.000
1191.000	5854.975	1385.000
1192.000	5854.977	1300.000
1193.000	5854.980	1290.000
1194.000	5854.983	1260.000
1195.000	5854.985	1280.000
1196.000	5854.988	1125.000
1197.000	5854.990	1305.000
1198.000	5854.993	1190.000
1199.000	5854.995	1210.000
1200.000	5854.998	1340.000
1201.000	5855.000	1300.000
1202.000	5855.002	1220.000
1203.000	5855.005	1255.000
1204.000	5855.007	1285.000
1205.000	5855.010	1230.000
1206.000	5855.012	1240.000
1207.000	5855.015	1370.000
1208.000	5855.017	1155.000
1209.000	5855.020	1315.000
1210.000	5855.023	1370.000
1211.000	5855.025	1130.000
1212.000	5855.028	1190.000
1213.000	5855.030	1225.000
1214.000	5855.033	1180.000
1215.000	5855.035	1170.000
1216.000	5855.038	1355.000
1217.000	5855.040	1085.000
1218.000	5855.042	1200.000
1219.000	5855.045	1015.000
1220.000	5855.047	1130.000
1221.000	5855.050	1225.000
1222.000	5855.052	1135.000
1223.000	5855.055	1315.000
1224.000	5855.057	1215.000
1225.000	5855.060	1175.000
1226.000	5855.062	1290.000
1227.000	5855.065	1275.000
1228.000	5855.068	1040.000
1229.000	5855.070	1275.000
1230.000	5855.073	1230.000
1231.000	5855.075	1295.000
1232.000	5855.078	1230.000
1233.000	5855.080	1245.000
1234.000	5855.083	1160.000
1235.000	5855.085	1365.000
1236.000	5855.087	1220.000
1237.000	5855.090	1275.000
1238.000	5855.092	1320.000
1239.000	5855.095	1225.000
1240.000	5855.097	1230.000
1241.000	5855.100	1185.000
1242.000	5855.102	1160.000
1243.000	5855.105	1165.000
1244.000	5855.108	1300.000
1245.000	5855.110	1400.000
1246.000	5855.113	1190.000
1247.000	5855.115	1240.000
1248.000	5855.118	1125.000
1249.000	5855.120	1210.000
1250.000	5855.123	1105.000
1251.000	5855.125	1150.000
1252.000	5855.127	1125.000
1253.000	5855.130	1135.000
1254.000	5855.132	1185.000
1255.000	5855.135	1210.000
1256.000	5855.137	1030.000
1257.000	5855.140	1010.000
1258.000	5855.142	1105.000
1259.000	5855.145	1285.000
1260.000	5855.148	1375.000
1261.000	5855.150	1195.000
1262.000	5855.153	1150.000
1263.000	5855.155	1245.000
1264.000	5855.158	1065.000
1265.000	5855.160	1205.000
1266.000	5855.163	1195.000
1267.000	5855.165	1055.000
1268.000	5855.167	1240.000
1269.000	5855.170	1220.000
1270.000	5855.172	1300.000
1271.000	5855.175	1230.000
1272.000	5855.177	1160.000
1273.000	5855.180	1235.000
1274.000	5855.182	1090.000
1275.000	5855.185	1160.000
1276.000	5855.187	1130.000
1277.000	5855.190	1250.000
1278.000	5855.193	1315.000
1279.000	5855.195	1250.000
1280.000	5855.198	1165.000
1281.000	5855.200	1110.000
1282.000	5855.203	1270.000
1283.000	5855.205	1085.000
1284.000	5855.208	1205.000
1285.000	5855.210	1190.000
1286.000	5855.212	1200.000
1287.000	5855.215	1210.000
1288.000	5855.217	1075.000
1289.000	5855.220	1215.000
1290.000	5855.222	1275.000
1291.000	5855.225	1265.000
1292.000	5855.227	1210.000
1293.000	5855.230	1110.000
1294.000	5855.233	1125.000
1295.000	5855.235	1060.000
1296.000	5855.238	1100.000
1297.000	5855.240	1105.000
1298.000	5855.243	1200.000
1299.000	5855.245	1135.000
1300.000	5855.248	1130.000
1301.000	5855.250	1200.000
1302.000	5855.252	1060.000
1303.000	5855.255	1035.000
1304.000	5855.257	1230.000
1305.000	5855.260	1210.000
1306.000	5855.262	1190.000
1307.000	5855.265	1085.000
1308.000	5855.267	1140.000
1309.000	5855.270	1070.000
1310.000	5855.273	1150.000
1311.000	5855.275	1030.000
1312.000	5855.278	1175.000
1313.000	5855.280	1135.000
1314.000	5855.283	1150.000
1315.000	5855.285	1145.000
1316.000	5855.288	1250.000
1317.000	5855.290	1095.000
1318.000	5855.292	1195.000
1319.000	5855.295	1060.000
1320.000	5855.297	1220.000
1321.000	5855.300	1070.000
1322.000	5855.302	1090.000
1323.000	5855.305	1085.000
1324.000	5855.307	1140.000
1325.000	5855.310	1145.000
1326.000	5855.312	1070.000
1327.000	5855.315	1165.000
1328.000	5855.318	1240.000
1329.000	5855.320	1265.000
1330.000	5855.323	1145.000
1331.000	5855.325	1115.000
1332.000	5855.328	1170.000
1333.000	5855.330	1310.000
1334.000	5855.333	1120.000
1335.000	5855.335	955.000
1336.000	5855.337	1260.000
1337.000	5855.340	1120.000
1338.000	5855.342	1090.000
1339.000	5855.345	1050.000
1340.000	5855.347	1055.000
1341.000	5855.350	1085.000
1342.000	5855.352	1155.000
1343.000	5855.355	1180.000
1344.000	5855.358	1060.000
1345.000	5855.360	1170.000
1346.000	5855.363	1170.000
1347.000	5855.365	1240.000
1348.000	5855.368	1105.000
1349.000	5855.370	1115.000
1350.000	5855.373	1185.000
1351.000	5855.375	1355.000
1352.000	5855.377	1300.000
1353.000	5855.380	1145.000
1354.000	5855.382	1060.000
1355.000	5855.385	1240.000
1356.000	5855.387	1080.000
1357.000	5855.390	1105.000
1358.000	5855.392	1145.000
1359.000	5855.395	1140.000
1360.000	5855.398	1205.000
1361.000	5855.400	955.000
1362.000	5855.403	1150.000
1363.000	5855.405	1135.000
1364.000	5855.408	1105.000
1365.000	5855.410	1040.000
1366.000	5855.413	1270.000
1367.000	5855.415	1045.000
1368.000	5855.417	1150.000
1369.000	5855.420	1115.000
1370.000	5855.422	1115.000
1371.000	5855.425	1105.000
1372.000	5855.427	1060.000
1373.000	5855.430	1210.000
1374.000	5855.432	1170.000
1375.000	5855.435	1000.000
1376.000	5855.437	1080.000
1377.000	5855.440	1090.000
1378.000	5855.443	1210.000
1379.000	5855.445	1155.000
1380.000	5855.448	1105.000
1381.000	5855.450	1180.000
1382.000	5855.453	1100.000
1383.000	5855.455	1070.000
1384.000	5855.458	1085.000
1385.000	5855.460	965.000
1386.000	5855.462	1135.000
1387.000	5855.465	1120.000
1388.000	5855.467	1320.000
1389.000	5855.470	1105.000
1390.000	5855.472	1120.000
1391.000	5855.475	1050.000
1392.000	5855.477	1130.000
1393.000	5855.480	1040.000
1394.000	5855.483	1050.000
1395.000	5855.485	920.000
1396.000	5855.488	1025.000
1397.000	5855.490	1075.000
1398.000	5855.493	1020.000
1399.000	5855.495	1100.000
1400.000	5855.498	1235.000
1401.000	5855.500	1115.000
