1.000	6108.000	310.000
2.000	6108.002	316.000
3.000	6108.005	320.000
4.000	6108.007	306.000
5.000	6108.010	364.000
6.000	6108.012	378.000
7.000	6108.015	300.000
8.000	6108.017	382.000
9.000	6108.020	308.000
10.000	6108.023	300.000
11.000	6108.025	350.000
12.000	6108.028	304.000
13.000	6108.030	324.000
14.000	6108.033	336.000
15.000	6108.035	284.000
16.000	6108.038	336.000
17.000	6108.040	304.000
18.000	6108.042	338.000
19.000	6108.045	256.000
20.000	6108.047	318.000
21.000	6108.050	330.000
22.000	6108.052	356.000
23.000	6108.055	368.000
24.000	6108.057	342.000
25.000	6108.060	368.000
26.000	6108.062	330.000
27.000	6108.065	262.000
28.000	6108.068	276.000
29.000	6108.070	286.000
30.000	6108.073	410.000
31.000	6108.075	364.000
32.000	6108.078	292.000
33.000	6108.080	342.000
34.000	6108.083	350.000
35.000	6108.085	332.000
36.000	6108.087	344.000
37.000	6108.090	368.000
38.000	6108.092	324.000
39.000	6108.095	366.000
40.000	6108.097	318.000
41.000	6108.100	400.000
42.000	6108.102	298.000
43.000	6108.105	386.000
44.000	6108.108	368.000
45.000	6108.110	342.000
46.000	6108.113	376.000
47.000	6108.115	372.000
48.000	6108.118	334.000
49.000	6108.120	366.000
50.000	6108.123	338.000
51.000	6108.125	320.000
52.000	6108.127	314.000
53.000	6108.130	366.000
54.000	6108.132	316.000
55.000	6108.135	392.000
56.000	6108.137	346.000
57.000	6108.140	330.000
58.000	6108.142	294.000
59.000	6108.145	368.000
60.000	6108.148	412.000
61.000	6108.150	390.000
62.000	6108.153	348.000
63.000	6108.155	378.000
64.000	6108.158	354.000
65.000	6108.160	334.000
66.000	6108.163	390.000
67.000	6108.165	338.000
68.000	6108.167	360.000
69.000	6108.170	386.000
70.000	6108.172	348.000
71.000	6108.175	362.000
72.000	6108.177	380.000
73.000	6108.180	346.000
74.000	6108.182	348.000
75.000	6108.185	346.000
76.000	6108.187	332.000
77.000	6108.190	282.000
78.000	6108.193	328.000
79.000	6108.195	344.000
80.000	6108.198	324.000
81.000	6108.200	354.000
82.000	6108.203	344.000
83.000	6108.205	276.000
84.000	6108.208	302.000
85.000	6108.210	316.000
86.000	6108.212	276.000
87.000	6108.215	376.000
88.000	6108.217	350.000
89.000	6108.220	398.000
90.000	6108.222	378.000
91.000	6108.225	328.000
92.000	6108.227	346.000
93.000	6108.230	356.000
94.000	6108.233	320.000
95.000	6108.235	370.000
96.000	6108.238	376.000
97.000	6108.240	364.000
98.000	6108.243	288.000
99.000	6108.245	364.000
100.000	6108.248	436.000
101.000	6108.250	368.000
102.000	6108.252	292.000
103.000	6108.255	320.000
104.000	6108.257	370.000
105.000	6108.260	324.000
106.000	6108.262	332.000
107.000	6108.265	374.000
108.000	6108.267	348.000
109.000	6108.270	358.000
110.000	6108.273	402.000
111.000	6108.275	364.000
112.000	6108.278	398.000
113.000	6108.280	368.000
114.000	6108.283	366.000
115.000	6108.285	380.000
116.000	6108.288	306.000
117.000	6108.290	336.000
118.000	6108.292	332.000
119.000	6108.295	334.000
120.000	6108.297	344.000
121.000	6108.300	366.000
122.000	6108.302	374.000
123.000	6108.305	326.000
124.000	6108.307	356.000
125.000	6108.310	352.000
126.000	6108.312	358.000
127.000	6108.315	300.000
128.000	6108.318	378.000
129.000	6108.320	358.000
130.000	6108.323	344.000
131.000	6108.325	314.000
132.000	6108.328	402.000
133.000	6108.330	332.000
134.000	6108.333	374.000
135.000	6108.335	328.000
136.000	6108.337	348.000
137.000	6108.340	350.000
138.000	6108.342	480.000
139.000	6108.345	360.000
140.000	6108.347	370.000
141.000	6108.350	346.000
142.000	6108.352	344.000
143.000	6108.355	322.000
144.000	6108.358	350.000
145.000	6108.360	396.000
146.000	6108.363	326.000
147.000	6108.365	362.000
148.000	6108.368	380.000
149.000	6108.370	416.000
150.000	6108.373	364.000
151.000	6108.375	438.000
152.000	6108.377	378.000
153.000	6108.380	380.000
154.000	6108.382	352.000
155.000	6108.385	316.000
156.000	6108.387	344.000
157.000	6108.390	328.000
158.000	6108.392	350.000
159.000	6108.395	366.000
160.000	6108.398	310.000
161.000	6108.400	324.000
162.000	6108.403	346.000
163.000	6108.405	362.000
164.000	6108.408	422.000
165.000	6108.410	342.000
166.000	6108.413	336.000
167.000	6108.415	336.000
168.000	6108.417	360.000
169.000	6108.420	298.000
170.000	6108.422	346.000
171.000	6108.425	258.000
172.000	6108.427	364.000
173.000	6108.430	310.000
174.000	6108.432	350.000
175.000	6108.435	308.000
176.000	6108.437	320.000
177.000	6108.440	364.000
178.000	6108.443	294.000
179.000	6108.445	374.000
180.000	6108.448	372.000
181.000	6108.450	328.000
182.000	6108.453	328.000
183.000	6108.455	354.000
184.000	6108.458	342.000
185.000	6108.460	348.000
186.000	6108.462	334.000
187.000	6108.465	358.000
188.000	6108.467	352.000
189.000	6108.470	328.000
190.000	6108.472	348.000
191.000	6108.475	324.000
192.000	6108.477	334.000
193.000	6108.480	322.000
194.000	6108.483	304.000
195.000	6108.485	312.000
196.000	6108.488	304.000
197.000	6108.490	332.000
198.000	6108.493	310.000
199.000	6108.495	360.000
200.000	6108.498	356.000
201.000	6108.500	324.000
202.000	6108.502	364.000
203.000	6108.505	362.000
204.000	6108.507	348.000
205.000	6108.510	322.000
206.000	6108.512	338.000
207.000	6108.515	350.000
208.000	6108.517	322.000
209.000	6108.520	334.000
210.000	6108.523	368.000
211.000	6108.525	352.000
212.000	6108.528	356.000
213.000	6108.530	302.000
214.000	6108.533	362.000
215.000	6108.535	354.000
216.000	6108.538	366.000
217.000	6108.540	368.000
218.000	6108.542	306.000
219.000	6108.545	356.000
220.000	6108.547	360.000
221.000	6108.550	342.000
222.000	6108.552	352.000
223.000	6108.555	344.000
224.000	6108.557	352.000
225.000	6108.560	296.000
226.000	6108.562	372.000
227.000	6108.565	354.000
228.000	6108.568	366.000
229.000	6108.570	338.000
230.000	6108.573	392.000
231.000	6108.575	366.000
232.000	6108.578	386.000
233.000	6108.580	340.000
234.000	6108.583	352.000
235.000	6108.585	350.000
236.000	6108.587	360.000
237.000	6108.590	356.000
238.000	6108.592	300.000
239.000	6108.595	330.000
240.000	6108.597	332.000
241.000	6108.600	368.000
242.000	6108.602	382.000
243.000	6108.605	394.000
244.000	6108.608	352.000
245.000	6108.610	362.000
246.000	6108.613	392.000
247.000	6108.615	374.000
248.000	6108.618	358.000
249.000	6108.620	362.000
250.000	6108.623	340.000
251.000	6108.625	358.000
252.000	6108.627	352.000
253.000	6108.630	338.000
254.000	6108.632	356.000
255.000	6108.635	340.000
256.000	6108.637	390.000
257.000	6108.640	320.000
258.000	6108.642	286.000
259.000	6108.645	344.000
260.000	6108.648	372.000
261.000	6108.650	402.000
262.000	6108.653	360.000
263.000	6108.655	390.000
264.000	6108.658	314.000
265.000	6108.660	336.000
266.000	6108.663	340.000
267.000	6108.665	380.000
268.000	6108.667	356.000
269.000	6108.670	432.000
270.000	6108.672	334.000
271.000	6108.675	406.000
272.000	6108.677	410.000
273.000	6108.680	342.000
274.000	6108.682	314.000
275.000	6108.685	406.000
276.000	6108.687	332.000
277.000	6108.690	326.000
278.000	6108.693	330.000
279.000	6108.695	352.000
280.000	6108.698	362.000
281.000	6108.700	372.000
282.000	6108.703	340.000
283.000	6108.705	334.000
284.000	6108.708	344.000
285.000	6108.710	384.000
286.000	6108.712	346.000
287.000	6108.715	344.000
288.000	6108.717	346.000
289.000	6108.720	384.000
290.000	6108.722	340.000
291.000	6108.725	368.000
292.000	6108.727	346.000
293.000	6108.730	332.000
294.000	6108.733	344.000
295.000	6108.735	296.000
296.000	6108.738	384.000
297.000	6108.740	386.000
298.000	6108.743	414.000
299.000	6108.745	356.000
300.000	6108.748	312.000
301.000	6108.750	364.000
302.000	6108.752	424.000
303.000	6108.755	342.000
304.000	6108.757	340.000
305.000	6108.760	330.000
306.000	6108.762	352.000
307.000	6108.765	356.000
308.000	6108.767	314.000
309.000	6108.770	360.000
310.000	6108.773	340.000
311.000	6108.775	386.000
312.000	6108.778	394.000
313.000	6108.780	388.000
314.000	6108.783	416.000
315.000	6108.785	354.000
316.000	6108.788	404.000
317.000	6108.790	326.000
318.000	6108.792	340.000
319.000	6108.795	364.000
320.000	6108.797	430.000
321.000	6108.800	410.000
322.000	6108.802	328.000
323.000	6108.805	358.000
324.000	6108.807	338.000
325.000	6108.810	366.000
326.000	6108.812	422.000
327.000	6108.815	374.000
328.000	6108.818	414.000
329.000	6108.820	390.000
330.000	6108.823	318.000
331.000	6108.825	388.000
332.000	6108.828	396.000
333.000	6108.830	364.000
334.000	6108.833	386.000
335.000	6108.835	382.000
336.000	6108.837	396.000
337.000	6108.840	404.000
338.000	6108.842	360.000
339.000	6108.845	376.000
340.000	6108.847	400.000
341.000	6108.850	426.000
342.000	6108.852	416.000
343.000	6108.855	386.000
344.000	6108.858	432.000
345.000	6108.860	442.000
346.000	6108.863	412.000
347.000	6108.865	408.000
348.000	6108.868	442.000
349.000	6108.870	398.000
350.000	6108.873	430.000
351.000	6108.875	386.000
352.000	6108.877	412.000
353.000	6108.880	436.000
354.000	6108.882	430.000
355.000	6108.885	416.000
356.000	6108.887	438.000
357.000	6108.890	422.000
358.000	6108.892	416.000
359.000	6108.895	518.000
360.000	6108.898	412.000
361.000	6108.900	448.000
362.000	6108.903	446.000
363.000	6108.905	488.000
364.000	6108.908	470.000
365.000	6108.910	474.000
366.000	6108.913	474.000
367.000	6108.915	458.000
368.000	6108.917	532.000
369.000	6108.920	522.000
370.000	6108.922	542.000
371.000	6108.925	534.000
372.000	6108.927	524.000
373.000	6108.930	574.000
374.000	6108.932	656.000
375.000	6108.935	614.000
376.000	6108.937	626.000
377.000	6108.940	594.000
378.000	6108.943	648.000
379.000	6108.945	744.000
380.000	6108.948	732.000
381.000	6108.950	720.000
382.000	6108.953	682.000
383.000	6108.955	812.000
384.000	6108.958	764.000
385.000	6108.960	876.000
386.000	6108.962	794.000
387.000	6108.965	828.000
388.000	6108.967	824.000
389.000	6108.970	910.000
390.000	6108.972	1084.000
391.000	6108.975	1062.000
392.000	6108.977	1094.000
393.000	6108.980	1076.000
394.000	6108.983	1092.000
395.000	6108.985	1080.000
396.000	6108.988	1244.000
397.000	6108.990	1136.000
398.000	6108.993	1334.000
399.000	6108.995	1370.000
400.000	6108.998	1376.000
401.000	6109.000	1516.000
402.000	6109.002	1504.000
403.000	6109.005	1566.000
404.000	6109.007	1542.000
405.000	6109.010	1596.000
406.000	6109.012	1666.000
407.000	6109.015	1714.000
408.000	6109.017	1878.000
409.000	6109.020	1946.000
410.000	6109.023	1966.000
411.000	6109.025	1940.000
412.000	6109.028	2026.000
413.000	6109.030	2256.000
414.000	6109.033	2282.000
415.000	6109.035	2184.000
416.000	6109.038	2190.000
417.000	6109.040	2402.000
418.000	6109.042	2296.000
419.000	6109.045	2398.000
420.000	6109.047	2548.000
421.000	6109.050	2552.000
422.000	6109.052	2612.000
423.000	6109.055	2888.000
424.000	6109.057	2698.000
425.000	6109.060	2958.000
426.000	6109.062	3054.000
427.000	6109.065	3196.000
428.000	6109.068	3300.000
429.000	6109.070	3296.000
430.000	6109.073	3280.000
431.000	6109.075	3456.000
432.000	6109.078	3366.000
433.000	6109.080	3366.000
434.000	6109.083	3494.000
435.000	6109.085	3486.000
436.000	6109.087	3454.000
437.000	6109.090	3398.000
438.000	6109.092	3390.000
439.000	6109.095	3540.000
440.000	6109.097	3576.000
441.000	6109.100	3602.000
442.000	6109.102	3180.000
443.000	6109.105	3272.000
444.000	6109.108	3258.000
445.000	6109.110	3172.000
446.000	6109.113	3254.000
447.000	6109.115	3322.000
448.000	6109.118	3098.000
449.000	6109.120	3118.000
450.000	6109.123	3024.000
451.000	6109.125	3092.000
452.000	6109.127	3098.000
453.000	6109.130	2970.000
454.000	6109.132	2856.000
455.000	6109.135	2848.000
456.000	6109.137	2716.000
457.000	6109.140	2728.000
458.000	6109.142	2664.000
459.000	6109.145	2738.000
460.000	6109.148	2572.000
461.000	6109.150	2346.000
462.000	6109.153	2374.000
463.000	6109.155	2362.000
464.000	6109.158	2450.000
465.000	6109.160	2186.000
466.000	6109.163	2098.000
467.000	6109.165	2044.000
468.000	6109.167	2056.000
469.000	6109.170	1940.000
470.000	6109.172	1840.000
471.000	6109.175	1740.000
472.000	6109.177	1804.000
473.000	6109.180	1708.000
474.000	6109.182	1720.000
475.000	6109.185	1558.000
476.000	6109.187	1552.000
477.000	6109.190	1436.000
478.000	6109.193	1416.000
479.000	6109.195	1356.000
480.000	6109.198	1334.000
481.000	6109.200	1272.000
482.000	6109.203	1242.000
483.000	6109.205	1216.000
484.000	6109.208	1246.000
485.000	6109.210	1242.000
486.000	6109.212	1086.000
487.000	6109.215	1126.000
488.000	6109.217	1072.000
489.000	6109.220	1086.000
490.000	6109.222	948.000
491.000	6109.225	1060.000
492.000	6109.227	1010.000
493.000	6109.230	950.000
494.000	6109.233	994.000
495.000	6109.235	894.000
496.000	6109.238	884.000
497.000	6109.240	812.000
498.000	6109.243	764.000
499.000	6109.245	886.000
500.000	6109.248	780.000
501.000	6109.250	836.000
502.000	6109.252	682.000
503.000	6109.255	760.000
504.000	6109.257	732.000
505.000	6109.260	688.000
506.000	6109.262	686.000
507.000	6109.265	610.000
508.000	6109.267	610.000
509.000	6109.270	530.000
510.000	6109.273	580.000
511.000	6109.275	604.000
512.000	6109.278	588.000
513.000	6109.280	578.000
514.000	6109.283	544.000
515.000	6109.285	528.000
516.000	6109.288	536.000
517.000	6109.290	454.000
518.000	6109.292	588.000
519.000	6109.295	498.000
520.000	6109.297	488.000
521.000	6109.300	484.000
522.000	6109.302	470.000
523.000	6109.305	512.000
524.000	6109.307	456.000
525.000	6109.310	444.000
526.000	6109.312	410.000
527.000	6109.315	454.000
528.000	6109.318	484.000
529.000	6109.320	410.000
530.000	6109.323	444.000
531.000	6109.325	410.000
532.000	6109.328	418.000
533.000	6109.330	466.000
534.000	6109.333	400.000
535.000	6109.335	400.000
536.000	6109.337	400.000
537.000	6109.340	360.000
538.000	6109.342	376.000
539.000	6109.345	372.000
540.000	6109.347	354.000
541.000	6109.350	390.000
542.000	6109.352	390.000
543.000	6109.355	350.000
544.000	6109.358	384.000
545.000	6109.360	370.000
546.000	6109.363	368.000
547.000	6109.365	356.000
548.000	6109.368	332.000
549.000	6109.370	342.000
550.000	6109.373	382.000
551.000	6109.375	374.000
552.000	6109.377	328.000
553.000	6109.380	366.000
554.000	6109.382	320.000
555.000	6109.385	348.000
556.000	6109.387	332.000
557.000	6109.390	350.000
558.000	6109.392	332.000
559.000	6109.395	420.000
560.000	6109.398	414.000
561.000	6109.400	366.000
562.000	6109.403	402.000
563.000	6109.405	372.000
564.000	6109.408	418.000
565.000	6109.410	390.000
566.000	6109.413	418.000
567.000	6109.415	328.000
568.000	6109.417	390.000
569.000	6109.420	396.000
570.000	6109.422	374.000
571.000	6109.425	356.000
572.000	6109.427	350.000
573.000	6109.430	358.000
574.000	6109.432	328.000
575.000	6109.435	350.000
576.000	6109.437	352.000
577.000	6109.440	316.000
578.000	6109.443	344.000
579.000	6109.445	360.000
580.000	6109.448	338.000
581.000	6109.450	344.000
582.000	6109.453	350.000
583.000	6109.455	378.000
584.000	6109.458	344.000
585.000	6109.460	368.000
586.000	6109.462	332.000
587.000	6109.465	328.000
588.000	6109.467	316.000
589.000	6109.470	368.000
590.000	6109.472	388.000
591.000	6109.475	294.000
592.000	6109.477	364.000
593.000	6109.480	344.000
594.000	6109.483	366.000
595.000	6109.485	312.000
596.000	6109.488	334.000
597.000	6109.490	368.000
598.000	6109.493	364.000
599.000	6109.495	384.000
600.000	6109.498	292.000
601.000	6109.500	406.000
