1.000	5647.500	362.000
2.000	5647.502	352.000
3.000	5647.505	340.000
4.000	5647.507	406.000
5.000	5647.510	420.000
6.000	5647.512	422.000
7.000	5647.515	388.000
8.000	5647.517	424.000
9.000	5647.520	330.000
10.000	5647.523	344.000
11.000	5647.525	408.000
12.000	5647.528	438.000
13.000	5647.530	406.000
14.000	5647.533	372.000
15.000	5647.535	396.000
16.000	5647.538	318.000
17.000	5647.540	360.000
18.000	5647.542	372.000
19.000	5647.545	350.000
20.000	5647.547	376.000
21.000	5647.550	400.000
22.000	5647.552	388.000
23.000	5647.555	342.000
24.000	5647.557	374.000
25.000	5647.560	388.000
26.000	5647.562	356.000
27.000	5647.565	380.000
28.000	5647.568	374.000
29.000	5647.570	388.000
30.000	5647.573	380.000
31.000	5647.575	392.000
32.000	5647.578	364.000
33.000	5647.580	380.000
34.000	5647.583	402.000
35.000	5647.585	394.000
36.000	5647.587	388.000
37.000	5647.590	374.000
38.000	5647.592	404.000
39.000	5647.595	448.000
40.000	5647.597	420.000
41.000	5647.600	402.000
42.000	5647.602	380.000
43.000	5647.605	340.000
44.000	5647.608	414.000
45.000	5647.610	378.000
46.000	5647.613	386.000
47.000	5647.615	410.000
48.000	5647.618	398.000
49.000	5647.620	396.000
50.000	5647.623	434.000
51.000	5647.625	390.000
52.000	5647.627	438.000
53.000	5647.630	362.000
54.000	5647.632	384.000
55.000	5647.635	408.000
56.000	5647.637	302.000
57.000	5647.640	374.000
58.000	5647.642	376.000
59.000	5647.645	422.000
60.000	5647.648	382.000
61.000	5647.650	416.000
62.000	5647.653	372.000
63.000	5647.655	406.000
64.000	5647.658	394.000
65.000	5647.660	376.000
66.000	5647.663	336.000
67.000	5647.665	396.000
68.000	5647.667	338.000
69.000	5647.670	392.000
70.000	5647.672	396.000
71.000	5647.675	396.000
72.000	5647.677	418.000
73.000	5647.680	384.000
74.000	5647.682	432.000
75.000	5647.685	368.000
76.000	5647.687	408.000
77.000	5647.690	422.000
78.000	5647.693	404.000
79.000	5647.695	352.000
80.000	5647.698	462.000
81.000	5647.700	378.000
82.000	5647.703	320.000
83.000	5647.705	412.000
84.000	5647.708	392.000
85.000	5647.710	420.000
86.000	5647.712	400.000
87.000	5647.715	406.000
88.000	5647.717	340.000
89.000	5647.720	392.000
90.000	5647.722	392.000
91.000	5647.725	400.000
92.000	5647.727	466.000
93.000	5647.730	414.000
94.000	5647.733	386.000
95.000	5647.735	386.000
96.000	5647.738	406.000
97.000	5647.740	380.000
98.000	5647.743	408.000
99.000	5647.745	404.000
100.000	5647.748	426.000
101.000	5647.750	398.000
102.000	5647.752	404.000
103.000	5647.755	434.000
104.000	5647.757	380.000
105.000	5647.760	482.000
106.000	5647.762	416.000
107.000	5647.765	428.000
108.000	5647.767	406.000
109.000	5647.770	440.000
110.000	5647.773	392.000
111.000	5647.775	370.000
112.000	5647.778	408.000
113.000	5647.780	424.000
114.000	5647.783	452.000
115.000	5647.785	384.000
116.000	5647.788	398.000
117.000	5647.790	376.000
118.000	5647.792	486.000
119.000	5647.795	490.000
120.000	5647.797	386.000
121.000	5647.800	390.000
122.000	5647.802	444.000
123.000	5647.805	412.000
124.000	5647.807	384.000
125.000	5647.810	410.000
126.000	5647.812	478.000
127.000	5647.815	392.000
128.000	5647.818	402.000
129.000	5647.820	416.000
130.000	5647.823	406.000
131.000	5647.825	446.000
132.000	5647.828	432.000
133.000	5647.830	446.000
134.000	5647.833	384.000
135.000	5647.835	474.000
136.000	5647.837	446.000
137.000	5647.840	466.000
138.000	5647.842	460.000
139.000	5647.845	418.000
140.000	5647.847	458.000
141.000	5647.850	422.000
142.000	5647.852	404.000
143.000	5647.855	478.000
144.000	5647.858	486.000
145.000	5647.860	390.000
146.000	5647.863	482.000
147.000	5647.865	466.000
148.000	5647.868	500.000
149.000	5647.870	434.000
150.000	5647.873	466.000
151.000	5647.875	462.000
152.000	5647.877	480.000
153.000	5647.880	460.000
154.000	5647.882	476.000
155.000	5647.885	510.000
156.000	5647.887	546.000
157.000	5647.890	490.000
158.000	5647.892	512.000
159.000	5647.895	492.000
160.000	5647.898	496.000
161.000	5647.900	510.000
162.000	5647.903	550.000
163.000	5647.905	498.000
164.000	5647.908	502.000
165.000	5647.910	512.000
166.000	5647.913	552.000
167.000	5647.915	536.000
168.000	5647.917	560.000
169.000	5647.920	610.000
170.000	5647.922	502.000
171.000	5647.925	546.000
172.000	5647.927	536.000
173.000	5647.930	632.000
174.000	5647.932	652.000
175.000	5647.935	620.000
176.000	5647.937	622.000
177.000	5647.940	664.000
178.000	5647.943	684.000
179.000	5647.945	604.000
180.000	5647.948	714.000
181.000	5647.950	686.000
182.000	5647.953	664.000
183.000	5647.955	662.000
184.000	5647.958	684.000
185.000	5647.960	778.000
186.000	5647.962	628.000
187.000	5647.965	684.000
188.000	5647.967	700.000
189.000	5647.970	726.000
190.000	5647.972	862.000
191.000	5647.975	768.000
192.000	5647.977	704.000
193.000	5647.980	772.000
194.000	5647.983	776.000
195.000	5647.985	838.000
196.000	5647.988	836.000
197.000	5647.990	828.000
198.000	5647.993	936.000
199.000	5647.995	810.000
200.000	5647.998	800.000
201.000	5648.000	886.000
202.000	5648.002	938.000
203.000	5648.005	868.000
204.000	5648.007	940.000
205.000	5648.010	908.000
206.000	5648.012	978.000
207.000	5648.015	1016.000
208.000	5648.017	1070.000
209.000	5648.020	1132.000
210.000	5648.023	1128.000
211.000	5648.025	1144.000
212.000	5648.028	1128.000
213.000	5648.030	1172.000
214.000	5648.033	1204.000
215.000	5648.035	1136.000
216.000	5648.038	1212.000
217.000	5648.040	1184.000
218.000	5648.042	1324.000
219.000	5648.045	1244.000
220.000	5648.047	1362.000
221.000	5648.050	1388.000
222.000	5648.052	1634.000
223.000	5648.055	1664.000
224.000	5648.057	1670.000
225.000	5648.060	1696.000
226.000	5648.062	1910.000
227.000	5648.065	1886.000
228.000	5648.068	2046.000
229.000	5648.070	2256.000
230.000	5648.073	2442.000
231.000	5648.075	2378.000
232.000	5648.078	2314.000
233.000	5648.080	2812.000
234.000	5648.083	2662.000
235.000	5648.085	2832.000
236.000	5648.087	2856.000
237.000	5648.090	3168.000
238.000	5648.092	3606.000
239.000	5648.095	3802.000
240.000	5648.097	4036.000
241.000	5648.100	4356.000
242.000	5648.102	4506.000
243.000	5648.105	4768.000
244.000	5648.108	4570.000
245.000	5648.110	4824.000
246.000	5648.113	5218.000
247.000	5648.115	5210.000
248.000	5648.118	5010.000
249.000	5648.120	5620.000
250.000	5648.123	6184.000
251.000	5648.125	6472.000
252.000	5648.127	6454.000
253.000	5648.130	6968.000
254.000	5648.132	7204.000
255.000	5648.135	7506.000
256.000	5648.137	7252.000
257.000	5648.140	7724.000
258.000	5648.142	7952.000
259.000	5648.145	7906.000
260.000	5648.148	8270.000
261.000	5648.150	9110.000
262.000	5648.153	9642.000
263.000	5648.155	9528.000
264.000	5648.158	9776.000
265.000	5648.160	10820.000
266.000	5648.163	10936.000
267.000	5648.165	11106.000
268.000	5648.167	10964.000
269.000	5648.170	11972.000
270.000	5648.172	12576.000
271.000	5648.175	12022.000
272.000	5648.177	12662.000
273.000	5648.180	13156.000
274.000	5648.182	13208.000
275.000	5648.185	13966.000
276.000	5648.187	14118.000
277.000	5648.190	14206.000
278.000	5648.193	14610.000
279.000	5648.195	14544.000
280.000	5648.198	14136.000
281.000	5648.200	15542.000
282.000	5648.203	15130.000
283.000	5648.205	15390.000
284.000	5648.208	16074.000
285.000	5648.210	15732.000
286.000	5648.212	16730.000
287.000	5648.215	16062.000
288.000	5648.217	16066.000
289.000	5648.220	16590.000
290.000	5648.222	16842.000
291.000	5648.225	16952.000
292.000	5648.227	17012.000
293.000	5648.230	17662.000
294.000	5648.233	18042.000
295.000	5648.235	17764.000
296.000	5648.238	18210.000
297.000	5648.240	18076.000
298.000	5648.243	18002.000
299.000	5648.245	17936.000
300.000	5648.248	17950.000
301.000	5648.250	18002.000
302.000	5648.252	17890.000
303.000	5648.255	17532.000
304.000	5648.257	17708.000
305.000	5648.260	17622.000
306.000	5648.262	17652.000
307.000	5648.265	17322.000
308.000	5648.267	16844.000
309.000	5648.270	16868.000
310.000	5648.273	16282.000
311.000	5648.275	16274.000
312.000	5648.278	15932.000
313.000	5648.280	14958.000
314.000	5648.283	14662.000
315.000	5648.285	14946.000
316.000	5648.288	14974.000
317.000	5648.290	14586.000
318.000	5648.292	14412.000
319.000	5648.295	14008.000
320.000	5648.297	13602.000
321.000	5648.300	13462.000
322.000	5648.302	12632.000
323.000	5648.305	12658.000
324.000	5648.307	12054.000
325.000	5648.310	11300.000
326.000	5648.312	10778.000
327.000	5648.315	10288.000
328.000	5648.318	10402.000
329.000	5648.320	9544.000
330.000	5648.323	9254.000
331.000	5648.325	9052.000
332.000	5648.328	9176.000
333.000	5648.330	8552.000
334.000	5648.333	8402.000
335.000	5648.335	8060.000
336.000	5648.337	7764.000
337.000	5648.340	7396.000
338.000	5648.342	6868.000
339.000	5648.345	7254.000
340.000	5648.347	6516.000
341.000	5648.350	6248.000
342.000	5648.352	6464.000
343.000	5648.355	5870.000
344.000	5648.358	6024.000
345.000	5648.360	5616.000
346.000	5648.363	4976.000
347.000	5648.365	4802.000
348.000	5648.368	5144.000
349.000	5648.370	4710.000
350.000	5648.373	4412.000
351.000	5648.375	4314.000
352.000	5648.377	4378.000
353.000	5648.380	3888.000
354.000	5648.382	3842.000
355.000	5648.385	3734.000
356.000	5648.387	3662.000
357.000	5648.390	3156.000
358.000	5648.392	3340.000
359.000	5648.395	3146.000
360.000	5648.398	3182.000
361.000	5648.400	3046.000
362.000	5648.403	2884.000
363.000	5648.405	2836.000
364.000	5648.408	2828.000
365.000	5648.410	2568.000
366.000	5648.413	2392.000
367.000	5648.415	2336.000
368.000	5648.417	2238.000
369.000	5648.420	2034.000
370.000	5648.422	1964.000
371.000	5648.425	1964.000
372.000	5648.427	1832.000
373.000	5648.430	1738.000
374.000	5648.432	1702.000
375.000	5648.435	1618.000
376.000	5648.437	1650.000
377.000	5648.440	1484.000
378.000	5648.443	1176.000
379.000	5648.445	1326.000
380.000	5648.448	1234.000
381.000	5648.450	1100.000
382.000	5648.453	1140.000
383.000	5648.455	928.000
384.000	5648.458	980.000
385.000	5648.460	974.000
386.000	5648.462	842.000
387.000	5648.465	920.000
388.000	5648.467	884.000
389.000	5648.470	762.000
390.000	5648.472	716.000
391.000	5648.475	726.000
392.000	5648.477	684.000
393.000	5648.480	630.000
394.000	5648.483	656.000
395.000	5648.485	670.000
396.000	5648.488	586.000
397.000	5648.490	526.000
398.000	5648.493	524.000
399.000	5648.495	598.000
400.000	5648.498	594.000
401.000	5648.500	498.000
402.000	5648.502	598.000
403.000	5648.505	588.000
404.000	5648.507	580.000
405.000	5648.510	520.000
406.000	5648.512	496.000
407.000	5648.515	468.000
408.000	5648.517	556.000
409.000	5648.520	530.000
410.000	5648.523	532.000
411.000	5648.525	548.000
412.000	5648.528	472.000
413.000	5648.530	486.000
414.000	5648.533	416.000
415.000	5648.535	514.000
416.000	5648.538	520.000
417.000	5648.540	480.000
418.000	5648.542	534.000
419.000	5648.545	462.000
420.000	5648.547	458.000
421.000	5648.550	458.000
422.000	5648.552	496.000
423.000	5648.555	472.000
424.000	5648.557	410.000
425.000	5648.560	408.000
426.000	5648.562	464.000
427.000	5648.565	426.000
428.000	5648.568	440.000
429.000	5648.570	434.000
430.000	5648.573	472.000
431.000	5648.575	398.000
432.000	5648.578	436.000
433.000	5648.580	488.000
434.000	5648.583	466.000
435.000	5648.585	416.000
436.000	5648.587	412.000
437.000	5648.590	452.000
438.000	5648.592	434.000
439.000	5648.595	412.000
440.000	5648.597	442.000
441.000	5648.600	374.000
442.000	5648.602	492.000
443.000	5648.605	458.000
444.000	5648.608	458.000
445.000	5648.610	422.000
446.000	5648.613	378.000
447.000	5648.615	438.000
448.000	5648.618	382.000
449.000	5648.620	454.000
450.000	5648.623	410.000
451.000	5648.625	398.000
452.000	5648.627	442.000
453.000	5648.630	338.000
454.000	5648.632	440.000
455.000	5648.635	352.000
456.000	5648.637	446.000
457.000	5648.640	326.000
458.000	5648.642	396.000
459.000	5648.645	386.000
460.000	5648.648	406.000
461.000	5648.650	338.000
462.000	5648.653	388.000
463.000	5648.655	376.000
464.000	5648.658	426.000
465.000	5648.660	362.000
466.000	5648.663	336.000
467.000	5648.665	358.000
468.000	5648.667	352.000
469.000	5648.670	376.000
470.000	5648.672	418.000
471.000	5648.675	412.000
472.000	5648.677	342.000
473.000	5648.680	362.000
474.000	5648.682	406.000
475.000	5648.685	390.000
476.000	5648.687	388.000
477.000	5648.690	382.000
478.000	5648.693	376.000
479.000	5648.695	418.000
480.000	5648.698	422.000
481.000	5648.700	408.000
482.000	5648.703	434.000
483.000	5648.705	318.000
484.000	5648.708	406.000
485.000	5648.710	420.000
486.000	5648.712	336.000
487.000	5648.715	392.000
488.000	5648.717	366.000
489.000	5648.720	330.000
490.000	5648.722	368.000
491.000	5648.725	402.000
492.000	5648.727	398.000
493.000	5648.730	404.000
494.000	5648.733	430.000
495.000	5648.735	394.000
496.000	5648.738	388.000
497.000	5648.740	328.000
498.000	5648.743	416.000
499.000	5648.745	350.000
500.000	5648.748	364.000
501.000	5648.750	398.000
502.000	5648.752	386.000
503.000	5648.755	384.000
504.000	5648.757	408.000
505.000	5648.760	364.000
506.000	5648.762	346.000
507.000	5648.765	354.000
508.000	5648.767	366.000
509.000	5648.770	372.000
510.000	5648.773	424.000
511.000	5648.775	364.000
512.000	5648.778	354.000
513.000	5648.780	374.000
514.000	5648.783	398.000
515.000	5648.785	374.000
516.000	5648.788	412.000
517.000	5648.790	412.000
518.000	5648.792	352.000
519.000	5648.795	306.000
520.000	5648.797	404.000
521.000	5648.800	354.000
522.000	5648.802	386.000
523.000	5648.805	340.000
524.000	5648.807	386.000
525.000	5648.810	372.000
526.000	5648.812	338.000
527.000	5648.815	338.000
528.000	5648.818	368.000
529.000	5648.820	368.000
530.000	5648.823	328.000
531.000	5648.825	412.000
532.000	5648.828	342.000
533.000	5648.830	376.000
534.000	5648.833	382.000
535.000	5648.835	338.000
536.000	5648.837	350.000
537.000	5648.840	376.000
538.000	5648.842	398.000
539.000	5648.845	350.000
540.000	5648.847	398.000
541.000	5648.850	352.000
542.000	5648.852	390.000
543.000	5648.855	356.000
544.000	5648.858	400.000
545.000	5648.860	398.000
546.000	5648.863	402.000
547.000	5648.865	410.000
548.000	5648.868	356.000
549.000	5648.870	376.000
550.000	5648.873	374.000
551.000	5648.875	310.000
552.000	5648.877	364.000
553.000	5648.880	372.000
554.000	5648.882	398.000
555.000	5648.885	360.000
556.000	5648.887	366.000
557.000	5648.890	422.000
558.000	5648.892	342.000
559.000	5648.895	364.000
560.000	5648.898	356.000
561.000	5648.900	310.000
562.000	5648.903	372.000
563.000	5648.905	408.000
564.000	5648.908	368.000
565.000	5648.910	364.000
566.000	5648.913	350.000
567.000	5648.915	344.000
568.000	5648.917	342.000
569.000	5648.920	334.000
570.000	5648.922	430.000
571.000	5648.925	322.000
572.000	5648.927	354.000
573.000	5648.930	336.000
574.000	5648.932	360.000
575.000	5648.935	394.000
576.000	5648.937	348.000
577.000	5648.940	390.000
578.000	5648.943	376.000
579.000	5648.945	376.000
580.000	5648.948	354.000
581.000	5648.950	296.000
582.000	5648.953	348.000
583.000	5648.955	378.000
584.000	5648.958	372.000
585.000	5648.960	376.000
586.000	5648.962	322.000
587.000	5648.965	330.000
588.000	5648.967	380.000
589.000	5648.970	362.000
590.000	5648.972	340.000
591.000	5648.975	362.000
592.000	5648.977	364.000
593.000	5648.980	340.000
594.000	5648.983	354.000
595.000	5648.985	362.000
596.000	5648.988	296.000
597.000	5648.990	396.000
598.000	5648.993	350.000
599.000	5648.995	408.000
600.000	5648.998	372.000
601.000	5649.000	342.000
