1.000	5642.000	376.000
2.000	5642.002	370.000
3.000	5642.005	330.000
4.000	5642.007	374.000
5.000	5642.010	376.000
6.000	5642.012	390.000
7.000	5642.015	370.000
8.000	5642.017	392.000
9.000	5642.020	338.000
10.000	5642.023	364.000
11.000	5642.025	328.000
12.000	5642.028	388.000
13.000	5642.030	336.000
14.000	5642.033	312.000
15.000	5642.035	380.000
16.000	5642.038	374.000
17.000	5642.040	380.000
18.000	5642.042	354.000
19.000	5642.045	370.000
20.000	5642.047	316.000
21.000	5642.050	328.000
22.000	5642.052	338.000
23.000	5642.055	330.000
24.000	5642.057	360.000
25.000	5642.060	362.000
26.000	5642.062	354.000
27.000	5642.065	322.000
28.000	5642.068	394.000
29.000	5642.070	320.000
30.000	5642.073	374.000
31.000	5642.075	322.000
32.000	5642.078	344.000
33.000	5642.080	422.000
34.000	5642.083	320.000
35.000	5642.085	328.000
36.000	5642.087	346.000
37.000	5642.090	376.000
38.000	5642.092	348.000
39.000	5642.095	374.000
40.000	5642.097	408.000
41.000	5642.100	386.000
42.000	5642.102	430.000
43.000	5642.105	350.000
44.000	5642.108	404.000
45.000	5642.110	350.000
46.000	5642.113	416.000
47.000	5642.115	336.000
48.000	5642.118	346.000
49.000	5642.120	396.000
50.000	5642.123	384.000
51.000	5642.125	448.000
52.000	5642.127	358.000
53.000	5642.130	342.000
54.000	5642.132	392.000
55.000	5642.135	374.000
56.000	5642.137	390.000
57.000	5642.140	330.000
58.000	5642.142	376.000
59.000	5642.145	362.000
60.000	5642.148	386.000
61.000	5642.150	382.000
62.000	5642.153	380.000
63.000	5642.155	372.000
64.000	5642.158	376.000
65.000	5642.160	338.000
66.000	5642.163	402.000
67.000	5642.165	348.000
68.000	5642.167	362.000
69.000	5642.170	334.000
70.000	5642.172	408.000
71.000	5642.175	408.000
72.000	5642.177	386.000
73.000	5642.180	398.000
74.000	5642.182	356.000
75.000	5642.185	388.000
76.000	5642.187	398.000
77.000	5642.190	374.000
78.000	5642.193	390.000
79.000	5642.195	346.000
80.000	5642.198	388.000
81.000	5642.200	402.000
82.000	5642.203	368.000
83.000	5642.205	410.000
84.000	5642.208	352.000
85.000	5642.210	364.000
86.000	5642.212	358.000
87.000	5642.215	366.000
88.000	5642.217	438.000
89.000	5642.220	346.000
90.000	5642.222	404.000
91.000	5642.225	376.000
92.000	5642.227	398.000
93.000	5642.230	424.000
94.000	5642.233	348.000
95.000	5642.235	364.000
96.000	5642.238	446.000
97.000	5642.240	372.000
98.000	5642.243	396.000
99.000	5642.245	412.000
100.000	5642.248	366.000
101.000	5642.250	382.000
102.000	5642.252	366.000
103.000	5642.255	418.000
104.000	5642.257	432.000
105.000	5642.260	412.000
106.000	5642.262	470.000
107.000	5642.265	368.000
108.000	5642.267	446.000
109.000	5642.270	370.000
110.000	5642.273	400.000
111.000	5642.275	322.000
112.000	5642.278	418.000
113.000	5642.280	410.000
114.000	5642.283	396.000
115.000	5642.285	366.000
116.000	5642.288	410.000
117.000	5642.290	360.000
118.000	5642.292	364.000
119.000	5642.295	348.000
120.000	5642.297	384.000
121.000	5642.300	358.000
122.000	5642.302	442.000
123.000	5642.305	406.000
124.000	5642.307	408.000
125.000	5642.310	402.000
126.000	5642.312	372.000
127.000	5642.315	428.000
128.000	5642.318	396.000
129.000	5642.320	432.000
130.000	5642.323	412.000
131.000	5642.325	410.000
132.000	5642.328	506.000
133.000	5642.330	468.000
134.000	5642.333	388.000
135.000	5642.335	462.000
136.000	5642.337	462.000
137.000	5642.340	450.000
138.000	5642.342	386.000
139.000	5642.345	490.000
140.000	5642.347	400.000
141.000	5642.350	408.000
142.000	5642.352	490.000
143.000	5642.355	396.000
144.000	5642.358	406.000
145.000	5642.360	416.000
146.000	5642.363	432.000
147.000	5642.365	518.000
148.000	5642.368	448.000
149.000	5642.370	500.000
150.000	5642.373	512.000
151.000	5642.375	482.000
152.000	5642.377	404.000
153.000	5642.380	482.000
154.000	5642.382	488.000
155.000	5642.385	494.000
156.000	5642.387	476.000
157.000	5642.390	486.000
158.000	5642.392	556.000
159.000	5642.395	562.000
160.000	5642.398	532.000
161.000	5642.400	548.000
162.000	5642.403	576.000
163.000	5642.405	558.000
164.000	5642.408	572.000
165.000	5642.410	586.000
166.000	5642.413	494.000
167.000	5642.415	590.000
168.000	5642.417	542.000
169.000	5642.420	516.000
170.000	5642.422	508.000
171.000	5642.425	584.000
172.000	5642.427	622.000
173.000	5642.430	554.000
174.000	5642.432	584.000
175.000	5642.435	534.000
176.000	5642.437	538.000
177.000	5642.440	656.000
178.000	5642.443	750.000
179.000	5642.445	648.000
180.000	5642.448	622.000
181.000	5642.450	638.000
182.000	5642.453	658.000
183.000	5642.455	702.000
184.000	5642.458	774.000
185.000	5642.460	668.000
186.000	5642.462	722.000
187.000	5642.465	706.000
188.000	5642.467	688.000
189.000	5642.470	772.000
190.000	5642.472	784.000
191.000	5642.475	774.000
192.000	5642.477	800.000
193.000	5642.480	844.000
194.000	5642.483	918.000
195.000	5642.485	928.000
196.000	5642.488	1064.000
197.000	5642.490	976.000
198.000	5642.493	956.000
199.000	5642.495	1074.000
200.000	5642.498	1096.000
201.000	5642.500	1222.000
202.000	5642.502	1168.000
203.000	5642.505	1248.000
204.000	5642.507	1222.000
205.000	5642.510	1128.000
206.000	5642.512	1272.000
207.000	5642.515	1376.000
208.000	5642.517	1370.000
209.000	5642.520	1478.000
210.000	5642.523	1470.000
211.000	5642.525	1520.000
212.000	5642.528	1530.000
213.000	5642.530	1668.000
214.000	5642.533	1788.000
215.000	5642.535	1808.000
216.000	5642.538	1764.000
217.000	5642.540	1900.000
218.000	5642.542	1946.000
219.000	5642.545	2148.000
220.000	5642.547	2514.000
221.000	5642.550	2524.000
222.000	5642.552	2712.000
223.000	5642.555	2626.000
224.000	5642.557	2758.000
225.000	5642.560	3024.000
226.000	5642.562	3206.000
227.000	5642.565	3172.000
228.000	5642.568	3054.000
229.000	5642.570	3670.000
230.000	5642.573	3612.000
231.000	5642.575	3956.000
232.000	5642.578	3948.000
233.000	5642.580	4154.000
234.000	5642.583	4228.000
235.000	5642.585	4750.000
236.000	5642.587	4562.000
237.000	5642.590	4862.000
238.000	5642.592	4992.000
239.000	5642.595	5040.000
240.000	5642.597	5028.000
241.000	5642.600	5436.000
242.000	5642.602	6114.000
243.000	5642.605	5862.000
244.000	5642.608	6050.000
245.000	5642.610	6442.000
246.000	5642.613	6490.000
247.000	5642.615	6752.000
248.000	5642.618	6484.000
249.000	5642.620	6528.000
250.000	5642.623	6952.000
251.000	5642.625	6562.000
252.000	5642.627	6614.000
253.000	5642.630	7336.000
254.000	5642.632	7350.000
255.000	5642.635	7834.000
256.000	5642.637	7466.000
257.000	5642.640	7910.000
258.000	5642.642	7896.000
259.000	5642.645	8002.000
260.000	5642.648	8422.000
261.000	5642.650	8574.000
262.000	5642.653	8960.000
263.000	5642.655	9268.000
264.000	5642.658	9450.000
265.000	5642.660	9280.000
266.000	5642.663	9180.000
267.000	5642.665	9428.000
268.000	5642.667	9178.000
269.000	5642.670	9446.000
270.000	5642.672	9448.000
271.000	5642.675	9580.000
272.000	5642.677	9642.000
273.000	5642.680	9188.000
274.000	5642.682	9460.000
275.000	5642.685	9040.000
276.000	5642.687	9236.000
277.000	5642.690	9014.000
278.000	5642.693	8796.000
279.000	5642.695	8602.000
280.000	5642.698	8828.000
281.000	5642.700	8360.000
282.000	5642.703	8604.000
283.000	5642.705	8178.000
284.000	5642.708	7696.000
285.000	5642.710	7754.000
286.000	5642.712	7494.000
287.000	5642.715	7452.000
288.000	5642.717	7274.000
289.000	5642.720	7236.000
290.000	5642.722	7286.000
291.000	5642.725	7018.000
292.000	5642.727	6946.000
293.000	5642.730	6680.000
294.000	5642.733	6548.000
295.000	5642.735	5984.000
296.000	5642.738	6012.000
297.000	5642.740	5758.000
298.000	5642.743	5578.000
299.000	5642.745	5310.000
300.000	5642.748	5526.000
301.000	5642.750	5046.000
302.000	5642.752	4826.000
303.000	5642.755	4622.000
304.000	5642.757	4958.000
305.000	5642.760	4084.000
306.000	5642.762	4040.000
307.000	5642.765	3932.000
308.000	5642.767	3730.000
309.000	5642.770	3724.000
310.000	5642.773	3458.000
311.000	5642.775	3498.000
312.000	5642.778	3360.000
313.000	5642.780	3358.000
314.000	5642.783	2960.000
315.000	5642.785	3072.000
316.000	5642.788	3094.000
317.000	5642.790	2740.000
318.000	5642.792	2682.000
319.000	5642.795	2518.000
320.000	5642.797	2596.000
321.000	5642.800	2470.000
322.000	5642.802	2404.000
323.000	5642.805	2332.000
324.000	5642.807	2408.000
325.000	5642.810	2012.000
326.000	5642.812	1996.000
327.000	5642.815	2098.000
328.000	5642.818	2088.000
329.000	5642.820	1810.000
330.000	5642.823	1810.000
331.000	5642.825	1740.000
332.000	5642.828	1698.000
333.000	5642.830	1568.000
334.000	5642.833	1444.000
335.000	5642.835	1454.000
336.000	5642.837	1546.000
337.000	5642.840	1206.000
338.000	5642.842	1264.000
339.000	5642.845	1408.000
340.000	5642.847	1208.000
341.000	5642.850	1128.000
342.000	5642.852	1060.000
343.000	5642.855	1094.000
344.000	5642.858	1096.000
345.000	5642.860	1034.000
346.000	5642.863	882.000
347.000	5642.865	874.000
348.000	5642.868	888.000
349.000	5642.870	822.000
350.000	5642.873	766.000
351.000	5642.875	750.000
352.000	5642.877	754.000
353.000	5642.880	668.000
354.000	5642.882	742.000
355.000	5642.885	652.000
356.000	5642.887	666.000
357.000	5642.890	584.000
358.000	5642.892	612.000
359.000	5642.895	578.000
360.000	5642.898	588.000
361.000	5642.900	548.000
362.000	5642.903	538.000
363.000	5642.905	518.000
364.000	5642.908	472.000
365.000	5642.910	482.000
366.000	5642.913	536.000
367.000	5642.915	484.000
368.000	5642.917	474.000
369.000	5642.920	544.000
370.000	5642.922	388.000
371.000	5642.925	460.000
372.000	5642.927	428.000
373.000	5642.930	416.000
374.000	5642.932	518.000
375.000	5642.935	424.000
376.000	5642.937	478.000
377.000	5642.940	426.000
378.000	5642.943	406.000
379.000	5642.945	512.000
380.000	5642.948	414.000
381.000	5642.950	438.000
382.000	5642.953	376.000
383.000	5642.955	398.000
384.000	5642.958	380.000
385.000	5642.960	428.000
386.000	5642.962	450.000
387.000	5642.965	398.000
388.000	5642.967	420.000
389.000	5642.970	428.000
390.000	5642.972	466.000
391.000	5642.975	436.000
392.000	5642.977	396.000
393.000	5642.980	376.000
394.000	5642.983	400.000
395.000	5642.985	474.000
396.000	5642.988	360.000
397.000	5642.990	442.000
398.000	5642.993	458.000
399.000	5642.995	334.000
400.000	5642.998	374.000
401.000	5643.000	398.000
402.000	5643.002	420.000
403.000	5643.005	402.000
404.000	5643.007	376.000
405.000	5643.010	320.000
406.000	5643.012	414.000
407.000	5643.015	396.000
408.000	5643.017	290.000
409.000	5643.020	340.000
410.000	5643.023	382.000
411.000	5643.025	342.000
412.000	5643.028	388.000
413.000	5643.030	474.000
414.000	5643.033	388.000
415.000	5643.035	382.000
416.000	5643.038	362.000
417.000	5643.040	398.000
418.000	5643.042	358.000
419.000	5643.045	414.000
420.000	5643.047	388.000
421.000	5643.050	382.000
422.000	5643.052	368.000
423.000	5643.055	336.000
424.000	5643.057	372.000
425.000	5643.060	372.000
426.000	5643.062	370.000
427.000	5643.065	356.000
428.000	5643.068	370.000
429.000	5643.070	320.000
430.000	5643.073	404.000
431.000	5643.075	364.000
432.000	5643.078	376.000
433.000	5643.080	322.000
434.000	5643.083	330.000
435.000	5643.085	328.000
436.000	5643.087	376.000
437.000	5643.090	342.000
438.000	5643.092	368.000
439.000	5643.095	330.000
440.000	5643.097	378.000
441.000	5643.100	338.000
442.000	5643.102	392.000
443.000	5643.105	362.000
444.000	5643.108	364.000
445.000	5643.110	404.000
446.000	5643.113	314.000
447.000	5643.115	380.000
448.000	5643.118	334.000
449.000	5643.120	408.000
450.000	5643.123	378.000
451.000	5643.125	416.000
452.000	5643.127	346.000
453.000	5643.130	362.000
454.000	5643.132	324.000
455.000	5643.135	386.000
456.000	5643.137	344.000
457.000	5643.140	362.000
458.000	5643.142	368.000
459.000	5643.145	352.000
460.000	5643.148	392.000
461.000	5643.150	416.000
462.000	5643.153	352.000
463.000	5643.155	352.000
464.000	5643.158	366.000
465.000	5643.160	302.000
466.000	5643.163	344.000
467.000	5643.165	352.000
468.000	5643.167	374.000
469.000	5643.170	342.000
470.000	5643.172	330.000
471.000	5643.175	338.000
472.000	5643.177	328.000
473.000	5643.180	362.000
474.000	5643.182	322.000
475.000	5643.185	340.000
476.000	5643.187	346.000
477.000	5643.190	364.000
478.000	5643.193	332.000
479.000	5643.195	378.000
480.000	5643.198	386.000
481.000	5643.200	318.000
482.000	5643.203	366.000
483.000	5643.205	360.000
484.000	5643.208	332.000
485.000	5643.210	322.000
486.000	5643.212	308.000
487.000	5643.215	310.000
488.000	5643.217	382.000
489.000	5643.220	288.000
490.000	5643.222	390.000
491.000	5643.225	352.000
492.000	5643.227	352.000
493.000	5643.230	386.000
494.000	5643.233	362.000
495.000	5643.235	340.000
496.000	5643.238	322.000
497.000	5643.240	308.000
498.000	5643.243	340.000
499.000	5643.245	380.000
500.000	5643.248	368.000
501.000	5643.250	352.000
502.000	5643.252	380.000
503.000	5643.255	348.000
504.000	5643.257	374.000
505.000	5643.260	432.000
506.000	5643.262	350.000
507.000	5643.265	318.000
508.000	5643.267	342.000
509.000	5643.270	344.000
510.000	5643.273	326.000
511.000	5643.275	354.000
512.000	5643.278	370.000
513.000	5643.280	328.000
514.000	5643.283	310.000
515.000	5643.285	390.000
516.000	5643.288	358.000
517.000	5643.290	336.000
518.000	5643.292	428.000
519.000	5643.295	362.000
520.000	5643.297	388.000
521.000	5643.300	362.000
522.000	5643.302	328.000
523.000	5643.305	340.000
524.000	5643.307	340.000
525.000	5643.310	290.000
526.000	5643.312	318.000
527.000	5643.315	342.000
528.000	5643.318	358.000
529.000	5643.320	372.000
530.000	5643.323	308.000
531.000	5643.325	340.000
532.000	5643.328	272.000
533.000	5643.330	352.000
534.000	5643.333	330.000
535.000	5643.335	314.000
536.000	5643.337	326.000
537.000	5643.340	342.000
538.000	5643.342	316.000
539.000	5643.345	346.000
540.000	5643.347	380.000
541.000	5643.350	372.000
542.000	5643.352	366.000
543.000	5643.355	366.000
544.000	5643.358	330.000
545.000	5643.360	378.000
546.000	5643.363	364.000
547.000	5643.365	374.000
548.000	5643.368	372.000
549.000	5643.370	364.000
550.000	5643.373	358.000
551.000	5643.375	376.000
552.000	5643.377	372.000
553.000	5643.380	310.000
554.000	5643.382	316.000
555.000	5643.385	356.000
556.000	5643.387	348.000
557.000	5643.390	342.000
558.000	5643.392	304.000
559.000	5643.395	338.000
560.000	5643.398	342.000
561.000	5643.400	366.000
562.000	5643.403	316.000
563.000	5643.405	388.000
564.000	5643.408	320.000
565.000	5643.410	336.000
566.000	5643.413	348.000
567.000	5643.415	336.000
568.000	5643.417	358.000
569.000	5643.420	314.000
570.000	5643.422	350.000
571.000	5643.425	326.000
572.000	5643.427	324.000
573.000	5643.430	366.000
574.000	5643.432	308.000
575.000	5643.435	360.000
576.000	5643.437	284.000
577.000	5643.440	364.000
578.000	5643.443	364.000
579.000	5643.445	280.000
580.000	5643.448	374.000
581.000	5643.450	354.000
582.000	5643.453	330.000
583.000	5643.455	358.000
584.000	5643.458	380.000
585.000	5643.460	326.000
586.000	5643.462	354.000
587.000	5643.465	346.000
588.000	5643.467	342.000
589.000	5643.470	404.000
590.000	5643.472	340.000
591.000	5643.475	316.000
592.000	5643.477	336.000
593.000	5643.480	372.000
594.000	5643.483	312.000
595.000	5643.485	306.000
596.000	5643.488	336.000
597.000	5643.490	388.000
598.000	5643.493	322.000
599.000	5643.495	376.000
600.000	5643.498	304.000
601.000	5643.500	372.000
