1.000	4945.000	298.000
2.000	4945.002	330.000
3.000	4945.005	352.000
4.000	4945.007	378.000
5.000	4945.010	306.000
6.000	4945.012	334.000
7.000	4945.015	384.000
8.000	4945.017	340.000
9.000	4945.020	368.000
10.000	4945.023	328.000
11.000	4945.025	338.000
12.000	4945.028	302.000
13.000	4945.030	370.000
14.000	4945.033	330.000
15.000	4945.035	368.000
16.000	4945.038	304.000
17.000	4945.040	362.000
18.000	4945.042	368.000
19.000	4945.045	348.000
20.000	4945.047	334.000
21.000	4945.050	282.000
22.000	4945.052	300.000
23.000	4945.055	366.000
24.000	4945.057	386.000
25.000	4945.060	364.000
26.000	4945.062	406.000
27.000	4945.065	372.000
28.000	4945.068	366.000
29.000	4945.070	330.000
30.000	4945.073	400.000
31.000	4945.075	322.000
32.000	4945.078	306.000
33.000	4945.080	304.000
34.000	4945.083	344.000
35.000	4945.085	388.000
36.000	4945.087	354.000
37.000	4945.090	332.000
38.000	4945.092	298.000
39.000	4945.095	334.000
40.000	4945.097	352.000
41.000	4945.100	320.000
42.000	4945.102	384.000
43.000	4945.105	336.000
44.000	4945.108	380.000
45.000	4945.110	322.000
46.000	4945.113	294.000
47.000	4945.115	326.000
48.000	4945.118	346.000
49.000	4945.120	374.000
50.000	4945.123	348.000
51.000	4945.125	356.000
52.000	4945.127	342.000
53.000	4945.130	332.000
54.000	4945.132	334.000
55.000	4945.135	360.000
56.000	4945.137	368.000
57.000	4945.140	392.000
58.000	4945.142	366.000
59.000	4945.145	388.000
60.000	4945.148	322.000
61.000	4945.150	392.000
62.000	4945.153	302.000
63.000	4945.155	360.000
64.000	4945.158	344.000
65.000	4945.160	326.000
66.000	4945.163	384.000
67.000	4945.165	358.000
68.000	4945.167	392.000
69.000	4945.170	354.000
70.000	4945.172	416.000
71.000	4945.175	352.000
72.000	4945.177	340.000
73.000	4945.180	414.000
74.000	4945.182	354.000
75.000	4945.185	354.000
76.000	4945.187	330.000
77.000	4945.190	314.000
78.000	4945.193	356.000
79.000	4945.195	308.000
80.000	4945.198	322.000
81.000	4945.200	348.000
82.000	4945.203	344.000
83.000	4945.205	356.000
84.000	4945.208	364.000
85.000	4945.210	354.000
86.000	4945.212	308.000
87.000	4945.215	298.000
88.000	4945.217	300.000
89.000	4945.220	304.000
90.000	4945.222	318.000
91.000	4945.225	334.000
92.000	4945.227	302.000
93.000	4945.230	374.000
94.000	4945.233	302.000
95.000	4945.235	336.000
96.000	4945.238	310.000
97.000	4945.240	386.000
98.000	4945.243	338.000
99.000	4945.245	326.000
100.000	4945.248	298.000
101.000	4945.250	354.000
102.000	4945.252	340.000
103.000	4945.255	334.000
104.000	4945.257	358.000
105.000	4945.260	406.000
106.000	4945.262	334.000
107.000	4945.265	362.000
108.000	4945.267	382.000
109.000	4945.270	318.000
110.000	4945.273	370.000
111.000	4945.275	338.000
112.000	4945.278	358.000
113.000	4945.280	328.000
114.000	4945.283	328.000
115.000	4945.285	296.000
116.000	4945.288	348.000
117.000	4945.290	376.000
118.000	4945.292	350.000
119.000	4945.295	364.000
120.000	4945.297	336.000
121.000	4945.300	390.000
122.000	4945.302	350.000
123.000	4945.305	334.000
124.000	4945.307	358.000
125.000	4945.310	368.000
126.000	4945.312	372.000
127.000	4945.315	398.000
128.000	4945.318	354.000
129.000	4945.320	308.000
130.000	4945.323	308.000
131.000	4945.325	354.000
132.000	4945.328	376.000
133.000	4945.330	364.000
134.000	4945.333	366.000
135.000	4945.335	358.000
136.000	4945.337	378.000
137.000	4945.340	398.000
138.000	4945.342	350.000
139.000	4945.345	352.000
140.000	4945.347	326.000
141.000	4945.350	328.000
142.000	4945.352	350.000
143.000	4945.355	316.000
144.000	4945.358	370.000
145.000	4945.360	336.000
146.000	4945.363	386.000
147.000	4945.365	408.000
148.000	4945.368	360.000
149.000	4945.370	392.000
150.000	4945.373	340.000
151.000	4945.375	388.000
152.000	4945.377	354.000
153.000	4945.380	384.000
154.000	4945.382	320.000
155.000	4945.385	332.000
156.000	4945.387	396.000
157.000	4945.390	380.000
158.000	4945.392	346.000
159.000	4945.395	286.000
160.000	4945.398	388.000
161.000	4945.400	318.000
162.000	4945.403	374.000
163.000	4945.405	350.000
164.000	4945.408	382.000
165.000	4945.410	300.000
166.000	4945.413	358.000
167.000	4945.415	370.000
168.000	4945.417	398.000
169.000	4945.420	386.000
170.000	4945.422	334.000
171.000	4945.425	392.000
172.000	4945.427	350.000
173.000	4945.430	350.000
174.000	4945.432	384.000
175.000	4945.435	388.000
176.000	4945.437	380.000
177.000	4945.440	406.000
178.000	4945.443	380.000
179.000	4945.445	356.000
180.000	4945.448	380.000
181.000	4945.450	426.000
182.000	4945.453	388.000
183.000	4945.455	456.000
184.000	4945.458	372.000
185.000	4945.460	364.000
186.000	4945.462	376.000
187.000	4945.465	418.000
188.000	4945.467	414.000
189.000	4945.470	408.000
190.000	4945.472	388.000
191.000	4945.475	424.000
192.000	4945.477	422.000
193.000	4945.480	436.000
194.000	4945.483	428.000
195.000	4945.485	388.000
196.000	4945.488	448.000
197.000	4945.490	430.000
198.000	4945.493	484.000
199.000	4945.495	432.000
200.000	4945.498	424.000
201.000	4945.500	506.000
202.000	4945.502	422.000
203.000	4945.505	510.000
204.000	4945.507	472.000
205.000	4945.510	536.000
206.000	4945.512	480.000
207.000	4945.515	422.000
208.000	4945.517	524.000
209.000	4945.520	616.000
210.000	4945.523	488.000
211.000	4945.525	544.000
212.000	4945.528	504.000
213.000	4945.530	590.000
214.000	4945.533	532.000
215.000	4945.535	560.000
216.000	4945.538	684.000
217.000	4945.540	644.000
218.000	4945.542	590.000
219.000	4945.545	640.000
220.000	4945.547	660.000
221.000	4945.550	608.000
222.000	4945.552	682.000
223.000	4945.555	724.000
224.000	4945.557	612.000
225.000	4945.560	746.000
226.000	4945.562	742.000
227.000	4945.565	618.000
228.000	4945.568	656.000
229.000	4945.570	714.000
230.000	4945.573	720.000
231.000	4945.575	806.000
232.000	4945.578	666.000
233.000	4945.580	738.000
234.000	4945.583	762.000
235.000	4945.585	810.000
236.000	4945.587	790.000
237.000	4945.590	762.000
238.000	4945.592	852.000
239.000	4945.595	830.000
240.000	4945.597	788.000
241.000	4945.600	880.000
242.000	4945.602	830.000
243.000	4945.605	848.000
244.000	4945.608	928.000
245.000	4945.610	870.000
246.000	4945.613	820.000
247.000	4945.615	784.000
248.000	4945.618	870.000
249.000	4945.620	836.000
250.000	4945.623	890.000
251.000	4945.625	832.000
252.000	4945.627	864.000
253.000	4945.630	836.000
254.000	4945.632	842.000
255.000	4945.635	814.000
256.000	4945.637	862.000
257.000	4945.640	930.000
258.000	4945.642	842.000
259.000	4945.645	942.000
260.000	4945.648	866.000
261.000	4945.650	960.000
262.000	4945.653	976.000
263.000	4945.655	864.000
264.000	4945.658	970.000
265.000	4945.660	954.000
266.000	4945.663	986.000
267.000	4945.665	1074.000
268.000	4945.667	960.000
269.000	4945.670	944.000
270.000	4945.672	1102.000
271.000	4945.675	1114.000
272.000	4945.677	1060.000
273.000	4945.680	1090.000
274.000	4945.682	1018.000
275.000	4945.685	1124.000
276.000	4945.687	1016.000
277.000	4945.690	994.000
278.000	4945.693	1128.000
279.000	4945.695	1162.000
280.000	4945.698	1214.000
281.000	4945.700	1206.000
282.000	4945.703	1260.000
283.000	4945.705	1226.000
284.000	4945.708	1236.000
285.000	4945.710	1294.000
286.000	4945.712	1252.000
287.000	4945.715	1216.000
288.000	4945.717	1250.000
289.000	4945.720	1174.000
290.000	4945.722	1032.000
291.000	4945.725	1216.000
292.000	4945.727	1052.000
293.000	4945.730	1124.000
294.000	4945.733	998.000
295.000	4945.735	1074.000
296.000	4945.738	938.000
297.000	4945.740	946.000
298.000	4945.743	902.000
299.000	4945.745	918.000
300.000	4945.748	944.000
301.000	4945.750	852.000
302.000	4945.752	820.000
303.000	4945.755	788.000
304.000	4945.757	792.000
305.000	4945.760	886.000
306.000	4945.762	780.000
307.000	4945.765	790.000
308.000	4945.767	776.000
309.000	4945.770	740.000
310.000	4945.773	748.000
311.000	4945.775	638.000
312.000	4945.778	684.000
313.000	4945.780	662.000
314.000	4945.783	650.000
315.000	4945.785	632.000
316.000	4945.788	606.000
317.000	4945.790	604.000
318.000	4945.792	672.000
319.000	4945.795	612.000
320.000	4945.797	624.000
321.000	4945.800	624.000
322.000	4945.802	582.000
323.000	4945.805	546.000
324.000	4945.807	566.000
325.000	4945.810	480.000
326.000	4945.812	550.000
327.000	4945.815	512.000
328.000	4945.818	516.000
329.000	4945.820	552.000
330.000	4945.823	476.000
331.000	4945.825	470.000
332.000	4945.828	480.000
333.000	4945.830	482.000
334.000	4945.833	504.000
335.000	4945.835	498.000
336.000	4945.837	444.000
337.000	4945.840	494.000
338.000	4945.842	402.000
339.000	4945.845	444.000
340.000	4945.847	458.000
341.000	4945.850	464.000
342.000	4945.852	392.000
343.000	4945.855	402.000
344.000	4945.858	370.000
345.000	4945.860	380.000
346.000	4945.863	398.000
347.000	4945.865	328.000
348.000	4945.868	414.000
349.000	4945.870	410.000
350.000	4945.873	414.000
351.000	4945.875	380.000
352.000	4945.877	374.000
353.000	4945.880	388.000
354.000	4945.882	422.000
355.000	4945.885	368.000
356.000	4945.887	372.000
357.000	4945.890	334.000
358.000	4945.892	404.000
359.000	4945.895	390.000
360.000	4945.898	408.000
361.000	4945.900	292.000
362.000	4945.903	386.000
363.000	4945.905	322.000
364.000	4945.908	358.000
365.000	4945.910	384.000
366.000	4945.913	312.000
367.000	4945.915	320.000
368.000	4945.917	330.000
369.000	4945.920	308.000
370.000	4945.922	388.000
371.000	4945.925	348.000
372.000	4945.927	380.000
373.000	4945.930	346.000
374.000	4945.932	356.000
375.000	4945.935	358.000
376.000	4945.937	320.000
377.000	4945.940	334.000
378.000	4945.943	326.000
379.000	4945.945	298.000
380.000	4945.948	348.000
381.000	4945.950	332.000
382.000	4945.953	340.000
383.000	4945.955	354.000
384.000	4945.958	358.000
385.000	4945.960	370.000
386.000	4945.962	380.000
387.000	4945.965	400.000
388.000	4945.967	330.000
389.000	4945.970	360.000
390.000	4945.972	338.000
391.000	4945.975	368.000
392.000	4945.977	390.000
393.000	4945.980	360.000
394.000	4945.983	366.000
395.000	4945.985	318.000
396.000	4945.988	386.000
397.000	4945.990	366.000
398.000	4945.993	362.000
399.000	4945.995	356.000
400.000	4945.998	342.000
401.000	4946.000	296.000
402.000	4946.002	378.000
403.000	4946.005	370.000
404.000	4946.007	408.000
405.000	4946.010	372.000
406.000	4946.012	394.000
407.000	4946.015	394.000
408.000	4946.017	394.000
409.000	4946.020	374.000
410.000	4946.023	356.000
411.000	4946.025	308.000
412.000	4946.028	334.000
413.000	4946.030	362.000
414.000	4946.033	338.000
415.000	4946.035	350.000
416.000	4946.038	272.000
417.000	4946.040	350.000
418.000	4946.042	308.000
419.000	4946.045	330.000
420.000	4946.047	316.000
421.000	4946.050	310.000
422.000	4946.052	354.000
423.000	4946.055	382.000
424.000	4946.057	382.000
425.000	4946.060	304.000
426.000	4946.062	334.000
427.000	4946.065	334.000
428.000	4946.068	354.000
429.000	4946.070	336.000
430.000	4946.073	328.000
431.000	4946.075	400.000
432.000	4946.078	310.000
433.000	4946.080	368.000
434.000	4946.083	354.000
435.000	4946.085	340.000
436.000	4946.087	376.000
437.000	4946.090	288.000
438.000	4946.092	334.000
439.000	4946.095	334.000
440.000	4946.097	332.000
441.000	4946.100	380.000
