1.000	4720.000	368.000
2.000	4720.002	478.000
3.000	4720.005	418.000
4.000	4720.007	558.000
5.000	4720.010	396.000
6.000	4720.012	446.000
7.000	4720.015	474.000
8.000	4720.017	438.000
9.000	4720.020	422.000
10.000	4720.023	466.000
11.000	4720.025	442.000
12.000	4720.028	426.000
13.000	4720.030	448.000
14.000	4720.033	416.000
15.000	4720.035	426.000
16.000	4720.038	400.000
17.000	4720.040	468.000
18.000	4720.042	476.000
19.000	4720.045	424.000
20.000	4720.047	480.000
21.000	4720.050	398.000
22.000	4720.052	468.000
23.000	4720.055	426.000
24.000	4720.057	376.000
25.000	4720.060	412.000
26.000	4720.062	496.000
27.000	4720.065	388.000
28.000	4720.068	474.000
29.000	4720.070	490.000
30.000	4720.073	458.000
31.000	4720.075	384.000
32.000	4720.078	464.000
33.000	4720.080	452.000
34.000	4720.083	408.000
35.000	4720.085	456.000
36.000	4720.087	464.000
37.000	4720.090	460.000
38.000	4720.092	434.000
39.000	4720.095	394.000
40.000	4720.097	438.000
41.000	4720.100	452.000
42.000	4720.102	494.000
43.000	4720.105	448.000
44.000	4720.108	436.000
45.000	4720.110	414.000
46.000	4720.113	438.000
47.000	4720.115	416.000
48.000	4720.118	442.000
49.000	4720.120	458.000
50.000	4720.123	432.000
51.000	4720.125	408.000
52.000	4720.127	432.000
53.000	4720.130	492.000
54.000	4720.132	426.000
55.000	4720.135	422.000
56.000	4720.137	446.000
57.000	4720.140	464.000
58.000	4720.142	484.000
59.000	4720.145	490.000
60.000	4720.148	458.000
61.000	4720.150	440.000
62.000	4720.153	454.000
63.000	4720.155	464.000
64.000	4720.158	508.000
65.000	4720.160	454.000
66.000	4720.163	432.000
67.000	4720.165	396.000
68.000	4720.167	438.000
69.000	4720.170	444.000
70.000	4720.172	476.000
71.000	4720.175	472.000
72.000	4720.177	384.000
73.000	4720.180	540.000
74.000	4720.182	484.000
75.000	4720.185	470.000
76.000	4720.187	486.000
77.000	4720.190	396.000
78.000	4720.193	454.000
79.000	4720.195	558.000
80.000	4720.198	522.000
81.000	4720.200	442.000
82.000	4720.203	500.000
83.000	4720.205	510.000
84.000	4720.208	494.000
85.000	4720.210	490.000
86.000	4720.212	520.000
87.000	4720.215	474.000
88.000	4720.217	448.000
89.000	4720.220	462.000
90.000	4720.222	488.000
91.000	4720.225	532.000
92.000	4720.227	512.000
93.000	4720.230	534.000
94.000	4720.233	600.000
95.000	4720.235	576.000
96.000	4720.238	532.000
97.000	4720.240	544.000
98.000	4720.243	502.000
99.000	4720.245	614.000
100.000	4720.248	606.000
101.000	4720.250	520.000
102.000	4720.252	568.000
103.000	4720.255	604.000
104.000	4720.257	582.000
105.000	4720.260	560.000
106.000	4720.262	552.000
107.000	4720.265	548.000
108.000	4720.267	658.000
109.000	4720.270	576.000
110.000	4720.273	604.000
111.000	4720.275	608.000
112.000	4720.278	602.000
113.000	4720.280	644.000
114.000	4720.283	638.000
115.000	4720.285	652.000
116.000	4720.288	644.000
117.000	4720.290	662.000
118.000	4720.292	716.000
119.000	4720.295	694.000
120.000	4720.297	754.000
121.000	4720.300	716.000
122.000	4720.302	680.000
123.000	4720.305	706.000
124.000	4720.307	708.000
125.000	4720.310	750.000
126.000	4720.312	744.000
127.000	4720.315	850.000
128.000	4720.318	756.000
129.000	4720.320	726.000
130.000	4720.323	818.000
131.000	4720.325	780.000
132.000	4720.328	838.000
133.000	4720.330	872.000
134.000	4720.333	876.000
135.000	4720.335	916.000
136.000	4720.337	858.000
137.000	4720.340	898.000
138.000	4720.342	950.000
139.000	4720.345	920.000
140.000	4720.347	1002.000
141.000	4720.350	1002.000
142.000	4720.352	1020.000
143.000	4720.355	944.000
144.000	4720.358	1010.000
145.000	4720.360	966.000
146.000	4720.363	1062.000
147.000	4720.365	1120.000
148.000	4720.368	1080.000
149.000	4720.370	1128.000
150.000	4720.373	1072.000
151.000	4720.375	1036.000
152.000	4720.377	1110.000
153.000	4720.380	1112.000
154.000	4720.382	1136.000
155.000	4720.385	1066.000
156.000	4720.387	1136.000
157.000	4720.390	1270.000
158.000	4720.392	1204.000
159.000	4720.395	1194.000
160.000	4720.398	1254.000
161.000	4720.400	1396.000
162.000	4720.403	1366.000
163.000	4720.405	1400.000
164.000	4720.408	1316.000
165.000	4720.410	1326.000
166.000	4720.413	1426.000
167.000	4720.415	1574.000
168.000	4720.417	1506.000
169.000	4720.420	1578.000
170.000	4720.422	1562.000
171.000	4720.425	1442.000
172.000	4720.427	1528.000
173.000	4720.430	1654.000
174.000	4720.432	1614.000
175.000	4720.435	1704.000
176.000	4720.437	1646.000
177.000	4720.440	1692.000
178.000	4720.443	1760.000
179.000	4720.445	1708.000
180.000	4720.448	1778.000
181.000	4720.450	1800.000
182.000	4720.453	1760.000
183.000	4720.455	1824.000
184.000	4720.458	1764.000
185.000	4720.460	1850.000
186.000	4720.462	1924.000
187.000	4720.465	1920.000
188.000	4720.467	1880.000
189.000	4720.470	1988.000
190.000	4720.472	1994.000
191.000	4720.475	1962.000
192.000	4720.477	2084.000
193.000	4720.480	1970.000
194.000	4720.483	2132.000
195.000	4720.485	2158.000
196.000	4720.488	2218.000
197.000	4720.490	2128.000
198.000	4720.493	2192.000
199.000	4720.495	2042.000
200.000	4720.498	2202.000
201.000	4720.500	2136.000
202.000	4720.502	2282.000
203.000	4720.505	2322.000
204.000	4720.507	2266.000
205.000	4720.510	2382.000
206.000	4720.512	2328.000
207.000	4720.515	2336.000
208.000	4720.517	2446.000
209.000	4720.520	2446.000
210.000	4720.523	2292.000
211.000	4720.525	2456.000
212.000	4720.528	2476.000
213.000	4720.530	2820.000
214.000	4720.533	2700.000
215.000	4720.535	2486.000
216.000	4720.538	2630.000
217.000	4720.540	2622.000
218.000	4720.542	2670.000
219.000	4720.545	2906.000
220.000	4720.547	2688.000
221.000	4720.550	2756.000
222.000	4720.552	2692.000
223.000	4720.555	2826.000
224.000	4720.557	3002.000
225.000	4720.560	2846.000
226.000	4720.562	3054.000
227.000	4720.565	3138.000
228.000	4720.568	2998.000
229.000	4720.570	3118.000
230.000	4720.573	3090.000
231.000	4720.575	3168.000
232.000	4720.578	3156.000
233.000	4720.580	3246.000
234.000	4720.583	3084.000
235.000	4720.585	3078.000
236.000	4720.587	3138.000
237.000	4720.590	3326.000
238.000	4720.592	3444.000
239.000	4720.595	3366.000
240.000	4720.597	3452.000
241.000	4720.600	3316.000
242.000	4720.602	3564.000
243.000	4720.605	3188.000
244.000	4720.608	3412.000
245.000	4720.610	3454.000
246.000	4720.613	3542.000
247.000	4720.615	3442.000
248.000	4720.618	3536.000
249.000	4720.620	3560.000
250.000	4720.623	3592.000
251.000	4720.625	3624.000
252.000	4720.627	3588.000
253.000	4720.630	3846.000
254.000	4720.632	3566.000
255.000	4720.635	3736.000
256.000	4720.637	3730.000
257.000	4720.640	3846.000
258.000	4720.642	3878.000
259.000	4720.645	3744.000
260.000	4720.648	3960.000
261.000	4720.650	3848.000
262.000	4720.653	4148.000
263.000	4720.655	4132.000
264.000	4720.658	4136.000
265.000	4720.660	3830.000
266.000	4720.663	4040.000
267.000	4720.665	3954.000
268.000	4720.667	3984.000
269.000	4720.670	4092.000
270.000	4720.672	4124.000
271.000	4720.675	4112.000
272.000	4720.677	4170.000
273.000	4720.680	4352.000
274.000	4720.682	4264.000
275.000	4720.685	4310.000
276.000	4720.687	4418.000
277.000	4720.690	4310.000
278.000	4720.693	4360.000
279.000	4720.695	4396.000
280.000	4720.698	4364.000
281.000	4720.700	4490.000
282.000	4720.703	4538.000
283.000	4720.705	4476.000
284.000	4720.708	4592.000
285.000	4720.710	4446.000
286.000	4720.712	4518.000
287.000	4720.715	4622.000
288.000	4720.717	4308.000
289.000	4720.720	4520.000
290.000	4720.722	4404.000
291.000	4720.725	4598.000
292.000	4720.727	4432.000
293.000	4720.730	4658.000
294.000	4720.733	4654.000
295.000	4720.735	4774.000
296.000	4720.738	4774.000
297.000	4720.740	4630.000
298.000	4720.743	4808.000
299.000	4720.745	4496.000
300.000	4720.748	4556.000
301.000	4720.750	4806.000
302.000	4720.752	4784.000
303.000	4720.755	4736.000
304.000	4720.757	4750.000
305.000	4720.760	4652.000
306.000	4720.762	4792.000
307.000	4720.765	4836.000
308.000	4720.767	4770.000
309.000	4720.770	4746.000
310.000	4720.773	4804.000
311.000	4720.775	4912.000
312.000	4720.778	4864.000
313.000	4720.780	4876.000
314.000	4720.783	4720.000
315.000	4720.785	4976.000
316.000	4720.788	5008.000
317.000	4720.790	4750.000
318.000	4720.792	4878.000
319.000	4720.795	4960.000
320.000	4720.797	4796.000
321.000	4720.800	4912.000
322.000	4720.802	4890.000
323.000	4720.805	4966.000
324.000	4720.807	4918.000
325.000	4720.810	4988.000
326.000	4720.812	4844.000
327.000	4720.815	4930.000
328.000	4720.818	4562.000
329.000	4720.820	4870.000
330.000	4720.823	4592.000
331.000	4720.825	4762.000
332.000	4720.828	4886.000
333.000	4720.830	4932.000
334.000	4720.833	4812.000
335.000	4720.835	4712.000
336.000	4720.837	4726.000
337.000	4720.840	4770.000
338.000	4720.842	4702.000
339.000	4720.845	4558.000
340.000	4720.847	4656.000
341.000	4720.850	4720.000
342.000	4720.852	4686.000
343.000	4720.855	4498.000
344.000	4720.858	4628.000
345.000	4720.860	4556.000
346.000	4720.863	4564.000
347.000	4720.865	4582.000
348.000	4720.868	4568.000
349.000	4720.870	4378.000
350.000	4720.873	4382.000
351.000	4720.875	4452.000
352.000	4720.877	4804.000
353.000	4720.880	4506.000
354.000	4720.882	4526.000
355.000	4720.885	4330.000
356.000	4720.887	4470.000
357.000	4720.890	4314.000
358.000	4720.892	4330.000
359.000	4720.895	4412.000
360.000	4720.898	4340.000
361.000	4720.900	4260.000
362.000	4720.903	4220.000
363.000	4720.905	4284.000
364.000	4720.908	4198.000
365.000	4720.910	4120.000
366.000	4720.913	4130.000
367.000	4720.915	4302.000
368.000	4720.917	4144.000
369.000	4720.920	4062.000
370.000	4720.922	4146.000
371.000	4720.925	4114.000
372.000	4720.927	3908.000
373.000	4720.930	4168.000
374.000	4720.932	4120.000
375.000	4720.935	4120.000
376.000	4720.937	3926.000
377.000	4720.940	3964.000
378.000	4720.943	3876.000
379.000	4720.945	3730.000
380.000	4720.948	3790.000
381.000	4720.950	3736.000
382.000	4720.953	3536.000
383.000	4720.955	3688.000
384.000	4720.958	3622.000
385.000	4720.960	3686.000
386.000	4720.962	3586.000
387.000	4720.965	3628.000
388.000	4720.967	3816.000
389.000	4720.970	3756.000
390.000	4720.972	3598.000
391.000	4720.975	3400.000
392.000	4720.977	3360.000
393.000	4720.980	3484.000
394.000	4720.983	3574.000
395.000	4720.985	3218.000
396.000	4720.988	3282.000
397.000	4720.990	3470.000
398.000	4720.993	3340.000
399.000	4720.995	3216.000
400.000	4720.998	3240.000
401.000	4721.000	3138.000
402.000	4721.002	3194.000
403.000	4721.005	3024.000
404.000	4721.007	3222.000
405.000	4721.010	3062.000
406.000	4721.012	2914.000
407.000	4721.015	2968.000
408.000	4721.017	3036.000
409.000	4721.020	3050.000
410.000	4721.023	2940.000
411.000	4721.025	2898.000
412.000	4721.028	2976.000
413.000	4721.030	2906.000
414.000	4721.033	2826.000
415.000	4721.035	2756.000
416.000	4721.038	2800.000
417.000	4721.040	2744.000
418.000	4721.042	2886.000
419.000	4721.045	2708.000
420.000	4721.047	2732.000
421.000	4721.050	2738.000
422.000	4721.052	2708.000
423.000	4721.055	2630.000
424.000	4721.057	2528.000
425.000	4721.060	2538.000
426.000	4721.062	2562.000
427.000	4721.065	2358.000
428.000	4721.068	2460.000
429.000	4721.070	2448.000
430.000	4721.073	2430.000
431.000	4721.075	2316.000
432.000	4721.078	2266.000
433.000	4721.080	2324.000
434.000	4721.083	2232.000
435.000	4721.085	2168.000
436.000	4721.087	2212.000
437.000	4721.090	2210.000
438.000	4721.092	2006.000
439.000	4721.095	2102.000
440.000	4721.097	2202.000
441.000	4721.100	2002.000
442.000	4721.102	2092.000
443.000	4721.105	1912.000
444.000	4721.108	2008.000
445.000	4721.110	1932.000
446.000	4721.113	1924.000
447.000	4721.115	1736.000
448.000	4721.118	1902.000
449.000	4721.120	1860.000
450.000	4721.123	1848.000
451.000	4721.125	1858.000
452.000	4721.127	1780.000
453.000	4721.130	1750.000
454.000	4721.132	1670.000
455.000	4721.135	1588.000
456.000	4721.137	1620.000
457.000	4721.140	1574.000
458.000	4721.142	1582.000
459.000	4721.145	1582.000
460.000	4721.148	1634.000
461.000	4721.150	1564.000
462.000	4721.153	1524.000
463.000	4721.155	1454.000
464.000	4721.158	1536.000
465.000	4721.160	1312.000
466.000	4721.163	1416.000
467.000	4721.165	1422.000
468.000	4721.167	1406.000
469.000	4721.170	1302.000
470.000	4721.172	1330.000
471.000	4721.175	1290.000
472.000	4721.177	1388.000
473.000	4721.180	1284.000
474.000	4721.182	1220.000
475.000	4721.185	1110.000
476.000	4721.187	1240.000
477.000	4721.190	1160.000
478.000	4721.193	1178.000
479.000	4721.195	1088.000
480.000	4721.198	1164.000
481.000	4721.200	1110.000
482.000	4721.203	986.000
483.000	4721.205	1130.000
484.000	4721.208	956.000
485.000	4721.210	896.000
486.000	4721.212	966.000
487.000	4721.215	1034.000
488.000	4721.217	916.000
489.000	4721.220	916.000
490.000	4721.222	946.000
491.000	4721.225	762.000
492.000	4721.227	904.000
493.000	4721.230	878.000
494.000	4721.233	876.000
495.000	4721.235	796.000
496.000	4721.238	886.000
497.000	4721.240	800.000
498.000	4721.243	762.000
499.000	4721.245	766.000
500.000	4721.248	818.000
501.000	4721.250	748.000
502.000	4721.252	776.000
503.000	4721.255	692.000
504.000	4721.257	728.000
505.000	4721.260	794.000
506.000	4721.262	716.000
507.000	4721.265	674.000
508.000	4721.267	626.000
509.000	4721.270	622.000
510.000	4721.273	630.000
511.000	4721.275	590.000
512.000	4721.278	664.000
513.000	4721.280	624.000
514.000	4721.283	632.000
515.000	4721.285	610.000
516.000	4721.288	648.000
517.000	4721.290	670.000
518.000	4721.292	534.000
519.000	4721.295	522.000
520.000	4721.297	578.000
521.000	4721.300	556.000
522.000	4721.302	512.000
523.000	4721.305	556.000
524.000	4721.307	508.000
525.000	4721.310	500.000
526.000	4721.312	486.000
527.000	4721.315	504.000
528.000	4721.318	536.000
529.000	4721.320	488.000
530.000	4721.323	476.000
531.000	4721.325	504.000
532.000	4721.328	520.000
533.000	4721.330	532.000
534.000	4721.333	464.000
535.000	4721.335	512.000
536.000	4721.337	470.000
537.000	4721.340	452.000
538.000	4721.342	504.000
539.000	4721.345	446.000
540.000	4721.347	500.000
541.000	4721.350	510.000
542.000	4721.352	486.000
543.000	4721.355	488.000
544.000	4721.358	456.000
545.000	4721.360	440.000
546.000	4721.363	442.000
547.000	4721.365	444.000
548.000	4721.368	430.000
549.000	4721.370	442.000
550.000	4721.373	420.000
551.000	4721.375	408.000
552.000	4721.377	496.000
553.000	4721.380	454.000
554.000	4721.382	466.000
555.000	4721.385	428.000
556.000	4721.387	440.000
557.000	4721.390	422.000
558.000	4721.392	496.000
559.000	4721.395	410.000
560.000	4721.398	396.000
561.000	4721.400	392.000
562.000	4721.403	428.000
563.000	4721.405	458.000
564.000	4721.408	442.000
565.000	4721.410	472.000
566.000	4721.413	436.000
567.000	4721.415	454.000
568.000	4721.417	480.000
569.000	4721.420	430.000
570.000	4721.422	380.000
571.000	4721.425	412.000
572.000	4721.427	442.000
573.000	4721.430	442.000
574.000	4721.432	414.000
575.000	4721.435	438.000
576.000	4721.437	406.000
577.000	4721.440	460.000
578.000	4721.443	418.000
579.000	4721.445	398.000
580.000	4721.448	432.000
581.000	4721.450	440.000
582.000	4721.453	420.000
583.000	4721.455	412.000
584.000	4721.458	426.000
585.000	4721.460	388.000
586.000	4721.462	370.000
587.000	4721.465	442.000
588.000	4721.467	410.000
589.000	4721.470	360.000
590.000	4721.472	390.000
591.000	4721.475	466.000
592.000	4721.477	460.000
593.000	4721.480	384.000
594.000	4721.483	416.000
595.000	4721.485	386.000
596.000	4721.488	462.000
597.000	4721.490	432.000
598.000	4721.493	432.000
599.000	4721.495	410.000
600.000	4721.498	424.000
601.000	4721.500	490.000
