1.000	4716.500	318.000
2.000	4716.502	360.000
3.000	4716.505	366.000
4.000	4716.507	342.000
5.000	4716.510	342.000
6.000	4716.512	338.000
7.000	4716.515	326.000
8.000	4716.517	346.000
9.000	4716.520	350.000
10.000	4716.523	350.000
11.000	4716.525	354.000
12.000	4716.528	344.000
13.000	4716.530	394.000
14.000	4716.533	336.000
15.000	4716.535	398.000
16.000	4716.538	328.000
17.000	4716.540	338.000
18.000	4716.542	326.000
19.000	4716.545	350.000
20.000	4716.547	360.000
21.000	4716.550	342.000
22.000	4716.552	336.000
23.000	4716.555	292.000
24.000	4716.557	332.000
25.000	4716.560	368.000
26.000	4716.562	362.000
27.000	4716.565	288.000
28.000	4716.568	352.000
29.000	4716.570	380.000
30.000	4716.573	296.000
31.000	4716.575	328.000
32.000	4716.578	330.000
33.000	4716.580	376.000
34.000	4716.583	390.000
35.000	4716.585	346.000
36.000	4716.587	334.000
37.000	4716.590	344.000
38.000	4716.592	374.000
39.000	4716.595	316.000
40.000	4716.597	332.000
41.000	4716.600	322.000
42.000	4716.602	352.000
43.000	4716.605	290.000
44.000	4716.608	336.000
45.000	4716.610	346.000
46.000	4716.613	330.000
47.000	4716.615	332.000
48.000	4716.618	378.000
49.000	4716.620	364.000
50.000	4716.623	286.000
51.000	4716.625	376.000
52.000	4716.627	330.000
53.000	4716.630	330.000
54.000	4716.632	378.000
55.000	4716.635	352.000
56.000	4716.637	336.000
57.000	4716.640	332.000
58.000	4716.642	362.000
59.000	4716.645	394.000
60.000	4716.648	350.000
61.000	4716.650	314.000
62.000	4716.653	352.000
63.000	4716.655	316.000
64.000	4716.658	374.000
65.000	4716.660	368.000
66.000	4716.663	342.000
67.000	4716.665	322.000
68.000	4716.667	352.000
69.000	4716.670	362.000
70.000	4716.672	280.000
71.000	4716.675	302.000
72.000	4716.677	346.000
73.000	4716.680	380.000
74.000	4716.682	372.000
75.000	4716.685	356.000
76.000	4716.687	334.000
77.000	4716.690	376.000
78.000	4716.693	326.000
79.000	4716.695	384.000
80.000	4716.698	374.000
81.000	4716.700	328.000
82.000	4716.703	322.000
83.000	4716.705	290.000
84.000	4716.708	366.000
85.000	4716.710	362.000
86.000	4716.712	342.000
87.000	4716.715	374.000
88.000	4716.717	326.000
89.000	4716.720	326.000
90.000	4716.722	358.000
91.000	4716.725	348.000
92.000	4716.727	334.000
93.000	4716.730	350.000
94.000	4716.733	326.000
95.000	4716.735	378.000
96.000	4716.738	318.000
97.000	4716.740	308.000
98.000	4716.743	316.000
99.000	4716.745	308.000
100.000	4716.748	276.000
101.000	4716.750	368.000
102.000	4716.752	336.000
103.000	4716.755	374.000
104.000	4716.757	352.000
105.000	4716.760	310.000
106.000	4716.762	356.000
107.000	4716.765	296.000
108.000	4716.767	320.000
109.000	4716.770	336.000
110.000	4716.773	362.000
111.000	4716.775	356.000
112.000	4716.778	336.000
113.000	4716.780	328.000
114.000	4716.783	358.000
115.000	4716.785	354.000
116.000	4716.788	338.000
117.000	4716.790	368.000
118.000	4716.792	330.000
119.000	4716.795	324.000
120.000	4716.797	344.000
121.000	4716.800	392.000
122.000	4716.802	374.000
123.000	4716.805	316.000
124.000	4716.807	332.000
125.000	4716.810	388.000
126.000	4716.812	366.000
127.000	4716.815	364.000
128.000	4716.818	358.000
129.000	4716.820	366.000
130.000	4716.823	334.000
131.000	4716.825	350.000
132.000	4716.828	380.000
133.000	4716.830	386.000
134.000	4716.833	362.000
135.000	4716.835	328.000
136.000	4716.837	320.000
137.000	4716.840	282.000
138.000	4716.842	344.000
139.000	4716.845	382.000
140.000	4716.847	382.000
141.000	4716.850	360.000
142.000	4716.852	332.000
143.000	4716.855	330.000
144.000	4716.858	376.000
145.000	4716.860	336.000
146.000	4716.863	340.000
147.000	4716.865	362.000
148.000	4716.868	366.000
149.000	4716.870	374.000
150.000	4716.873	352.000
151.000	4716.875	374.000
152.000	4716.877	418.000
153.000	4716.880	376.000
154.000	4716.882	346.000
155.000	4716.885	308.000
156.000	4716.887	392.000
157.000	4716.890	342.000
158.000	4716.892	346.000
159.000	4716.895	366.000
160.000	4716.898	348.000
161.000	4716.900	318.000
162.000	4716.903	386.000
163.000	4716.905	332.000
164.000	4716.908	368.000
165.000	4716.910	356.000
166.000	4716.913	388.000
167.000	4716.915	368.000
168.000	4716.917	414.000
169.000	4716.920	384.000
170.000	4716.922	382.000
171.000	4716.925	388.000
172.000	4716.927	376.000
173.000	4716.930	356.000
174.000	4716.932	370.000
175.000	4716.935	296.000
176.000	4716.937	388.000
177.000	4716.940	340.000
178.000	4716.943	378.000
179.000	4716.945	424.000
180.000	4716.948	360.000
181.000	4716.950	380.000
182.000	4716.953	368.000
183.000	4716.955	334.000
184.000	4716.958	384.000
185.000	4716.960	408.000
186.000	4716.962	414.000
187.000	4716.965	330.000
188.000	4716.967	384.000
189.000	4716.970	350.000
190.000	4716.972	372.000
191.000	4716.975	360.000
192.000	4716.977	370.000
193.000	4716.980	348.000
194.000	4716.983	334.000
195.000	4716.985	342.000
196.000	4716.988	392.000
197.000	4716.990	342.000
198.000	4716.993	356.000
199.000	4716.995	398.000
200.000	4716.998	330.000
201.000	4717.000	370.000
202.000	4717.002	382.000
203.000	4717.005	410.000
204.000	4717.007	402.000
205.000	4717.010	366.000
206.000	4717.012	426.000
207.000	4717.015	376.000
208.000	4717.017	408.000
209.000	4717.020	380.000
210.000	4717.023	422.000
211.000	4717.025	330.000
212.000	4717.028	366.000
213.000	4717.030	362.000
214.000	4717.033	366.000
215.000	4717.035	332.000
216.000	4717.038	364.000
217.000	4717.040	330.000
218.000	4717.042	350.000
219.000	4717.045	326.000
220.000	4717.047	354.000
221.000	4717.050	360.000
222.000	4717.052	348.000
223.000	4717.055	332.000
224.000	4717.057	384.000
225.000	4717.060	388.000
226.000	4717.062	408.000
227.000	4717.065	368.000
228.000	4717.068	352.000
229.000	4717.070	394.000
230.000	4717.073	362.000
231.000	4717.075	340.000
232.000	4717.078	360.000
233.000	4717.080	322.000
234.000	4717.083	322.000
235.000	4717.085	300.000
236.000	4717.087	328.000
237.000	4717.090	324.000
238.000	4717.092	344.000
239.000	4717.095	334.000
240.000	4717.097	330.000
241.000	4717.100	338.000
242.000	4717.102	346.000
243.000	4717.105	328.000
244.000	4717.108	328.000
245.000	4717.110	370.000
246.000	4717.113	354.000
247.000	4717.115	314.000
248.000	4717.118	344.000
249.000	4717.120	364.000
250.000	4717.123	296.000
251.000	4717.125	342.000
252.000	4717.127	340.000
253.000	4717.130	348.000
254.000	4717.132	352.000
255.000	4717.135	336.000
256.000	4717.137	346.000
257.000	4717.140	280.000
258.000	4717.142	304.000
259.000	4717.145	314.000
260.000	4717.148	368.000
261.000	4717.150	336.000
262.000	4717.153	326.000
263.000	4717.155	384.000
264.000	4717.158	288.000
265.000	4717.160	340.000
266.000	4717.163	342.000
267.000	4717.165	312.000
268.000	4717.167	270.000
269.000	4717.170	334.000
270.000	4717.172	312.000
271.000	4717.175	324.000
272.000	4717.177	340.000
273.000	4717.180	350.000
274.000	4717.182	318.000
275.000	4717.185	330.000
276.000	4717.187	298.000
277.000	4717.190	338.000
278.000	4717.193	358.000
279.000	4717.195	342.000
280.000	4717.198	332.000
281.000	4717.200	318.000
282.000	4717.203	336.000
283.000	4717.205	376.000
284.000	4717.208	346.000
285.000	4717.210	360.000
286.000	4717.212	362.000
287.000	4717.215	310.000
288.000	4717.217	384.000
289.000	4717.220	374.000
290.000	4717.222	342.000
291.000	4717.225	380.000
292.000	4717.227	356.000
293.000	4717.230	340.000
294.000	4717.233	368.000
295.000	4717.235	356.000
296.000	4717.238	318.000
297.000	4717.240	330.000
298.000	4717.243	300.000
299.000	4717.245	342.000
300.000	4717.248	332.000
301.000	4717.250	316.000
302.000	4717.252	334.000
303.000	4717.255	344.000
304.000	4717.257	390.000
305.000	4717.260	320.000
306.000	4717.262	378.000
307.000	4717.265	372.000
308.000	4717.267	362.000
309.000	4717.270	324.000
310.000	4717.273	330.000
311.000	4717.275	334.000
312.000	4717.278	340.000
313.000	4717.280	328.000
314.000	4717.283	284.000
315.000	4717.285	350.000
316.000	4717.288	306.000
317.000	4717.290	320.000
318.000	4717.292	344.000
319.000	4717.295	322.000
320.000	4717.297	372.000
321.000	4717.300	324.000
322.000	4717.302	334.000
323.000	4717.305	314.000
324.000	4717.307	360.000
325.000	4717.310	364.000
326.000	4717.312	320.000
327.000	4717.315	384.000
328.000	4717.318	386.000
329.000	4717.320	326.000
330.000	4717.323	288.000
331.000	4717.325	328.000
332.000	4717.328	374.000
333.000	4717.330	282.000
334.000	4717.333	316.000
335.000	4717.335	346.000
336.000	4717.337	318.000
337.000	4717.340	340.000
338.000	4717.342	328.000
339.000	4717.345	372.000
340.000	4717.347	340.000
341.000	4717.350	358.000
342.000	4717.352	376.000
343.000	4717.355	308.000
344.000	4717.358	326.000
345.000	4717.360	356.000
346.000	4717.363	376.000
347.000	4717.365	328.000
348.000	4717.368	308.000
349.000	4717.370	326.000
350.000	4717.373	328.000
351.000	4717.375	360.000
352.000	4717.377	330.000
353.000	4717.380	312.000
354.000	4717.382	332.000
355.000	4717.385	312.000
356.000	4717.387	356.000
357.000	4717.390	324.000
358.000	4717.392	390.000
359.000	4717.395	322.000
360.000	4717.398	316.000
361.000	4717.400	330.000
362.000	4717.403	348.000
363.000	4717.405	362.000
364.000	4717.408	362.000
365.000	4717.410	344.000
366.000	4717.413	306.000
367.000	4717.415	306.000
368.000	4717.417	286.000
369.000	4717.420	352.000
370.000	4717.422	304.000
371.000	4717.425	354.000
372.000	4717.427	292.000
373.000	4717.430	324.000
374.000	4717.432	384.000
375.000	4717.435	304.000
376.000	4717.437	342.000
377.000	4717.440	296.000
378.000	4717.443	362.000
379.000	4717.445	284.000
380.000	4717.448	376.000
381.000	4717.450	354.000
382.000	4717.453	328.000
383.000	4717.455	350.000
384.000	4717.458	378.000
385.000	4717.460	322.000
386.000	4717.462	330.000
387.000	4717.465	336.000
388.000	4717.467	306.000
389.000	4717.470	326.000
390.000	4717.472	296.000
391.000	4717.475	336.000
392.000	4717.477	340.000
393.000	4717.480	302.000
394.000	4717.483	400.000
395.000	4717.485	364.000
396.000	4717.488	330.000
397.000	4717.490	332.000
398.000	4717.493	328.000
399.000	4717.495	330.000
400.000	4717.498	310.000
401.000	4717.500	354.000
402.000	4717.502	332.000
403.000	4717.505	348.000
404.000	4717.507	374.000
405.000	4717.510	312.000
406.000	4717.512	308.000
407.000	4717.515	306.000
408.000	4717.517	326.000
409.000	4717.520	364.000
410.000	4717.523	294.000
411.000	4717.525	360.000
412.000	4717.528	364.000
413.000	4717.530	356.000
414.000	4717.533	316.000
415.000	4717.535	382.000
416.000	4717.538	394.000
417.000	4717.540	312.000
418.000	4717.542	350.000
419.000	4717.545	384.000
420.000	4717.547	356.000
421.000	4717.550	352.000
422.000	4717.552	330.000
423.000	4717.555	324.000
424.000	4717.557	356.000
425.000	4717.560	304.000
426.000	4717.562	360.000
427.000	4717.565	374.000
428.000	4717.568	326.000
429.000	4717.570	376.000
430.000	4717.573	358.000
431.000	4717.575	324.000
432.000	4717.578	374.000
433.000	4717.580	328.000
434.000	4717.583	326.000
435.000	4717.585	338.000
436.000	4717.587	284.000
437.000	4717.590	322.000
438.000	4717.592	392.000
439.000	4717.595	310.000
440.000	4717.597	322.000
441.000	4717.600	322.000
442.000	4717.602	388.000
443.000	4717.605	318.000
444.000	4717.608	380.000
445.000	4717.610	372.000
446.000	4717.613	292.000
447.000	4717.615	342.000
448.000	4717.618	348.000
449.000	4717.620	326.000
450.000	4717.623	290.000
451.000	4717.625	310.000
452.000	4717.627	340.000
453.000	4717.630	352.000
454.000	4717.632	342.000
455.000	4717.635	354.000
456.000	4717.637	320.000
457.000	4717.640	374.000
458.000	4717.642	376.000
459.000	4717.645	318.000
460.000	4717.648	314.000
461.000	4717.650	342.000
462.000	4717.653	360.000
463.000	4717.655	326.000
464.000	4717.658	384.000
465.000	4717.660	388.000
466.000	4717.663	312.000
467.000	4717.665	312.000
468.000	4717.667	354.000
469.000	4717.670	364.000
470.000	4717.672	344.000
471.000	4717.675	318.000
472.000	4717.677	344.000
473.000	4717.680	296.000
474.000	4717.682	318.000
475.000	4717.685	356.000
476.000	4717.687	354.000
477.000	4717.690	372.000
478.000	4717.693	350.000
479.000	4717.695	428.000
480.000	4717.698	318.000
481.000	4717.700	332.000
482.000	4717.703	330.000
483.000	4717.705	336.000
484.000	4717.708	340.000
485.000	4717.710	308.000
486.000	4717.712	340.000
487.000	4717.715	336.000
488.000	4717.717	370.000
489.000	4717.720	396.000
490.000	4717.722	330.000
491.000	4717.725	384.000
492.000	4717.727	310.000
493.000	4717.730	344.000
494.000	4717.733	400.000
495.000	4717.735	306.000
496.000	4717.738	388.000
497.000	4717.740	330.000
498.000	4717.743	352.000
499.000	4717.745	302.000
500.000	4717.748	370.000
501.000	4717.750	342.000
502.000	4717.752	358.000
503.000	4717.755	338.000
504.000	4717.757	328.000
505.000	4717.760	362.000
506.000	4717.762	382.000
507.000	4717.765	304.000
508.000	4717.767	340.000
509.000	4717.770	352.000
510.000	4717.773	340.000
511.000	4717.775	312.000
512.000	4717.778	322.000
513.000	4717.780	284.000
514.000	4717.783	366.000
515.000	4717.785	302.000
516.000	4717.788	346.000
517.000	4717.790	346.000
518.000	4717.792	328.000
519.000	4717.795	380.000
520.000	4717.797	384.000
521.000	4717.800	350.000
522.000	4717.802	328.000
523.000	4717.805	328.000
524.000	4717.807	302.000
525.000	4717.810	338.000
526.000	4717.812	312.000
527.000	4717.815	338.000
528.000	4717.818	364.000
529.000	4717.820	308.000
530.000	4717.823	340.000
531.000	4717.825	326.000
532.000	4717.828	376.000
533.000	4717.830	356.000
534.000	4717.833	362.000
535.000	4717.835	332.000
536.000	4717.837	326.000
537.000	4717.840	342.000
538.000	4717.842	364.000
539.000	4717.845	344.000
540.000	4717.847	296.000
541.000	4717.850	320.000
542.000	4717.852	374.000
543.000	4717.855	358.000
544.000	4717.858	352.000
545.000	4717.860	348.000
546.000	4717.863	364.000
547.000	4717.865	292.000
548.000	4717.868	324.000
549.000	4717.870	380.000
550.000	4717.873	332.000
551.000	4717.875	342.000
552.000	4717.877	348.000
553.000	4717.880	360.000
554.000	4717.882	364.000
555.000	4717.885	342.000
556.000	4717.887	308.000
557.000	4717.890	348.000
558.000	4717.892	348.000
559.000	4717.895	282.000
560.000	4717.898	356.000
561.000	4717.900	360.000
562.000	4717.903	306.000
563.000	4717.905	342.000
564.000	4717.908	330.000
565.000	4717.910	322.000
566.000	4717.913	278.000
567.000	4717.915	322.000
568.000	4717.917	304.000
569.000	4717.920	340.000
570.000	4717.922	272.000
571.000	4717.925	386.000
572.000	4717.927	308.000
573.000	4717.930	324.000
574.000	4717.932	324.000
575.000	4717.935	294.000
576.000	4717.937	298.000
577.000	4717.940	348.000
578.000	4717.943	322.000
579.000	4717.945	332.000
580.000	4717.948	328.000
581.000	4717.950	348.000
582.000	4717.953	304.000
583.000	4717.955	352.000
584.000	4717.958	356.000
585.000	4717.960	370.000
586.000	4717.962	350.000
587.000	4717.965	314.000
588.000	4717.967	340.000
589.000	4717.970	354.000
590.000	4717.972	346.000
591.000	4717.975	344.000
592.000	4717.977	312.000
593.000	4717.980	326.000
594.000	4717.983	340.000
595.000	4717.985	340.000
596.000	4717.988	298.000
597.000	4717.990	340.000
598.000	4717.993	330.000
599.000	4717.995	334.000
600.000	4717.998	318.000
601.000	4718.000	334.000
