1.000	4716.250	330.000
2.000	4716.252	350.000
3.000	4716.255	310.000
4.000	4716.257	396.000
5.000	4716.260	370.000
6.000	4716.262	384.000
7.000	4716.265	324.000
8.000	4716.267	348.000
9.000	4716.270	312.000
10.000	4716.273	346.000
11.000	4716.275	344.000
12.000	4716.278	350.000
13.000	4716.280	348.000
14.000	4716.283	360.000
15.000	4716.285	342.000
16.000	4716.288	362.000
17.000	4716.290	354.000
18.000	4716.292	342.000
19.000	4716.295	332.000
20.000	4716.297	372.000
21.000	4716.300	386.000
22.000	4716.302	310.000
23.000	4716.305	286.000
24.000	4716.307	324.000
25.000	4716.310	332.000
26.000	4716.312	352.000
27.000	4716.315	328.000
28.000	4716.318	390.000
29.000	4716.320	356.000
30.000	4716.323	290.000
31.000	4716.325	342.000
32.000	4716.328	368.000
33.000	4716.330	334.000
34.000	4716.333	352.000
35.000	4716.335	404.000
36.000	4716.337	320.000
37.000	4716.340	312.000
38.000	4716.342	308.000
39.000	4716.345	338.000
40.000	4716.347	316.000
41.000	4716.350	350.000
42.000	4716.352	334.000
43.000	4716.355	346.000
44.000	4716.358	288.000
45.000	4716.360	318.000
46.000	4716.363	338.000
47.000	4716.365	324.000
48.000	4716.368	330.000
49.000	4716.370	294.000
50.000	4716.373	346.000
51.000	4716.375	360.000
52.000	4716.377	366.000
53.000	4716.380	318.000
54.000	4716.382	368.000
55.000	4716.385	402.000
56.000	4716.387	366.000
57.000	4716.390	358.000
58.000	4716.392	336.000
59.000	4716.395	368.000
60.000	4716.398	338.000
61.000	4716.400	322.000
62.000	4716.403	380.000
63.000	4716.405	314.000
64.000	4716.408	338.000
65.000	4716.410	334.000
66.000	4716.413	266.000
67.000	4716.415	292.000
68.000	4716.417	326.000
69.000	4716.420	350.000
70.000	4716.422	304.000
71.000	4716.425	314.000
72.000	4716.427	364.000
73.000	4716.430	320.000
74.000	4716.432	316.000
75.000	4716.435	374.000
76.000	4716.437	364.000
77.000	4716.440	340.000
78.000	4716.443	304.000
79.000	4716.445	338.000
80.000	4716.448	368.000
81.000	4716.450	306.000
82.000	4716.453	366.000
83.000	4716.455	400.000
84.000	4716.458	370.000
85.000	4716.460	352.000
86.000	4716.462	334.000
87.000	4716.465	340.000
88.000	4716.467	328.000
89.000	4716.470	324.000
90.000	4716.472	336.000
91.000	4716.475	282.000
92.000	4716.477	388.000
93.000	4716.480	314.000
94.000	4716.483	358.000
95.000	4716.485	398.000
96.000	4716.488	340.000
97.000	4716.490	322.000
98.000	4716.493	390.000
99.000	4716.495	302.000
100.000	4716.498	374.000
101.000	4716.500	306.000
102.000	4716.502	330.000
103.000	4716.505	362.000
104.000	4716.507	356.000
105.000	4716.510	334.000
106.000	4716.512	364.000
107.000	4716.515	334.000
108.000	4716.517	356.000
109.000	4716.520	344.000
110.000	4716.523	316.000
111.000	4716.525	370.000
112.000	4716.528	332.000
113.000	4716.530	326.000
114.000	4716.533	314.000
115.000	4716.535	332.000
116.000	4716.538	324.000
117.000	4716.540	342.000
118.000	4716.542	326.000
119.000	4716.545	384.000
120.000	4716.547	300.000
121.000	4716.550	370.000
122.000	4716.552	356.000
123.000	4716.555	374.000
124.000	4716.557	316.000
125.000	4716.560	378.000
126.000	4716.562	340.000
127.000	4716.565	328.000
128.000	4716.568	306.000
129.000	4716.570	330.000
130.000	4716.573	388.000
131.000	4716.575	308.000
132.000	4716.578	368.000
133.000	4716.580	310.000
134.000	4716.583	316.000
135.000	4716.585	348.000
136.000	4716.587	258.000
137.000	4716.590	358.000
138.000	4716.592	328.000
139.000	4716.595	350.000
140.000	4716.597	330.000
141.000	4716.600	358.000
142.000	4716.602	348.000
143.000	4716.605	318.000
144.000	4716.608	312.000
145.000	4716.610	350.000
146.000	4716.613	364.000
147.000	4716.615	338.000
148.000	4716.618	318.000
149.000	4716.620	350.000
150.000	4716.623	294.000
151.000	4716.625	378.000
152.000	4716.627	346.000
153.000	4716.630	332.000
154.000	4716.632	368.000
155.000	4716.635	384.000
156.000	4716.637	330.000
157.000	4716.640	306.000
158.000	4716.642	328.000
159.000	4716.645	314.000
160.000	4716.648	368.000
161.000	4716.650	344.000
162.000	4716.653	328.000
163.000	4716.655	340.000
164.000	4716.658	288.000
165.000	4716.660	340.000
166.000	4716.663	294.000
167.000	4716.665	328.000
168.000	4716.667	296.000
169.000	4716.670	378.000
170.000	4716.672	346.000
171.000	4716.675	324.000
172.000	4716.677	340.000
173.000	4716.680	414.000
174.000	4716.682	352.000
175.000	4716.685	332.000
176.000	4716.687	384.000
177.000	4716.690	358.000
178.000	4716.693	334.000
179.000	4716.695	366.000
180.000	4716.698	316.000
181.000	4716.700	342.000
182.000	4716.703	364.000
183.000	4716.705	344.000
184.000	4716.708	370.000
185.000	4716.710	402.000
186.000	4716.712	284.000
187.000	4716.715	320.000
188.000	4716.717	294.000
189.000	4716.720	360.000
190.000	4716.722	306.000
191.000	4716.725	340.000
192.000	4716.727	356.000
193.000	4716.730	396.000
194.000	4716.733	398.000
195.000	4716.735	322.000
196.000	4716.738	352.000
197.000	4716.740	378.000
198.000	4716.743	404.000
199.000	4716.745	366.000
200.000	4716.748	358.000
201.000	4716.750	358.000
202.000	4716.752	308.000
203.000	4716.755	380.000
204.000	4716.757	424.000
205.000	4716.760	340.000
206.000	4716.762	370.000
207.000	4716.765	346.000
208.000	4716.767	312.000
209.000	4716.770	322.000
210.000	4716.773	340.000
211.000	4716.775	310.000
212.000	4716.778	368.000
213.000	4716.780	318.000
214.000	4716.783	376.000
215.000	4716.785	340.000
216.000	4716.788	358.000
217.000	4716.790	348.000
218.000	4716.792	372.000
219.000	4716.795	342.000
220.000	4716.797	332.000
221.000	4716.800	386.000
222.000	4716.802	384.000
223.000	4716.805	322.000
224.000	4716.807	298.000
225.000	4716.810	332.000
226.000	4716.812	362.000
227.000	4716.815	396.000
228.000	4716.818	346.000
229.000	4716.820	342.000
230.000	4716.823	370.000
231.000	4716.825	308.000
232.000	4716.828	330.000
233.000	4716.830	376.000
234.000	4716.833	396.000
235.000	4716.835	362.000
236.000	4716.837	316.000
237.000	4716.840	384.000
238.000	4716.842	342.000
239.000	4716.845	318.000
240.000	4716.847	378.000
241.000	4716.850	390.000
242.000	4716.852	390.000
243.000	4716.855	326.000
244.000	4716.858	380.000
245.000	4716.860	366.000
246.000	4716.863	418.000
247.000	4716.865	364.000
248.000	4716.868	338.000
249.000	4716.870	360.000
250.000	4716.873	376.000
251.000	4716.875	384.000
252.000	4716.877	446.000
253.000	4716.880	372.000
254.000	4716.882	432.000
255.000	4716.885	334.000
256.000	4716.887	350.000
257.000	4716.890	380.000
258.000	4716.892	364.000
259.000	4716.895	308.000
260.000	4716.898	384.000
261.000	4716.900	306.000
262.000	4716.903	366.000
263.000	4716.905	360.000
264.000	4716.908	356.000
265.000	4716.910	322.000
266.000	4716.913	400.000
267.000	4716.915	386.000
268.000	4716.917	342.000
269.000	4716.920	358.000
270.000	4716.922	346.000
271.000	4716.925	338.000
272.000	4716.927	324.000
273.000	4716.930	336.000
274.000	4716.932	364.000
275.000	4716.935	408.000
276.000	4716.937	338.000
277.000	4716.940	420.000
278.000	4716.943	372.000
279.000	4716.945	388.000
280.000	4716.948	452.000
281.000	4716.950	372.000
282.000	4716.953	372.000
283.000	4716.955	368.000
284.000	4716.958	340.000
285.000	4716.960	392.000
286.000	4716.962	438.000
287.000	4716.965	402.000
288.000	4716.967	356.000
289.000	4716.970	402.000
290.000	4716.972	404.000
291.000	4716.975	396.000
292.000	4716.977	368.000
293.000	4716.980	318.000
294.000	4716.983	368.000
295.000	4716.985	412.000
296.000	4716.988	354.000
297.000	4716.990	382.000
298.000	4716.993	354.000
299.000	4716.995	344.000
300.000	4716.998	334.000
301.000	4717.000	308.000
302.000	4717.002	406.000
303.000	4717.005	348.000
304.000	4717.007	352.000
305.000	4717.010	382.000
306.000	4717.012	328.000
307.000	4717.015	370.000
308.000	4717.017	380.000
309.000	4717.020	380.000
310.000	4717.023	304.000
311.000	4717.025	326.000
312.000	4717.028	384.000
313.000	4717.030	372.000
314.000	4717.033	428.000
315.000	4717.035	330.000
316.000	4717.038	322.000
317.000	4717.040	328.000
318.000	4717.042	378.000
319.000	4717.045	396.000
320.000	4717.047	354.000
321.000	4717.050	362.000
322.000	4717.052	382.000
323.000	4717.055	360.000
324.000	4717.057	334.000
325.000	4717.060	438.000
326.000	4717.062	372.000
327.000	4717.065	314.000
328.000	4717.068	352.000
329.000	4717.070	370.000
330.000	4717.073	330.000
331.000	4717.075	364.000
332.000	4717.078	390.000
333.000	4717.080	356.000
334.000	4717.083	342.000
335.000	4717.085	348.000
336.000	4717.087	376.000
337.000	4717.090	392.000
338.000	4717.092	342.000
339.000	4717.095	388.000
340.000	4717.097	372.000
341.000	4717.100	360.000
342.000	4717.102	302.000
343.000	4717.105	320.000
344.000	4717.108	354.000
345.000	4717.110	348.000
346.000	4717.113	366.000
347.000	4717.115	344.000
348.000	4717.118	370.000
349.000	4717.120	372.000
350.000	4717.123	304.000
351.000	4717.125	346.000
352.000	4717.127	364.000
353.000	4717.130	370.000
354.000	4717.132	332.000
355.000	4717.135	328.000
356.000	4717.137	340.000
357.000	4717.140	354.000
358.000	4717.142	338.000
359.000	4717.145	416.000
360.000	4717.148	360.000
361.000	4717.150	352.000
362.000	4717.153	346.000
363.000	4717.155	328.000
364.000	4717.158	334.000
365.000	4717.160	322.000
366.000	4717.163	362.000
367.000	4717.165	316.000
368.000	4717.167	324.000
369.000	4717.170	390.000
370.000	4717.172	310.000
371.000	4717.175	324.000
372.000	4717.177	352.000
373.000	4717.180	362.000
374.000	4717.182	322.000
375.000	4717.185	350.000
376.000	4717.187	364.000
377.000	4717.190	356.000
378.000	4717.193	320.000
379.000	4717.195	354.000
380.000	4717.198	344.000
381.000	4717.200	326.000
382.000	4717.203	338.000
383.000	4717.205	320.000
384.000	4717.208	346.000
385.000	4717.210	346.000
386.000	4717.212	354.000
387.000	4717.215	344.000
388.000	4717.217	376.000
389.000	4717.220	290.000
390.000	4717.222	332.000
391.000	4717.225	328.000
392.000	4717.227	324.000
393.000	4717.230	376.000
394.000	4717.233	370.000
395.000	4717.235	282.000
396.000	4717.238	308.000
397.000	4717.240	352.000
398.000	4717.243	336.000
399.000	4717.245	306.000
400.000	4717.248	372.000
401.000	4717.250	378.000
402.000	4717.252	366.000
403.000	4717.255	336.000
404.000	4717.257	364.000
405.000	4717.260	352.000
406.000	4717.262	368.000
407.000	4717.265	322.000
408.000	4717.267	364.000
409.000	4717.270	380.000
410.000	4717.273	408.000
411.000	4717.275	346.000
412.000	4717.278	314.000
413.000	4717.280	330.000
414.000	4717.283	294.000
415.000	4717.285	354.000
416.000	4717.288	374.000
417.000	4717.290	364.000
418.000	4717.292	348.000
419.000	4717.295	306.000
420.000	4717.297	334.000
421.000	4717.300	364.000
422.000	4717.302	346.000
423.000	4717.305	380.000
424.000	4717.307	338.000
425.000	4717.310	344.000
426.000	4717.312	322.000
427.000	4717.315	384.000
428.000	4717.318	348.000
429.000	4717.320	328.000
430.000	4717.323	360.000
431.000	4717.325	288.000
432.000	4717.328	334.000
433.000	4717.330	348.000
434.000	4717.333	316.000
435.000	4717.335	376.000
436.000	4717.337	348.000
437.000	4717.340	364.000
438.000	4717.342	310.000
439.000	4717.345	342.000
440.000	4717.347	278.000
441.000	4717.350	352.000
442.000	4717.352	336.000
443.000	4717.355	338.000
444.000	4717.358	302.000
445.000	4717.360	342.000
446.000	4717.363	330.000
447.000	4717.365	346.000
448.000	4717.368	310.000
449.000	4717.370	362.000
450.000	4717.373	378.000
451.000	4717.375	322.000
452.000	4717.377	308.000
453.000	4717.380	352.000
454.000	4717.382	324.000
455.000	4717.385	336.000
456.000	4717.387	330.000
457.000	4717.390	298.000
458.000	4717.392	382.000
459.000	4717.395	324.000
460.000	4717.398	312.000
461.000	4717.400	364.000
462.000	4717.403	306.000
463.000	4717.405	344.000
464.000	4717.408	370.000
465.000	4717.410	302.000
466.000	4717.413	414.000
467.000	4717.415	328.000
468.000	4717.417	350.000
469.000	4717.420	320.000
470.000	4717.422	306.000
471.000	4717.425	326.000
472.000	4717.427	366.000
473.000	4717.430	378.000
474.000	4717.432	362.000
475.000	4717.435	346.000
476.000	4717.437	400.000
477.000	4717.440	380.000
478.000	4717.443	332.000
479.000	4717.445	336.000
480.000	4717.448	324.000
481.000	4717.450	376.000
482.000	4717.453	330.000
483.000	4717.455	352.000
484.000	4717.458	328.000
485.000	4717.460	368.000
486.000	4717.462	338.000
487.000	4717.465	338.000
488.000	4717.467	342.000
489.000	4717.470	338.000
490.000	4717.472	368.000
491.000	4717.475	372.000
492.000	4717.477	352.000
493.000	4717.480	376.000
494.000	4717.483	340.000
495.000	4717.485	412.000
496.000	4717.488	364.000
497.000	4717.490	328.000
498.000	4717.493	366.000
499.000	4717.495	310.000
500.000	4717.498	308.000
501.000	4717.500	350.000
