1.000	4637.500	1056.000
2.000	4637.502	818.000
3.000	4637.505	674.000
4.000	4637.507	702.000
5.000	4637.510	736.000
6.000	4637.512	684.000
7.000	4637.515	700.000
8.000	4637.517	682.000
9.000	4637.520	632.000
10.000	4637.523	706.000
11.000	4637.525	636.000
12.000	4637.528	560.000
13.000	4637.530	646.000
14.000	4637.533	662.000
15.000	4637.535	692.000
16.000	4637.538	708.000
17.000	4637.540	706.000
18.000	4637.542	678.000
19.000	4637.545	726.000
20.000	4637.547	688.000
21.000	4637.550	712.000
22.000	4637.552	660.000
23.000	4637.555	614.000
24.000	4637.557	662.000
25.000	4637.560	760.000
26.000	4637.562	692.000
27.000	4637.565	710.000
28.000	4637.568	716.000
29.000	4637.570	740.000
30.000	4637.573	808.000
31.000	4637.575	776.000
32.000	4637.578	822.000
33.000	4637.580	746.000
34.000	4637.583	774.000
35.000	4637.585	814.000
36.000	4637.587	814.000
37.000	4637.590	814.000
38.000	4637.592	824.000
39.000	4637.595	810.000
40.000	4637.597	768.000
41.000	4637.600	858.000
42.000	4637.602	774.000
43.000	4637.605	838.000
44.000	4637.608	848.000
45.000	4637.610	812.000
46.000	4637.613	852.000
47.000	4637.615	906.000
48.000	4637.618	824.000
49.000	4637.620	904.000
50.000	4637.623	924.000
51.000	4637.625	936.000
52.000	4637.627	884.000
53.000	4637.630	948.000
54.000	4637.632	882.000
55.000	4637.635	866.000
56.000	4637.637	922.000
57.000	4637.640	1014.000
58.000	4637.642	1070.000
59.000	4637.645	1094.000
60.000	4637.648	1138.000
61.000	4637.650	1150.000
62.000	4637.653	1132.000
63.000	4637.655	1220.000
64.000	4637.658	1162.000
65.000	4637.660	1148.000
66.000	4637.663	1306.000
67.000	4637.665	1208.000
68.000	4637.667	1276.000
69.000	4637.670	1248.000
70.000	4637.672	1336.000
71.000	4637.675	1328.000
72.000	4637.677	1290.000
73.000	4637.680	1322.000
74.000	4637.682	1320.000
75.000	4637.685	1358.000
76.000	4637.687	1358.000
77.000	4637.690	1388.000
78.000	4637.693	1362.000
79.000	4637.695	1422.000
80.000	4637.698	1408.000
81.000	4637.700	1608.000
82.000	4637.703	1610.000
83.000	4637.705	1544.000
84.000	4637.708	1702.000
85.000	4637.710	1620.000
86.000	4637.712	1628.000
87.000	4637.715	1720.000
88.000	4637.717	1702.000
89.000	4637.720	1770.000
90.000	4637.722	1854.000
91.000	4637.725	1808.000
92.000	4637.727	1728.000
93.000	4637.730	1908.000
94.000	4637.733	1922.000
95.000	4637.735	1960.000
96.000	4637.738	1878.000
97.000	4637.740	2042.000
98.000	4637.743	2030.000
99.000	4637.745	2178.000
100.000	4637.748	2202.000
101.000	4637.750	2246.000
102.000	4637.752	2136.000
103.000	4637.755	2332.000
104.000	4637.757	2388.000
105.000	4637.760	2368.000
106.000	4637.762	2338.000
107.000	4637.765	2260.000
108.000	4637.767	2348.000
109.000	4637.770	2494.000
110.000	4637.773	2528.000
111.000	4637.775	2616.000
112.000	4637.778	2802.000
113.000	4637.780	2726.000
114.000	4637.783	2830.000
115.000	4637.785	2786.000
116.000	4637.788	2670.000
117.000	4637.790	2848.000
118.000	4637.792	2850.000
119.000	4637.795	2874.000
120.000	4637.797	3016.000
121.000	4637.800	3114.000
122.000	4637.802	3210.000
123.000	4637.805	3278.000
124.000	4637.807	3248.000
125.000	4637.810	3230.000
126.000	4637.812	3554.000
127.000	4637.815	3568.000
128.000	4637.818	3564.000
129.000	4637.820	3772.000
130.000	4637.823	3804.000
131.000	4637.825	3938.000
132.000	4637.828	4116.000
133.000	4637.830	4126.000
134.000	4637.833	4148.000
135.000	4637.835	4132.000
136.000	4637.837	4150.000
137.000	4637.840	4324.000
138.000	4637.842	4380.000
139.000	4637.845	4392.000
140.000	4637.847	4486.000
141.000	4637.850	4476.000
142.000	4637.852	4834.000
143.000	4637.855	4748.000
144.000	4637.858	4772.000
145.000	4637.860	4804.000
146.000	4637.863	5182.000
147.000	4637.865	4990.000
148.000	4637.868	5060.000
149.000	4637.870	5386.000
150.000	4637.873	5388.000
151.000	4637.875	5094.000
152.000	4637.877	5172.000
153.000	4637.880	5478.000
154.000	4637.882	5662.000
155.000	4637.885	5722.000
156.000	4637.887	5844.000
157.000	4637.890	5890.000
158.000	4637.892	5948.000
159.000	4637.895	6190.000
160.000	4637.898	5978.000
161.000	4637.900	6212.000
162.000	4637.903	6426.000
163.000	4637.905	6518.000
164.000	4637.908	6320.000
165.000	4637.910	6718.000
166.000	4637.913	6368.000
167.000	4637.915	6660.000
168.000	4637.917	6928.000
169.000	4637.920	7042.000
170.000	4637.922	7010.000
171.000	4637.925	6914.000
172.000	4637.927	7214.000
173.000	4637.930	7228.000
174.000	4637.932	7314.000
175.000	4637.935	7766.000
176.000	4637.937	7596.000
177.000	4637.940	7904.000
178.000	4637.943	7928.000
179.000	4637.945	8154.000
180.000	4637.948	8108.000
181.000	4637.950	8338.000
182.000	4637.953	8542.000
183.000	4637.955	8490.000
184.000	4637.958	8596.000
185.000	4637.960	8754.000
186.000	4637.962	8766.000
187.000	4637.965	8776.000
188.000	4637.967	8436.000
189.000	4637.970	9116.000
190.000	4637.972	9284.000
191.000	4637.975	9236.000
192.000	4637.977	9078.000
193.000	4637.980	9218.000
194.000	4637.983	9558.000
195.000	4637.985	9670.000
196.000	4637.988	9684.000
197.000	4637.990	9624.000
198.000	4637.993	9792.000
199.000	4637.995	9806.000
200.000	4637.998	10038.000
201.000	4638.000	10082.000
202.000	4638.002	9624.000
203.000	4638.005	9974.000
204.000	4638.007	10132.000
205.000	4638.010	10568.000
206.000	4638.012	10312.000
207.000	4638.015	10516.000
208.000	4638.017	10502.000
209.000	4638.020	10828.000
210.000	4638.023	10828.000
211.000	4638.025	10768.000
212.000	4638.028	10942.000
213.000	4638.030	11352.000
214.000	4638.033	11220.000
215.000	4638.035	11348.000
216.000	4638.038	11188.000
217.000	4638.040	11736.000
218.000	4638.042	11460.000
219.000	4638.045	11908.000
220.000	4638.047	11638.000
221.000	4638.050	12174.000
222.000	4638.052	12028.000
223.000	4638.055	12418.000
224.000	4638.057	12362.000
225.000	4638.060	12672.000
226.000	4638.062	12848.000
227.000	4638.065	12720.000
228.000	4638.068	12958.000
229.000	4638.070	12836.000
230.000	4638.073	13192.000
231.000	4638.075	13008.000
232.000	4638.078	13516.000
233.000	4638.080	13160.000
234.000	4638.083	13106.000
235.000	4638.085	13348.000
236.000	4638.087	13080.000
237.000	4638.090	13268.000
238.000	4638.092	13322.000
239.000	4638.095	13822.000
240.000	4638.097	13488.000
241.000	4638.100	13950.000
242.000	4638.102	14094.000
243.000	4638.105	13754.000
244.000	4638.108	13690.000
245.000	4638.110	13912.000
246.000	4638.113	14038.000
247.000	4638.115	13936.000
248.000	4638.118	14204.000
249.000	4638.120	14608.000
250.000	4638.123	14320.000
251.000	4638.125	14416.000
252.000	4638.127	14274.000
253.000	4638.130	14496.000
254.000	4638.132	14332.000
255.000	4638.135	14578.000
256.000	4638.137	14612.000
257.000	4638.140	14872.000
258.000	4638.142	14624.000
259.000	4638.145	14132.000
260.000	4638.148	14636.000
261.000	4638.150	14920.000
262.000	4638.153	15102.000
263.000	4638.155	14884.000
264.000	4638.158	14164.000
265.000	4638.160	14436.000
266.000	4638.163	14972.000
267.000	4638.165	14994.000
268.000	4638.167	15102.000
269.000	4638.170	14814.000
270.000	4638.172	14982.000
271.000	4638.175	14984.000
272.000	4638.177	15404.000
273.000	4638.180	15232.000
274.000	4638.182	15240.000
275.000	4638.185	15206.000
276.000	4638.187	14966.000
277.000	4638.190	15416.000
278.000	4638.193	15264.000
279.000	4638.195	15062.000
280.000	4638.198	14908.000
281.000	4638.200	15328.000
282.000	4638.203	15366.000
283.000	4638.205	15154.000
284.000	4638.208	15156.000
285.000	4638.210	15232.000
286.000	4638.212	14980.000
287.000	4638.215	15212.000
288.000	4638.217	15356.000
289.000	4638.220	15192.000
290.000	4638.222	15458.000
291.000	4638.225	15344.000
292.000	4638.227	14990.000
293.000	4638.230	15178.000
294.000	4638.233	14990.000
295.000	4638.235	14904.000
296.000	4638.238	15096.000
297.000	4638.240	14978.000
298.000	4638.243	15322.000
299.000	4638.245	14946.000
300.000	4638.248	14862.000
301.000	4638.250	14872.000
302.000	4638.252	14830.000
303.000	4638.255	14632.000
304.000	4638.257	14868.000
305.000	4638.260	14308.000
306.000	4638.262	14482.000
307.000	4638.265	14320.000
308.000	4638.267	14388.000
309.000	4638.270	14322.000
310.000	4638.273	14128.000
311.000	4638.275	14212.000
312.000	4638.278	13828.000
313.000	4638.280	14020.000
314.000	4638.283	13940.000
315.000	4638.285	14098.000
316.000	4638.288	14206.000
317.000	4638.290	13682.000
318.000	4638.292	13600.000
319.000	4638.295	13644.000
320.000	4638.297	13640.000
321.000	4638.300	13356.000
322.000	4638.302	13540.000
323.000	4638.305	13308.000
324.000	4638.307	13022.000
325.000	4638.310	12624.000
326.000	4638.312	12940.000
327.000	4638.315	12876.000
328.000	4638.318	12608.000
329.000	4638.320	12568.000
330.000	4638.323	12454.000
331.000	4638.325	12204.000
332.000	4638.328	12480.000
333.000	4638.330	11906.000
334.000	4638.333	11998.000
335.000	4638.335	11884.000
336.000	4638.337	11574.000
337.000	4638.340	11742.000
338.000	4638.342	11896.000
339.000	4638.345	11758.000
340.000	4638.347	11546.000
341.000	4638.350	11344.000
342.000	4638.352	11210.000
343.000	4638.355	11498.000
344.000	4638.358	11650.000
345.000	4638.360	10750.000
346.000	4638.363	10754.000
347.000	4638.365	11216.000
348.000	4638.368	10904.000
349.000	4638.370	10728.000
350.000	4638.373	10334.000
351.000	4638.375	10406.000
352.000	4638.377	10120.000
353.000	4638.380	9986.000
354.000	4638.382	10312.000
355.000	4638.385	10192.000
356.000	4638.387	9980.000
357.000	4638.390	9672.000
358.000	4638.392	9808.000
359.000	4638.395	9666.000
360.000	4638.398	9794.000
361.000	4638.400	9340.000
362.000	4638.403	9270.000
363.000	4638.405	9070.000
364.000	4638.408	9140.000
365.000	4638.410	9176.000
366.000	4638.413	8822.000
367.000	4638.415	8802.000
368.000	4638.417	8500.000
369.000	4638.420	8406.000
370.000	4638.422	8230.000
371.000	4638.425	7902.000
372.000	4638.427	7744.000
373.000	4638.430	7838.000
374.000	4638.432	7546.000
375.000	4638.435	7440.000
376.000	4638.437	7442.000
377.000	4638.440	7336.000
378.000	4638.443	7188.000
379.000	4638.445	6746.000
380.000	4638.448	6998.000
381.000	4638.450	6836.000
382.000	4638.453	6668.000
383.000	4638.455	6716.000
384.000	4638.458	6416.000
385.000	4638.460	6836.000
386.000	4638.462	6680.000
387.000	4638.465	6318.000
388.000	4638.467	6520.000
389.000	4638.470	6376.000
390.000	4638.472	6340.000
391.000	4638.475	6018.000
392.000	4638.477	5984.000
393.000	4638.480	5718.000
394.000	4638.483	5882.000
395.000	4638.485	5578.000
396.000	4638.488	5346.000
397.000	4638.490	5326.000
398.000	4638.493	5102.000
399.000	4638.495	5062.000
400.000	4638.498	4784.000
401.000	4638.500	4824.000
402.000	4638.502	4848.000
403.000	4638.505	4780.000
404.000	4638.507	4774.000
405.000	4638.510	4652.000
406.000	4638.512	4632.000
407.000	4638.515	4568.000
408.000	4638.517	4452.000
409.000	4638.520	4242.000
410.000	4638.523	4110.000
411.000	4638.525	4130.000
412.000	4638.528	4036.000
413.000	4638.530	3986.000
414.000	4638.533	3910.000
415.000	4638.535	3772.000
416.000	4638.538	4018.000
417.000	4638.540	3662.000
418.000	4638.542	3744.000
419.000	4638.545	3568.000
420.000	4638.547	3586.000
421.000	4638.550	3104.000
422.000	4638.552	2890.000
423.000	4638.555	3004.000
424.000	4638.557	3006.000
425.000	4638.560	2596.000
426.000	4638.562	2546.000
427.000	4638.565	2708.000
428.000	4638.568	2658.000
429.000	4638.570	2474.000
430.000	4638.573	2284.000
431.000	4638.575	2280.000
432.000	4638.578	2308.000
433.000	4638.580	2148.000
434.000	4638.583	2044.000
435.000	4638.585	1988.000
436.000	4638.587	2064.000
437.000	4638.590	2062.000
438.000	4638.592	1972.000
439.000	4638.595	1794.000
440.000	4638.597	1842.000
441.000	4638.600	1798.000
442.000	4638.602	1704.000
443.000	4638.605	1604.000
444.000	4638.608	1606.000
445.000	4638.610	1494.000
446.000	4638.613	1412.000
447.000	4638.615	1428.000
448.000	4638.618	1522.000
449.000	4638.620	1356.000
450.000	4638.623	1280.000
451.000	4638.625	1336.000
452.000	4638.627	1238.000
453.000	4638.630	1268.000
454.000	4638.632	1216.000
455.000	4638.635	1258.000
456.000	4638.637	1128.000
457.000	4638.640	1106.000
458.000	4638.642	1074.000
459.000	4638.645	1086.000
460.000	4638.648	1040.000
461.000	4638.650	1050.000
462.000	4638.653	942.000
463.000	4638.655	950.000
464.000	4638.658	950.000
465.000	4638.660	906.000
466.000	4638.663	846.000
467.000	4638.665	750.000
468.000	4638.667	800.000
469.000	4638.670	734.000
470.000	4638.672	804.000
471.000	4638.675	684.000
472.000	4638.677	772.000
473.000	4638.680	674.000
474.000	4638.682	718.000
475.000	4638.685	750.000
476.000	4638.687	618.000
477.000	4638.690	620.000
478.000	4638.693	604.000
479.000	4638.695	660.000
480.000	4638.698	658.000
481.000	4638.700	564.000
482.000	4638.703	586.000
483.000	4638.705	552.000
484.000	4638.708	556.000
485.000	4638.710	526.000
486.000	4638.712	548.000
487.000	4638.715	524.000
488.000	4638.717	538.000
489.000	4638.720	554.000
490.000	4638.722	524.000
491.000	4638.725	528.000
492.000	4638.727	464.000
493.000	4638.730	526.000
494.000	4638.733	492.000
495.000	4638.735	436.000
496.000	4638.738	522.000
497.000	4638.740	552.000
498.000	4638.743	492.000
499.000	4638.745	424.000
500.000	4638.748	494.000
501.000	4638.750	466.000
502.000	4638.752	492.000
503.000	4638.755	474.000
504.000	4638.757	540.000
505.000	4638.760	444.000
506.000	4638.762	496.000
507.000	4638.765	450.000
508.000	4638.767	436.000
509.000	4638.770	446.000
510.000	4638.773	448.000
511.000	4638.775	454.000
512.000	4638.778	470.000
513.000	4638.780	416.000
514.000	4638.783	436.000
515.000	4638.785	448.000
516.000	4638.788	552.000
517.000	4638.790	470.000
518.000	4638.792	466.000
519.000	4638.795	458.000
520.000	4638.797	412.000
521.000	4638.800	474.000
522.000	4638.802	444.000
523.000	4638.805	484.000
524.000	4638.807	492.000
525.000	4638.810	506.000
526.000	4638.812	446.000
527.000	4638.815	416.000
528.000	4638.818	406.000
529.000	4638.820	456.000
530.000	4638.823	376.000
531.000	4638.825	426.000
532.000	4638.828	460.000
533.000	4638.830	460.000
534.000	4638.833	444.000
535.000	4638.835	432.000
536.000	4638.837	440.000
537.000	4638.840	476.000
538.000	4638.842	452.000
539.000	4638.845	384.000
540.000	4638.847	422.000
541.000	4638.850	458.000
542.000	4638.852	438.000
543.000	4638.855	404.000
544.000	4638.858	446.000
545.000	4638.860	458.000
546.000	4638.863	432.000
547.000	4638.865	460.000
548.000	4638.868	378.000
549.000	4638.870	406.000
550.000	4638.873	412.000
551.000	4638.875	440.000
552.000	4638.877	388.000
553.000	4638.880	476.000
554.000	4638.882	414.000
555.000	4638.885	424.000
556.000	4638.887	424.000
557.000	4638.890	418.000
558.000	4638.892	442.000
559.000	4638.895	400.000
560.000	4638.898	432.000
561.000	4638.900	432.000
562.000	4638.903	376.000
563.000	4638.905	456.000
564.000	4638.908	438.000
565.000	4638.910	436.000
566.000	4638.913	422.000
567.000	4638.915	400.000
568.000	4638.917	490.000
569.000	4638.920	360.000
570.000	4638.922	462.000
571.000	4638.925	412.000
572.000	4638.927	426.000
573.000	4638.930	444.000
574.000	4638.932	412.000
575.000	4638.935	410.000
576.000	4638.937	472.000
577.000	4638.940	400.000
578.000	4638.943	442.000
579.000	4638.945	396.000
580.000	4638.948	382.000
581.000	4638.950	452.000
582.000	4638.953	416.000
583.000	4638.955	474.000
584.000	4638.958	440.000
585.000	4638.960	390.000
586.000	4638.962	412.000
587.000	4638.965	468.000
588.000	4638.967	370.000
589.000	4638.970	460.000
590.000	4638.972	434.000
591.000	4638.975	424.000
592.000	4638.977	350.000
593.000	4638.980	390.000
594.000	4638.983	454.000
595.000	4638.985	460.000
596.000	4638.988	434.000
597.000	4638.990	502.000
598.000	4638.993	466.000
599.000	4638.995	436.000
600.000	4638.998	426.000
601.000	4639.000	414.000
