1.000	4464.500	360.000
2.000	4464.502	298.000
3.000	4464.505	340.000
4.000	4464.507	324.000
5.000	4464.510	342.000
6.000	4464.512	364.000
7.000	4464.515	278.000
8.000	4464.517	354.000
9.000	4464.520	328.000
10.000	4464.523	312.000
11.000	4464.525	360.000
12.000	4464.528	288.000
13.000	4464.530	362.000
14.000	4464.533	334.000
15.000	4464.535	344.000
16.000	4464.538	356.000
17.000	4464.540	394.000
18.000	4464.542	358.000
19.000	4464.545	378.000
20.000	4464.547	382.000
21.000	4464.550	284.000
22.000	4464.552	336.000
23.000	4464.555	366.000
24.000	4464.557	316.000
25.000	4464.560	344.000
26.000	4464.562	348.000
27.000	4464.565	318.000
28.000	4464.568	304.000
29.000	4464.570	332.000
30.000	4464.573	350.000
31.000	4464.575	304.000
32.000	4464.578	326.000
33.000	4464.580	350.000
34.000	4464.583	346.000
35.000	4464.585	340.000
36.000	4464.587	328.000
37.000	4464.590	380.000
38.000	4464.592	354.000
39.000	4464.595	310.000
40.000	4464.597	318.000
41.000	4464.600	330.000
42.000	4464.602	352.000
43.000	4464.605	328.000
44.000	4464.608	344.000
45.000	4464.610	318.000
46.000	4464.613	362.000
47.000	4464.615	308.000
48.000	4464.618	320.000
49.000	4464.620	276.000
50.000	4464.623	360.000
51.000	4464.625	380.000
52.000	4464.627	292.000
53.000	4464.630	344.000
54.000	4464.632	344.000
55.000	4464.635	364.000
56.000	4464.637	322.000
57.000	4464.640	312.000
58.000	4464.642	328.000
59.000	4464.645	346.000
60.000	4464.648	282.000
61.000	4464.650	348.000
62.000	4464.653	300.000
63.000	4464.655	324.000
64.000	4464.658	368.000
65.000	4464.660	328.000
66.000	4464.663	326.000
67.000	4464.665	278.000
68.000	4464.667	338.000
69.000	4464.670	382.000
70.000	4464.672	320.000
71.000	4464.675	312.000
72.000	4464.677	350.000
73.000	4464.680	310.000
74.000	4464.682	364.000
75.000	4464.685	358.000
76.000	4464.687	348.000
77.000	4464.690	338.000
78.000	4464.693	346.000
79.000	4464.695	400.000
80.000	4464.698	348.000
81.000	4464.700	346.000
82.000	4464.703	332.000
83.000	4464.705	320.000
84.000	4464.708	348.000
85.000	4464.710	322.000
86.000	4464.712	298.000
87.000	4464.715	352.000
88.000	4464.717	316.000
89.000	4464.720	358.000
90.000	4464.722	332.000
91.000	4464.725	320.000
92.000	4464.727	338.000
93.000	4464.730	360.000
94.000	4464.733	296.000
95.000	4464.735	346.000
96.000	4464.738	320.000
97.000	4464.740	302.000
98.000	4464.743	354.000
99.000	4464.745	288.000
100.000	4464.748	390.000
101.000	4464.750	346.000
102.000	4464.752	332.000
103.000	4464.755	352.000
104.000	4464.757	346.000
105.000	4464.760	356.000
106.000	4464.762	296.000
107.000	4464.765	330.000
108.000	4464.767	388.000
109.000	4464.770	398.000
110.000	4464.773	306.000
111.000	4464.775	354.000
112.000	4464.778	378.000
113.000	4464.780	308.000
114.000	4464.783	350.000
115.000	4464.785	332.000
116.000	4464.788	296.000
117.000	4464.790	306.000
118.000	4464.792	332.000
119.000	4464.795	336.000
120.000	4464.797	292.000
121.000	4464.800	294.000
122.000	4464.802	304.000
123.000	4464.805	302.000
124.000	4464.807	290.000
125.000	4464.810	318.000
126.000	4464.812	372.000
127.000	4464.815	384.000
128.000	4464.818	354.000
129.000	4464.820	358.000
130.000	4464.823	322.000
131.000	4464.825	364.000
132.000	4464.828	326.000
133.000	4464.830	302.000
134.000	4464.833	330.000
135.000	4464.835	354.000
136.000	4464.837	362.000
137.000	4464.840	342.000
138.000	4464.842	348.000
139.000	4464.845	310.000
140.000	4464.847	370.000
141.000	4464.850	324.000
142.000	4464.852	358.000
143.000	4464.855	348.000
144.000	4464.858	322.000
145.000	4464.860	356.000
146.000	4464.863	286.000
147.000	4464.865	388.000
148.000	4464.868	314.000
149.000	4464.870	370.000
150.000	4464.873	264.000
151.000	4464.875	320.000
152.000	4464.877	320.000
153.000	4464.880	318.000
154.000	4464.882	274.000
155.000	4464.885	370.000
156.000	4464.887	360.000
157.000	4464.890	320.000
158.000	4464.892	294.000
159.000	4464.895	262.000
160.000	4464.898	380.000
161.000	4464.900	292.000
162.000	4464.903	376.000
163.000	4464.905	380.000
164.000	4464.908	332.000
165.000	4464.910	276.000
166.000	4464.913	326.000
167.000	4464.915	352.000
168.000	4464.917	298.000
169.000	4464.920	268.000
170.000	4464.922	356.000
171.000	4464.925	316.000
172.000	4464.927	316.000
173.000	4464.930	290.000
174.000	4464.932	318.000
175.000	4464.935	380.000
176.000	4464.937	290.000
177.000	4464.940	294.000
178.000	4464.943	346.000
179.000	4464.945	298.000
180.000	4464.948	358.000
181.000	4464.950	326.000
182.000	4464.953	298.000
183.000	4464.955	294.000
184.000	4464.958	350.000
185.000	4464.960	304.000
186.000	4464.962	302.000
187.000	4464.965	384.000
188.000	4464.967	302.000
189.000	4464.970	318.000
190.000	4464.972	326.000
191.000	4464.975	304.000
192.000	4464.977	330.000
193.000	4464.980	332.000
194.000	4464.983	354.000
195.000	4464.985	314.000
196.000	4464.988	278.000
197.000	4464.990	296.000
198.000	4464.993	350.000
199.000	4464.995	364.000
200.000	4464.998	308.000
201.000	4465.000	296.000
202.000	4465.002	380.000
203.000	4465.005	348.000
204.000	4465.007	322.000
205.000	4465.010	348.000
206.000	4465.012	348.000
207.000	4465.015	366.000
208.000	4465.017	338.000
209.000	4465.020	342.000
210.000	4465.023	352.000
211.000	4465.025	326.000
212.000	4465.028	390.000
213.000	4465.030	366.000
214.000	4465.033	358.000
215.000	4465.035	382.000
216.000	4465.038	320.000
217.000	4465.040	374.000
218.000	4465.042	332.000
219.000	4465.045	364.000
220.000	4465.047	332.000
221.000	4465.050	356.000
222.000	4465.052	384.000
223.000	4465.055	346.000
224.000	4465.057	306.000
225.000	4465.060	348.000
226.000	4465.062	322.000
227.000	4465.065	320.000
228.000	4465.068	386.000
229.000	4465.070	278.000
230.000	4465.073	344.000
231.000	4465.075	312.000
232.000	4465.078	338.000
233.000	4465.080	350.000
234.000	4465.083	356.000
235.000	4465.085	336.000
236.000	4465.087	336.000
237.000	4465.090	330.000
238.000	4465.092	334.000
239.000	4465.095	312.000
240.000	4465.097	292.000
241.000	4465.100	300.000
242.000	4465.102	324.000
243.000	4465.105	284.000
244.000	4465.108	344.000
245.000	4465.110	336.000
246.000	4465.113	316.000
247.000	4465.115	344.000
248.000	4465.118	354.000
249.000	4465.120	348.000
250.000	4465.123	350.000
251.000	4465.125	298.000
252.000	4465.127	342.000
253.000	4465.130	326.000
254.000	4465.132	362.000
255.000	4465.135	356.000
256.000	4465.137	342.000
257.000	4465.140	364.000
258.000	4465.142	274.000
259.000	4465.145	340.000
260.000	4465.148	340.000
261.000	4465.150	356.000
262.000	4465.153	316.000
263.000	4465.155	356.000
264.000	4465.158	384.000
265.000	4465.160	376.000
266.000	4465.163	374.000
267.000	4465.165	352.000
268.000	4465.167	360.000
269.000	4465.170	348.000
270.000	4465.172	324.000
271.000	4465.175	342.000
272.000	4465.177	300.000
273.000	4465.180	336.000
274.000	4465.182	326.000
275.000	4465.185	388.000
276.000	4465.187	324.000
277.000	4465.190	398.000
278.000	4465.193	342.000
279.000	4465.195	334.000
280.000	4465.198	298.000
281.000	4465.200	370.000
282.000	4465.203	326.000
283.000	4465.205	328.000
284.000	4465.208	320.000
285.000	4465.210	308.000
286.000	4465.212	340.000
287.000	4465.215	328.000
288.000	4465.217	338.000
289.000	4465.220	350.000
290.000	4465.222	378.000
291.000	4465.225	344.000
292.000	4465.227	348.000
293.000	4465.230	382.000
294.000	4465.233	330.000
295.000	4465.235	358.000
296.000	4465.238	358.000
297.000	4465.240	312.000
298.000	4465.243	344.000
299.000	4465.245	284.000
300.000	4465.248	346.000
301.000	4465.250	322.000
302.000	4465.252	340.000
303.000	4465.255	318.000
304.000	4465.257	354.000
305.000	4465.260	330.000
306.000	4465.262	332.000
307.000	4465.265	372.000
308.000	4465.267	300.000
309.000	4465.270	344.000
310.000	4465.273	382.000
311.000	4465.275	320.000
312.000	4465.278	320.000
313.000	4465.280	334.000
314.000	4465.283	320.000
315.000	4465.285	342.000
316.000	4465.288	348.000
317.000	4465.290	312.000
318.000	4465.292	400.000
319.000	4465.295	348.000
320.000	4465.297	306.000
321.000	4465.300	352.000
322.000	4465.302	382.000
323.000	4465.305	348.000
324.000	4465.307	322.000
325.000	4465.310	414.000
326.000	4465.312	352.000
327.000	4465.315	354.000
328.000	4465.318	282.000
329.000	4465.320	352.000
330.000	4465.323	318.000
331.000	4465.325	348.000
332.000	4465.328	314.000
333.000	4465.330	338.000
334.000	4465.333	374.000
335.000	4465.335	304.000
336.000	4465.337	258.000
337.000	4465.340	366.000
338.000	4465.342	344.000
339.000	4465.345	384.000
340.000	4465.347	294.000
341.000	4465.350	330.000
342.000	4465.352	360.000
343.000	4465.355	364.000
344.000	4465.358	380.000
345.000	4465.360	388.000
346.000	4465.363	332.000
347.000	4465.365	374.000
348.000	4465.368	414.000
349.000	4465.370	370.000
350.000	4465.373	356.000
351.000	4465.375	390.000
352.000	4465.377	412.000
353.000	4465.380	336.000
354.000	4465.382	354.000
355.000	4465.385	386.000
356.000	4465.387	374.000
357.000	4465.390	380.000
358.000	4465.392	386.000
359.000	4465.395	338.000
360.000	4465.398	320.000
361.000	4465.400	402.000
362.000	4465.403	320.000
363.000	4465.405	352.000
364.000	4465.408	302.000
365.000	4465.410	308.000
366.000	4465.413	344.000
367.000	4465.415	296.000
368.000	4465.417	354.000
369.000	4465.420	366.000
370.000	4465.422	414.000
371.000	4465.425	320.000
372.000	4465.427	342.000
373.000	4465.430	360.000
374.000	4465.432	372.000
375.000	4465.435	388.000
376.000	4465.437	338.000
377.000	4465.440	344.000
378.000	4465.443	410.000
379.000	4465.445	354.000
380.000	4465.448	338.000
381.000	4465.450	298.000
382.000	4465.453	368.000
383.000	4465.455	394.000
384.000	4465.458	346.000
385.000	4465.460	380.000
386.000	4465.462	412.000
387.000	4465.465	366.000
388.000	4465.467	336.000
389.000	4465.470	350.000
390.000	4465.472	326.000
391.000	4465.475	402.000
392.000	4465.477	388.000
393.000	4465.480	362.000
394.000	4465.483	404.000
395.000	4465.485	362.000
396.000	4465.488	398.000
397.000	4465.490	304.000
398.000	4465.493	426.000
399.000	4465.495	300.000
400.000	4465.498	344.000
401.000	4465.500	346.000
402.000	4465.502	410.000
403.000	4465.505	418.000
404.000	4465.507	390.000
405.000	4465.510	334.000
406.000	4465.512	308.000
407.000	4465.515	334.000
408.000	4465.517	382.000
409.000	4465.520	358.000
410.000	4465.523	314.000
411.000	4465.525	344.000
412.000	4465.528	388.000
413.000	4465.530	344.000
414.000	4465.533	336.000
415.000	4465.535	308.000
416.000	4465.538	356.000
417.000	4465.540	318.000
418.000	4465.542	346.000
419.000	4465.545	338.000
420.000	4465.547	292.000
421.000	4465.550	348.000
422.000	4465.552	358.000
423.000	4465.555	338.000
424.000	4465.557	348.000
425.000	4465.560	430.000
426.000	4465.562	356.000
427.000	4465.565	370.000
428.000	4465.568	350.000
429.000	4465.570	350.000
430.000	4465.573	366.000
431.000	4465.575	378.000
432.000	4465.578	336.000
433.000	4465.580	340.000
434.000	4465.583	324.000
435.000	4465.585	310.000
436.000	4465.587	328.000
437.000	4465.590	342.000
438.000	4465.592	366.000
439.000	4465.595	356.000
440.000	4465.597	312.000
441.000	4465.600	304.000
442.000	4465.602	340.000
443.000	4465.605	374.000
444.000	4465.608	328.000
445.000	4465.610	310.000
446.000	4465.613	372.000
447.000	4465.615	362.000
448.000	4465.618	316.000
449.000	4465.620	350.000
450.000	4465.623	282.000
451.000	4465.625	302.000
452.000	4465.627	356.000
453.000	4465.630	330.000
454.000	4465.632	348.000
455.000	4465.635	356.000
456.000	4465.637	330.000
457.000	4465.640	362.000
458.000	4465.642	322.000
459.000	4465.645	354.000
460.000	4465.648	358.000
461.000	4465.650	304.000
462.000	4465.653	288.000
463.000	4465.655	314.000
464.000	4465.658	396.000
465.000	4465.660	356.000
466.000	4465.663	340.000
467.000	4465.665	342.000
468.000	4465.667	320.000
469.000	4465.670	356.000
470.000	4465.672	346.000
471.000	4465.675	316.000
472.000	4465.677	312.000
473.000	4465.680	314.000
474.000	4465.682	354.000
475.000	4465.685	332.000
476.000	4465.687	330.000
477.000	4465.690	318.000
478.000	4465.693	352.000
479.000	4465.695	312.000
480.000	4465.698	322.000
481.000	4465.700	302.000
482.000	4465.703	316.000
483.000	4465.705	322.000
484.000	4465.708	388.000
485.000	4465.710	342.000
486.000	4465.712	346.000
487.000	4465.715	320.000
488.000	4465.717	324.000
489.000	4465.720	324.000
490.000	4465.722	300.000
491.000	4465.725	390.000
492.000	4465.727	364.000
493.000	4465.730	342.000
494.000	4465.733	352.000
495.000	4465.735	282.000
496.000	4465.738	362.000
497.000	4465.740	368.000
498.000	4465.743	362.000
499.000	4465.745	310.000
500.000	4465.748	336.000
501.000	4465.750	336.000
502.000	4465.752	320.000
503.000	4465.755	290.000
504.000	4465.757	350.000
505.000	4465.760	380.000
506.000	4465.762	360.000
507.000	4465.765	370.000
508.000	4465.767	330.000
509.000	4465.770	336.000
510.000	4465.773	334.000
511.000	4465.775	314.000
512.000	4465.778	320.000
513.000	4465.780	348.000
514.000	4465.783	386.000
515.000	4465.785	340.000
516.000	4465.788	354.000
517.000	4465.790	350.000
518.000	4465.792	320.000
519.000	4465.795	318.000
520.000	4465.797	372.000
521.000	4465.800	304.000
522.000	4465.802	344.000
523.000	4465.805	336.000
524.000	4465.807	340.000
525.000	4465.810	352.000
526.000	4465.812	312.000
527.000	4465.815	358.000
528.000	4465.818	368.000
529.000	4465.820	348.000
530.000	4465.823	358.000
531.000	4465.825	306.000
532.000	4465.828	402.000
533.000	4465.830	328.000
534.000	4465.833	324.000
535.000	4465.835	336.000
536.000	4465.837	294.000
537.000	4465.840	312.000
538.000	4465.842	304.000
539.000	4465.845	376.000
540.000	4465.847	356.000
541.000	4465.850	362.000
542.000	4465.852	368.000
543.000	4465.855	352.000
544.000	4465.858	324.000
545.000	4465.860	352.000
546.000	4465.863	326.000
547.000	4465.865	376.000
548.000	4465.868	368.000
549.000	4465.870	340.000
550.000	4465.873	372.000
551.000	4465.875	302.000
552.000	4465.877	334.000
553.000	4465.880	388.000
554.000	4465.882	304.000
555.000	4465.885	350.000
556.000	4465.887	334.000
557.000	4465.890	342.000
558.000	4465.892	410.000
559.000	4465.895	332.000
560.000	4465.898	362.000
561.000	4465.900	364.000
562.000	4465.903	356.000
563.000	4465.905	342.000
564.000	4465.908	350.000
565.000	4465.910	306.000
566.000	4465.913	352.000
567.000	4465.915	340.000
568.000	4465.917	334.000
569.000	4465.920	340.000
570.000	4465.922	336.000
571.000	4465.925	342.000
572.000	4465.927	390.000
573.000	4465.930	368.000
574.000	4465.932	358.000
575.000	4465.935	334.000
576.000	4465.937	400.000
577.000	4465.940	318.000
578.000	4465.943	334.000
579.000	4465.945	366.000
580.000	4465.948	358.000
581.000	4465.950	352.000
582.000	4465.953	366.000
583.000	4465.955	314.000
584.000	4465.958	362.000
585.000	4465.960	324.000
586.000	4465.962	408.000
587.000	4465.965	324.000
588.000	4465.967	394.000
589.000	4465.970	368.000
590.000	4465.972	286.000
591.000	4465.975	328.000
592.000	4465.977	326.000
593.000	4465.980	344.000
594.000	4465.983	344.000
595.000	4465.985	298.000
596.000	4465.988	378.000
597.000	4465.990	396.000
598.000	4465.993	304.000
599.000	4465.995	336.000
600.000	4465.998	358.000
601.000	4466.000	376.000
