1.000	4468.000	456.000
2.000	4468.002	430.000
3.000	4468.005	392.000
4.000	4468.007	430.000
5.000	4468.010	416.000
6.000	4468.012	362.000
7.000	4468.015	386.000
8.000	4468.017	398.000
9.000	4468.020	358.000
10.000	4468.023	434.000
11.000	4468.025	426.000
12.000	4468.028	382.000
13.000	4468.030	414.000
14.000	4468.033	366.000
15.000	4468.035	348.000
16.000	4468.038	404.000
17.000	4468.040	384.000
18.000	4468.042	358.000
19.000	4468.045	430.000
20.000	4468.047	440.000
21.000	4468.050	400.000
22.000	4468.052	508.000
23.000	4468.055	418.000
24.000	4468.057	404.000
25.000	4468.060	438.000
26.000	4468.062	386.000
27.000	4468.065	366.000
28.000	4468.068	418.000
29.000	4468.070	390.000
30.000	4468.073	412.000
31.000	4468.075	388.000
32.000	4468.078	482.000
33.000	4468.080	438.000
34.000	4468.083	430.000
35.000	4468.085	414.000
36.000	4468.087	450.000
37.000	4468.090	424.000
38.000	4468.092	406.000
39.000	4468.095	390.000
40.000	4468.097	412.000
41.000	4468.100	384.000
42.000	4468.102	370.000
43.000	4468.105	388.000
44.000	4468.108	426.000
45.000	4468.110	390.000
46.000	4468.113	428.000
47.000	4468.115	372.000
48.000	4468.118	436.000
49.000	4468.120	424.000
50.000	4468.123	506.000
51.000	4468.125	388.000
52.000	4468.127	416.000
53.000	4468.130	436.000
54.000	4468.132	440.000
55.000	4468.135	408.000
56.000	4468.137	358.000
57.000	4468.140	442.000
58.000	4468.142	420.000
59.000	4468.145	408.000
60.000	4468.148	364.000
61.000	4468.150	414.000
62.000	4468.153	378.000
63.000	4468.155	450.000
64.000	4468.158	420.000
65.000	4468.160	454.000
66.000	4468.163	402.000
67.000	4468.165	398.000
68.000	4468.167	416.000
69.000	4468.170	430.000
70.000	4468.172	462.000
71.000	4468.175	478.000
72.000	4468.177	432.000
73.000	4468.180	392.000
74.000	4468.182	390.000
75.000	4468.185	412.000
76.000	4468.187	394.000
77.000	4468.190	436.000
78.000	4468.193	438.000
79.000	4468.195	414.000
80.000	4468.198	442.000
81.000	4468.200	386.000
82.000	4468.203	400.000
83.000	4468.205	440.000
84.000	4468.208	402.000
85.000	4468.210	456.000
86.000	4468.212	396.000
87.000	4468.215	378.000
88.000	4468.217	436.000
89.000	4468.220	388.000
90.000	4468.222	356.000
91.000	4468.225	376.000
92.000	4468.227	384.000
93.000	4468.230	446.000
94.000	4468.233	414.000
95.000	4468.235	374.000
96.000	4468.238	432.000
97.000	4468.240	450.000
98.000	4468.243	460.000
99.000	4468.245	408.000
100.000	4468.248	412.000
101.000	4468.250	428.000
102.000	4468.252	374.000
103.000	4468.255	442.000
104.000	4468.257	382.000
105.000	4468.260	372.000
106.000	4468.262	428.000
107.000	4468.265	496.000
108.000	4468.267	440.000
109.000	4468.270	408.000
110.000	4468.273	444.000
111.000	4468.275	434.000
112.000	4468.278	416.000
113.000	4468.280	424.000
114.000	4468.283	470.000
115.000	4468.285	448.000
116.000	4468.288	516.000
117.000	4468.290	422.000
118.000	4468.292	418.000
119.000	4468.295	398.000
120.000	4468.297	416.000
121.000	4468.300	450.000
122.000	4468.302	448.000
123.000	4468.305	428.000
124.000	4468.307	426.000
125.000	4468.310	416.000
126.000	4468.312	450.000
127.000	4468.315	446.000
128.000	4468.318	424.000
129.000	4468.320	478.000
130.000	4468.323	554.000
131.000	4468.325	468.000
132.000	4468.328	514.000
133.000	4468.330	468.000
134.000	4468.333	470.000
135.000	4468.335	490.000
136.000	4468.337	448.000
137.000	4468.340	498.000
138.000	4468.342	552.000
139.000	4468.345	512.000
140.000	4468.347	498.000
141.000	4468.350	492.000
142.000	4468.352	534.000
143.000	4468.355	536.000
144.000	4468.358	490.000
145.000	4468.360	564.000
146.000	4468.363	572.000
147.000	4468.365	552.000
148.000	4468.368	508.000
149.000	4468.370	550.000
150.000	4468.373	542.000
151.000	4468.375	510.000
152.000	4468.377	542.000
153.000	4468.380	582.000
154.000	4468.382	500.000
155.000	4468.385	632.000
156.000	4468.387	512.000
157.000	4468.390	602.000
158.000	4468.392	606.000
159.000	4468.395	634.000
160.000	4468.398	622.000
161.000	4468.400	622.000
162.000	4468.403	676.000
163.000	4468.405	602.000
164.000	4468.408	652.000
165.000	4468.410	626.000
166.000	4468.413	718.000
167.000	4468.415	742.000
168.000	4468.417	676.000
169.000	4468.420	684.000
170.000	4468.422	704.000
171.000	4468.425	722.000
172.000	4468.427	702.000
173.000	4468.430	752.000
174.000	4468.432	696.000
175.000	4468.435	744.000
176.000	4468.437	744.000
177.000	4468.440	814.000
178.000	4468.443	782.000
179.000	4468.445	780.000
180.000	4468.448	762.000
181.000	4468.450	754.000
182.000	4468.453	776.000
183.000	4468.455	822.000
184.000	4468.458	856.000
185.000	4468.460	902.000
186.000	4468.462	914.000
187.000	4468.465	870.000
188.000	4468.467	942.000
189.000	4468.470	866.000
190.000	4468.472	916.000
191.000	4468.475	1020.000
192.000	4468.477	904.000
193.000	4468.480	920.000
194.000	4468.483	936.000
195.000	4468.485	948.000
196.000	4468.488	1028.000
197.000	4468.490	994.000
198.000	4468.493	984.000
199.000	4468.495	1056.000
200.000	4468.498	1138.000
201.000	4468.500	1056.000
202.000	4468.502	1020.000
203.000	4468.505	1168.000
204.000	4468.507	1252.000
205.000	4468.510	1212.000
206.000	4468.512	1278.000
207.000	4468.515	1224.000
208.000	4468.517	1250.000
209.000	4468.520	1306.000
210.000	4468.523	1292.000
211.000	4468.525	1202.000
212.000	4468.528	1204.000
213.000	4468.530	1320.000
214.000	4468.533	1330.000
215.000	4468.535	1392.000
216.000	4468.538	1290.000
217.000	4468.540	1444.000
218.000	4468.542	1506.000
219.000	4468.545	1500.000
220.000	4468.547	1452.000
221.000	4468.550	1466.000
222.000	4468.552	1556.000
223.000	4468.555	1542.000
224.000	4468.557	1528.000
225.000	4468.560	1524.000
226.000	4468.562	1566.000
227.000	4468.565	1490.000
228.000	4468.568	1530.000
229.000	4468.570	1640.000
230.000	4468.573	1584.000
231.000	4468.575	1640.000
232.000	4468.578	1692.000
233.000	4468.580	1694.000
234.000	4468.583	1654.000
235.000	4468.585	1720.000
236.000	4468.587	1682.000
237.000	4468.590	1860.000
238.000	4468.592	1806.000
239.000	4468.595	1818.000
240.000	4468.597	1878.000
241.000	4468.600	1942.000
242.000	4468.602	2008.000
243.000	4468.605	1940.000
244.000	4468.608	1998.000
245.000	4468.610	2026.000
246.000	4468.613	1930.000
247.000	4468.615	2022.000
248.000	4468.618	1970.000
249.000	4468.620	2010.000
250.000	4468.623	2002.000
251.000	4468.625	2180.000
252.000	4468.627	2042.000
253.000	4468.630	2316.000
254.000	4468.632	2092.000
255.000	4468.635	2302.000
256.000	4468.637	2312.000
257.000	4468.640	2278.000
258.000	4468.642	2174.000
259.000	4468.645	2256.000
260.000	4468.648	2340.000
261.000	4468.650	2336.000
262.000	4468.653	2360.000
263.000	4468.655	2282.000
264.000	4468.658	2298.000
265.000	4468.660	2264.000
266.000	4468.663	2388.000
267.000	4468.665	2386.000
268.000	4468.667	2446.000
269.000	4468.670	2428.000
270.000	4468.672	2650.000
271.000	4468.675	2532.000
272.000	4468.677	2484.000
273.000	4468.680	2510.000
274.000	4468.682	2396.000
275.000	4468.685	2628.000
276.000	4468.687	2652.000
277.000	4468.690	2534.000
278.000	4468.693	2570.000
279.000	4468.695	2594.000
280.000	4468.698	2672.000
281.000	4468.700	2620.000
282.000	4468.703	2654.000
283.000	4468.705	2704.000
284.000	4468.708	2816.000
285.000	4468.710	2746.000
286.000	4468.712	2754.000
287.000	4468.715	2840.000
288.000	4468.717	2788.000
289.000	4468.720	2888.000
290.000	4468.722	2846.000
291.000	4468.725	2746.000
292.000	4468.727	2898.000
293.000	4468.730	2950.000
294.000	4468.733	2938.000
295.000	4468.735	2878.000
296.000	4468.738	2900.000
297.000	4468.740	3018.000
298.000	4468.743	3074.000
299.000	4468.745	3156.000
300.000	4468.748	3000.000
301.000	4468.750	3144.000
302.000	4468.752	2922.000
303.000	4468.755	3118.000
304.000	4468.757	3052.000
305.000	4468.760	3042.000
306.000	4468.762	3122.000
307.000	4468.765	3160.000
308.000	4468.767	3120.000
309.000	4468.770	3274.000
310.000	4468.773	3194.000
311.000	4468.775	3184.000
312.000	4468.778	3162.000
313.000	4468.780	3030.000
314.000	4468.783	3012.000
315.000	4468.785	3146.000
316.000	4468.788	3436.000
317.000	4468.790	3100.000
318.000	4468.792	3074.000
319.000	4468.795	3178.000
320.000	4468.797	3018.000
321.000	4468.800	3162.000
322.000	4468.802	3260.000
323.000	4468.805	3400.000
324.000	4468.807	3200.000
325.000	4468.810	3262.000
326.000	4468.812	3362.000
327.000	4468.815	3072.000
328.000	4468.818	3162.000
329.000	4468.820	3206.000
330.000	4468.823	3216.000
331.000	4468.825	3136.000
332.000	4468.828	3180.000
333.000	4468.830	3236.000
334.000	4468.833	3412.000
335.000	4468.835	3382.000
336.000	4468.837	3252.000
337.000	4468.840	3144.000
338.000	4468.842	3142.000
339.000	4468.845	3160.000
340.000	4468.847	3246.000
341.000	4468.850	3266.000
342.000	4468.852	3372.000
343.000	4468.855	3252.000
344.000	4468.858	3240.000
345.000	4468.860	3240.000
346.000	4468.863	3414.000
347.000	4468.865	3348.000
348.000	4468.868	3258.000
349.000	4468.870	3162.000
350.000	4468.873	3186.000
351.000	4468.875	3108.000
352.000	4468.877	3350.000
353.000	4468.880	2960.000
354.000	4468.882	3200.000
355.000	4468.885	3136.000
356.000	4468.887	2986.000
357.000	4468.890	3120.000
358.000	4468.892	3004.000
359.000	4468.895	3230.000
360.000	4468.898	3032.000
361.000	4468.900	3154.000
362.000	4468.903	3108.000
363.000	4468.905	3090.000
364.000	4468.908	3080.000
365.000	4468.910	3090.000
366.000	4468.913	3080.000
367.000	4468.915	3052.000
368.000	4468.917	3054.000
369.000	4468.920	2956.000
370.000	4468.922	3084.000
371.000	4468.925	2912.000
372.000	4468.927	3002.000
373.000	4468.930	2950.000
374.000	4468.932	2878.000
375.000	4468.935	2870.000
376.000	4468.937	2888.000
377.000	4468.940	2836.000
378.000	4468.943	2836.000
379.000	4468.945	3010.000
380.000	4468.948	2868.000
381.000	4468.950	2836.000
382.000	4468.953	2742.000
383.000	4468.955	2988.000
384.000	4468.958	2806.000
385.000	4468.960	2616.000
386.000	4468.962	2680.000
387.000	4468.965	2730.000
388.000	4468.967	2514.000
389.000	4468.970	2488.000
390.000	4468.972	2560.000
391.000	4468.975	2488.000
392.000	4468.977	2618.000
393.000	4468.980	2632.000
394.000	4468.983	2528.000
395.000	4468.985	2484.000
396.000	4468.988	2460.000
397.000	4468.990	2464.000
398.000	4468.993	2430.000
399.000	4468.995	2488.000
400.000	4468.998	2466.000
401.000	4469.000	2392.000
402.000	4469.002	2386.000
403.000	4469.005	2350.000
404.000	4469.007	2282.000
405.000	4469.010	2438.000
406.000	4469.012	2266.000
407.000	4469.015	2320.000
408.000	4469.017	2294.000
409.000	4469.020	2354.000
410.000	4469.023	2198.000
411.000	4469.025	2250.000
412.000	4469.028	2382.000
413.000	4469.030	2132.000
414.000	4469.033	2034.000
415.000	4469.035	2172.000
416.000	4469.038	2206.000
417.000	4469.040	2144.000
418.000	4469.042	2030.000
419.000	4469.045	2094.000
420.000	4469.047	2166.000
421.000	4469.050	1956.000
422.000	4469.052	2008.000
423.000	4469.055	2098.000
424.000	4469.057	1922.000
425.000	4469.060	1888.000
426.000	4469.062	1970.000
427.000	4469.065	1912.000
428.000	4469.068	1958.000
429.000	4469.070	1890.000
430.000	4469.073	1798.000
431.000	4469.075	1692.000
432.000	4469.078	1722.000
433.000	4469.080	1664.000
434.000	4469.083	1860.000
435.000	4469.085	1850.000
436.000	4469.087	1656.000
437.000	4469.090	1618.000
438.000	4469.092	1490.000
439.000	4469.095	1528.000
440.000	4469.097	1652.000
441.000	4469.100	1578.000
442.000	4469.102	1488.000
443.000	4469.105	1520.000
444.000	4469.108	1446.000
445.000	4469.110	1548.000
446.000	4469.113	1502.000
447.000	4469.115	1456.000
448.000	4469.118	1582.000
449.000	4469.120	1408.000
450.000	4469.123	1422.000
451.000	4469.125	1308.000
452.000	4469.127	1432.000
453.000	4469.130	1296.000
454.000	4469.132	1334.000
455.000	4469.135	1374.000
456.000	4469.137	1324.000
457.000	4469.140	1274.000
458.000	4469.142	1154.000
459.000	4469.145	1210.000
460.000	4469.148	1176.000
461.000	4469.150	1266.000
462.000	4469.153	1208.000
463.000	4469.155	1140.000
464.000	4469.158	1262.000
465.000	4469.160	1132.000
466.000	4469.163	1062.000
467.000	4469.165	1072.000
468.000	4469.167	1082.000
469.000	4469.170	1030.000
470.000	4469.172	1038.000
471.000	4469.175	1174.000
472.000	4469.177	1076.000
473.000	4469.180	1052.000
474.000	4469.182	984.000
475.000	4469.185	1082.000
476.000	4469.187	982.000
477.000	4469.190	1026.000
478.000	4469.193	974.000
479.000	4469.195	958.000
480.000	4469.198	984.000
481.000	4469.200	884.000
482.000	4469.203	864.000
483.000	4469.205	856.000
484.000	4469.208	840.000
485.000	4469.210	880.000
486.000	4469.212	740.000
487.000	4469.215	760.000
488.000	4469.217	758.000
489.000	4469.220	738.000
490.000	4469.222	774.000
491.000	4469.225	750.000
492.000	4469.227	770.000
493.000	4469.230	726.000
494.000	4469.233	760.000
495.000	4469.235	794.000
496.000	4469.238	774.000
497.000	4469.240	690.000
498.000	4469.243	706.000
499.000	4469.245	750.000
500.000	4469.248	716.000
501.000	4469.250	726.000
502.000	4469.252	646.000
503.000	4469.255	670.000
504.000	4469.257	614.000
505.000	4469.260	602.000
506.000	4469.262	644.000
507.000	4469.265	632.000
508.000	4469.267	652.000
509.000	4469.270	590.000
510.000	4469.273	512.000
511.000	4469.275	478.000
512.000	4469.278	546.000
513.000	4469.280	552.000
514.000	4469.283	558.000
515.000	4469.285	516.000
516.000	4469.288	496.000
517.000	4469.290	526.000
518.000	4469.292	476.000
519.000	4469.295	490.000
520.000	4469.297	516.000
521.000	4469.300	456.000
522.000	4469.302	512.000
523.000	4469.305	478.000
524.000	4469.307	548.000
525.000	4469.310	472.000
526.000	4469.312	426.000
527.000	4469.315	428.000
528.000	4469.318	480.000
529.000	4469.320	488.000
530.000	4469.323	446.000
531.000	4469.325	494.000
532.000	4469.328	522.000
533.000	4469.330	406.000
534.000	4469.333	416.000
535.000	4469.335	448.000
536.000	4469.337	410.000
537.000	4469.340	458.000
538.000	4469.342	396.000
539.000	4469.345	466.000
540.000	4469.347	428.000
541.000	4469.350	390.000
542.000	4469.352	416.000
543.000	4469.355	440.000
544.000	4469.358	428.000
545.000	4469.360	410.000
546.000	4469.363	416.000
547.000	4469.365	396.000
548.000	4469.368	472.000
549.000	4469.370	452.000
550.000	4469.373	352.000
551.000	4469.375	410.000
552.000	4469.377	460.000
553.000	4469.380	438.000
554.000	4469.382	470.000
555.000	4469.385	370.000
556.000	4469.387	424.000
557.000	4469.390	382.000
558.000	4469.392	428.000
559.000	4469.395	470.000
560.000	4469.398	420.000
561.000	4469.400	486.000
562.000	4469.403	408.000
563.000	4469.405	434.000
564.000	4469.408	432.000
565.000	4469.410	384.000
566.000	4469.413	418.000
567.000	4469.415	362.000
568.000	4469.417	392.000
569.000	4469.420	480.000
570.000	4469.422	404.000
571.000	4469.425	420.000
572.000	4469.427	368.000
573.000	4469.430	386.000
574.000	4469.432	342.000
575.000	4469.435	412.000
576.000	4469.437	372.000
577.000	4469.440	392.000
578.000	4469.443	400.000
579.000	4469.445	358.000
580.000	4469.448	358.000
581.000	4469.450	422.000
582.000	4469.453	426.000
583.000	4469.455	312.000
584.000	4469.458	396.000
585.000	4469.460	400.000
586.000	4469.462	448.000
587.000	4469.465	372.000
588.000	4469.467	450.000
589.000	4469.470	396.000
590.000	4469.472	346.000
591.000	4469.475	392.000
592.000	4469.477	388.000
593.000	4469.480	388.000
594.000	4469.483	386.000
595.000	4469.485	380.000
596.000	4469.488	320.000
597.000	4469.490	366.000
598.000	4469.493	374.000
599.000	4469.495	398.000
600.000	4469.498	384.000
601.000	4469.500	360.000
602.000	4469.502	448.000
603.000	4469.505	398.000
604.000	4469.507	374.000
605.000	4469.510	386.000
606.000	4469.512	366.000
607.000	4469.515	386.000
608.000	4469.517	420.000
609.000	4469.520	382.000
610.000	4469.523	376.000
611.000	4469.525	372.000
612.000	4469.528	390.000
613.000	4469.530	424.000
614.000	4469.533	396.000
615.000	4469.535	374.000
616.000	4469.538	428.000
617.000	4469.540	372.000
618.000	4469.542	442.000
619.000	4469.545	390.000
620.000	4469.547	406.000
621.000	4469.550	370.000
622.000	4469.552	430.000
623.000	4469.555	374.000
624.000	4469.557	374.000
625.000	4469.560	466.000
626.000	4469.562	372.000
627.000	4469.565	434.000
628.000	4469.568	386.000
629.000	4469.570	370.000
630.000	4469.573	372.000
631.000	4469.575	418.000
632.000	4469.578	422.000
633.000	4469.580	404.000
634.000	4469.583	370.000
635.000	4469.585	436.000
636.000	4469.587	404.000
637.000	4469.590	352.000
638.000	4469.592	366.000
639.000	4469.595	408.000
640.000	4469.597	394.000
641.000	4469.600	336.000
642.000	4469.602	368.000
643.000	4469.605	382.000
644.000	4469.608	388.000
645.000	4469.610	384.000
646.000	4469.613	380.000
647.000	4469.615	426.000
648.000	4469.618	406.000
649.000	4469.620	388.000
650.000	4469.623	368.000
651.000	4469.625	380.000
652.000	4469.627	334.000
653.000	4469.630	452.000
654.000	4469.632	442.000
655.000	4469.635	402.000
656.000	4469.637	398.000
657.000	4469.640	380.000
658.000	4469.642	418.000
659.000	4469.645	458.000
660.000	4469.648	360.000
661.000	4469.650	352.000
662.000	4469.653	354.000
663.000	4469.655	408.000
664.000	4469.658	438.000
665.000	4469.660	404.000
666.000	4469.663	408.000
667.000	4469.665	388.000
668.000	4469.667	458.000
669.000	4469.670	394.000
670.000	4469.672	332.000
671.000	4469.675	376.000
672.000	4469.677	348.000
673.000	4469.680	376.000
674.000	4469.682	432.000
675.000	4469.685	352.000
676.000	4469.687	402.000
677.000	4469.690	420.000
678.000	4469.693	404.000
679.000	4469.695	376.000
680.000	4469.698	382.000
681.000	4469.700	356.000
682.000	4469.703	332.000
683.000	4469.705	372.000
684.000	4469.708	384.000
685.000	4469.710	418.000
686.000	4469.712	394.000
687.000	4469.715	362.000
688.000	4469.717	418.000
689.000	4469.720	358.000
690.000	4469.722	428.000
691.000	4469.725	416.000
692.000	4469.727	436.000
693.000	4469.730	400.000
694.000	4469.733	382.000
695.000	4469.735	328.000
696.000	4469.738	344.000
697.000	4469.740	356.000
698.000	4469.743	398.000
699.000	4469.745	378.000
700.000	4469.748	422.000
701.000	4469.750	328.000
702.000	4469.752	412.000
703.000	4469.755	396.000
704.000	4469.757	426.000
705.000	4469.760	370.000
706.000	4469.762	382.000
707.000	4469.765	434.000
708.000	4469.767	406.000
709.000	4469.770	358.000
710.000	4469.773	426.000
711.000	4469.775	362.000
712.000	4469.778	416.000
713.000	4469.780	430.000
714.000	4469.783	392.000
715.000	4469.785	402.000
716.000	4469.788	368.000
717.000	4469.790	372.000
718.000	4469.792	370.000
719.000	4469.795	398.000
720.000	4469.797	398.000
721.000	4469.800	390.000
722.000	4469.802	392.000
723.000	4469.805	380.000
724.000	4469.807	414.000
725.000	4469.810	396.000
726.000	4469.812	412.000
727.000	4469.815	400.000
728.000	4469.818	436.000
729.000	4469.820	418.000
730.000	4469.823	440.000
731.000	4469.825	400.000
732.000	4469.828	400.000
733.000	4469.830	420.000
734.000	4469.833	426.000
735.000	4469.835	424.000
736.000	4469.837	380.000
737.000	4469.840	388.000
738.000	4469.842	386.000
739.000	4469.845	374.000
740.000	4469.847	404.000
741.000	4469.850	422.000
742.000	4469.852	360.000
743.000	4469.855	364.000
744.000	4469.858	392.000
745.000	4469.860	446.000
746.000	4469.863	402.000
747.000	4469.865	346.000
748.000	4469.868	386.000
749.000	4469.870	410.000
750.000	4469.873	400.000
751.000	4469.875	358.000
752.000	4469.877	340.000
753.000	4469.880	376.000
754.000	4469.882	446.000
755.000	4469.885	394.000
756.000	4469.887	374.000
757.000	4469.890	396.000
758.000	4469.892	332.000
759.000	4469.895	348.000
760.000	4469.898	360.000
761.000	4469.900	404.000
762.000	4469.903	416.000
763.000	4469.905	388.000
764.000	4469.908	344.000
765.000	4469.910	438.000
766.000	4469.913	394.000
767.000	4469.915	398.000
768.000	4469.917	354.000
769.000	4469.920	378.000
770.000	4469.922	424.000
771.000	4469.925	398.000
772.000	4469.927	456.000
773.000	4469.930	420.000
774.000	4469.932	390.000
775.000	4469.935	364.000
776.000	4469.937	418.000
777.000	4469.940	358.000
778.000	4469.943	406.000
779.000	4469.945	348.000
780.000	4469.948	446.000
781.000	4469.950	418.000
782.000	4469.953	438.000
783.000	4469.955	400.000
784.000	4469.958	394.000
785.000	4469.960	408.000
786.000	4469.962	402.000
787.000	4469.965	424.000
788.000	4469.967	362.000
789.000	4469.970	330.000
790.000	4469.972	348.000
791.000	4469.975	382.000
792.000	4469.977	300.000
793.000	4469.980	398.000
794.000	4469.983	316.000
795.000	4469.985	374.000
796.000	4469.988	410.000
797.000	4469.990	350.000
798.000	4469.993	414.000
799.000	4469.995	344.000
800.000	4469.998	424.000
801.000	4470.000	344.000
