1.000	4464.500	386.000
2.000	4464.502	360.000
3.000	4464.505	366.000
4.000	4464.507	368.000
5.000	4464.510	394.000
6.000	4464.512	392.000
7.000	4464.515	414.000
8.000	4464.517	350.000
9.000	4464.520	406.000
10.000	4464.523	374.000
11.000	4464.525	448.000
12.000	4464.528	360.000
13.000	4464.530	364.000
14.000	4464.533	398.000
15.000	4464.535	402.000
16.000	4464.538	388.000
17.000	4464.540	374.000
18.000	4464.542	368.000
19.000	4464.545	388.000
20.000	4464.547	354.000
21.000	4464.550	410.000
22.000	4464.552	376.000
23.000	4464.555	390.000
24.000	4464.557	368.000
25.000	4464.560	422.000
26.000	4464.562	404.000
27.000	4464.565	422.000
28.000	4464.568	424.000
29.000	4464.570	356.000
30.000	4464.573	420.000
31.000	4464.575	316.000
32.000	4464.578	408.000
33.000	4464.580	394.000
34.000	4464.583	402.000
35.000	4464.585	346.000
36.000	4464.587	412.000
37.000	4464.590	406.000
38.000	4464.592	368.000
39.000	4464.595	442.000
40.000	4464.597	354.000
41.000	4464.600	392.000
42.000	4464.602	398.000
43.000	4464.605	372.000
44.000	4464.608	422.000
45.000	4464.610	420.000
46.000	4464.613	420.000
47.000	4464.615	452.000
48.000	4464.618	348.000
49.000	4464.620	374.000
50.000	4464.623	400.000
51.000	4464.625	406.000
52.000	4464.627	410.000
53.000	4464.630	464.000
54.000	4464.632	418.000
55.000	4464.635	372.000
56.000	4464.637	388.000
57.000	4464.640	412.000
58.000	4464.642	404.000
59.000	4464.645	452.000
60.000	4464.648	422.000
61.000	4464.650	388.000
62.000	4464.653	402.000
63.000	4464.655	436.000
64.000	4464.658	456.000
65.000	4464.660	424.000
66.000	4464.663	376.000
67.000	4464.665	420.000
68.000	4464.667	374.000
69.000	4464.670	404.000
70.000	4464.672	368.000
71.000	4464.675	382.000
72.000	4464.677	412.000
73.000	4464.680	402.000
74.000	4464.682	444.000
75.000	4464.685	362.000
76.000	4464.687	372.000
77.000	4464.690	386.000
78.000	4464.693	394.000
79.000	4464.695	298.000
80.000	4464.698	402.000
81.000	4464.700	476.000
82.000	4464.703	414.000
83.000	4464.705	438.000
84.000	4464.708	430.000
85.000	4464.710	438.000
86.000	4464.712	392.000
87.000	4464.715	420.000
88.000	4464.717	364.000
89.000	4464.720	452.000
90.000	4464.722	404.000
91.000	4464.725	424.000
92.000	4464.727	392.000
93.000	4464.730	420.000
94.000	4464.733	416.000
95.000	4464.735	360.000
96.000	4464.738	430.000
97.000	4464.740	420.000
98.000	4464.743	384.000
99.000	4464.745	350.000
100.000	4464.748	364.000
101.000	4464.750	424.000
102.000	4464.752	404.000
103.000	4464.755	414.000
104.000	4464.757	340.000
105.000	4464.760	476.000
106.000	4464.762	452.000
107.000	4464.765	380.000
108.000	4464.767	366.000
109.000	4464.770	492.000
110.000	4464.773	414.000
111.000	4464.775	326.000
112.000	4464.778	396.000
113.000	4464.780	416.000
114.000	4464.783	404.000
115.000	4464.785	470.000
116.000	4464.788	330.000
117.000	4464.790	444.000
118.000	4464.792	442.000
119.000	4464.795	392.000
120.000	4464.797	392.000
121.000	4464.800	390.000
122.000	4464.802	374.000
123.000	4464.805	368.000
124.000	4464.807	394.000
125.000	4464.810	416.000
126.000	4464.812	448.000
127.000	4464.815	422.000
128.000	4464.818	456.000
129.000	4464.820	426.000
130.000	4464.823	366.000
131.000	4464.825	442.000
132.000	4464.828	410.000
133.000	4464.830	434.000
134.000	4464.833	394.000
135.000	4464.835	462.000
136.000	4464.837	444.000
137.000	4464.840	416.000
138.000	4464.842	338.000
139.000	4464.845	448.000
140.000	4464.847	388.000
141.000	4464.850	430.000
142.000	4464.852	398.000
143.000	4464.855	374.000
144.000	4464.858	416.000
145.000	4464.860	438.000
146.000	4464.863	408.000
147.000	4464.865	442.000
148.000	4464.868	422.000
149.000	4464.870	416.000
150.000	4464.873	408.000
151.000	4464.875	496.000
152.000	4464.877	448.000
153.000	4464.880	434.000
154.000	4464.882	368.000
155.000	4464.885	374.000
156.000	4464.887	380.000
157.000	4464.890	438.000
158.000	4464.892	426.000
159.000	4464.895	424.000
160.000	4464.898	446.000
161.000	4464.900	400.000
162.000	4464.903	410.000
163.000	4464.905	398.000
164.000	4464.908	400.000
165.000	4464.910	406.000
166.000	4464.913	468.000
167.000	4464.915	498.000
168.000	4464.917	432.000
169.000	4464.920	484.000
170.000	4464.922	504.000
171.000	4464.925	426.000
172.000	4464.927	434.000
173.000	4464.930	420.000
174.000	4464.932	434.000
175.000	4464.935	394.000
176.000	4464.937	416.000
177.000	4464.940	446.000
178.000	4464.943	568.000
179.000	4464.945	518.000
180.000	4464.948	490.000
181.000	4464.950	572.000
182.000	4464.953	484.000
183.000	4464.955	454.000
184.000	4464.958	498.000
185.000	4464.960	460.000
186.000	4464.962	488.000
187.000	4464.965	440.000
188.000	4464.967	482.000
189.000	4464.970	470.000
190.000	4464.972	594.000
191.000	4464.975	562.000
192.000	4464.977	528.000
193.000	4464.980	514.000
194.000	4464.983	536.000
195.000	4464.985	544.000
196.000	4464.988	494.000
197.000	4464.990	516.000
198.000	4464.993	532.000
199.000	4464.995	494.000
200.000	4464.998	478.000
201.000	4465.000	578.000
202.000	4465.002	550.000
203.000	4465.005	532.000
204.000	4465.007	550.000
205.000	4465.010	604.000
206.000	4465.012	546.000
207.000	4465.015	600.000
208.000	4465.017	524.000
209.000	4465.020	524.000
210.000	4465.023	508.000
211.000	4465.025	538.000
212.000	4465.028	498.000
213.000	4465.030	588.000
214.000	4465.033	556.000
215.000	4465.035	578.000
216.000	4465.038	660.000
217.000	4465.040	584.000
218.000	4465.042	590.000
219.000	4465.045	580.000
220.000	4465.047	616.000
221.000	4465.050	662.000
222.000	4465.052	676.000
223.000	4465.055	654.000
224.000	4465.057	610.000
225.000	4465.060	698.000
226.000	4465.062	698.000
227.000	4465.065	610.000
228.000	4465.068	688.000
229.000	4465.070	700.000
230.000	4465.073	684.000
231.000	4465.075	690.000
232.000	4465.078	738.000
233.000	4465.080	726.000
234.000	4465.083	712.000
235.000	4465.085	666.000
236.000	4465.087	718.000
237.000	4465.090	764.000
238.000	4465.092	820.000
239.000	4465.095	794.000
240.000	4465.097	774.000
241.000	4465.100	762.000
242.000	4465.102	896.000
243.000	4465.105	782.000
244.000	4465.108	842.000
245.000	4465.110	832.000
246.000	4465.113	892.000
247.000	4465.115	844.000
248.000	4465.118	908.000
249.000	4465.120	928.000
250.000	4465.123	896.000
251.000	4465.125	868.000
252.000	4465.127	900.000
253.000	4465.130	916.000
254.000	4465.132	872.000
255.000	4465.135	930.000
256.000	4465.137	884.000
257.000	4465.140	906.000
258.000	4465.142	968.000
259.000	4465.145	942.000
260.000	4465.148	918.000
261.000	4465.150	968.000
262.000	4465.153	978.000
263.000	4465.155	928.000
264.000	4465.158	996.000
265.000	4465.160	1042.000
266.000	4465.163	1048.000
267.000	4465.165	1034.000
268.000	4465.167	1046.000
269.000	4465.170	1084.000
270.000	4465.172	1060.000
271.000	4465.175	1084.000
272.000	4465.177	1096.000
273.000	4465.180	1066.000
274.000	4465.182	1150.000
275.000	4465.185	1070.000
276.000	4465.187	1096.000
277.000	4465.190	1184.000
278.000	4465.193	1026.000
279.000	4465.195	1220.000
280.000	4465.198	1150.000
281.000	4465.200	1166.000
282.000	4465.203	1252.000
283.000	4465.205	1212.000
284.000	4465.208	1274.000
285.000	4465.210	1184.000
286.000	4465.212	1078.000
287.000	4465.215	1274.000
288.000	4465.217	1190.000
289.000	4465.220	1098.000
290.000	4465.222	1272.000
291.000	4465.225	1212.000
292.000	4465.227	1252.000
293.000	4465.230	1404.000
294.000	4465.233	1312.000
295.000	4465.235	1300.000
296.000	4465.238	1336.000
297.000	4465.240	1388.000
298.000	4465.243	1328.000
299.000	4465.245	1364.000
300.000	4465.248	1314.000
301.000	4465.250	1342.000
302.000	4465.252	1376.000
303.000	4465.255	1340.000
304.000	4465.257	1356.000
305.000	4465.260	1384.000
306.000	4465.262	1378.000
307.000	4465.265	1416.000
308.000	4465.267	1256.000
309.000	4465.270	1398.000
310.000	4465.273	1334.000
311.000	4465.275	1354.000
312.000	4465.278	1444.000
313.000	4465.280	1528.000
314.000	4465.283	1440.000
315.000	4465.285	1504.000
316.000	4465.288	1388.000
317.000	4465.290	1500.000
318.000	4465.292	1518.000
319.000	4465.295	1586.000
320.000	4465.297	1640.000
321.000	4465.300	1686.000
322.000	4465.302	1540.000
323.000	4465.305	1650.000
324.000	4465.307	1580.000
325.000	4465.310	1610.000
326.000	4465.312	1556.000
327.000	4465.315	1588.000
328.000	4465.318	1684.000
329.000	4465.320	1618.000
330.000	4465.323	1742.000
331.000	4465.325	1628.000
332.000	4465.328	1600.000
333.000	4465.330	1664.000
334.000	4465.333	1652.000
335.000	4465.335	1578.000
336.000	4465.337	1670.000
337.000	4465.340	1570.000
338.000	4465.342	1706.000
339.000	4465.345	1640.000
340.000	4465.347	1640.000
341.000	4465.350	1672.000
342.000	4465.352	1566.000
343.000	4465.355	1736.000
344.000	4465.358	1618.000
345.000	4465.360	1784.000
346.000	4465.363	1714.000
347.000	4465.365	1680.000
348.000	4465.368	1776.000
349.000	4465.370	1754.000
350.000	4465.373	1716.000
351.000	4465.375	1776.000
352.000	4465.377	1802.000
353.000	4465.380	1806.000
354.000	4465.382	1798.000
355.000	4465.385	1826.000
356.000	4465.387	1808.000
357.000	4465.390	1810.000
358.000	4465.392	1680.000
359.000	4465.395	1820.000
360.000	4465.398	1708.000
361.000	4465.400	1666.000
362.000	4465.403	1778.000
363.000	4465.405	1828.000
364.000	4465.408	1742.000
365.000	4465.410	1730.000
366.000	4465.413	1884.000
367.000	4465.415	1872.000
368.000	4465.417	1840.000
369.000	4465.420	1804.000
370.000	4465.422	1784.000
371.000	4465.425	1884.000
372.000	4465.427	1846.000
373.000	4465.430	1798.000
374.000	4465.432	1762.000
375.000	4465.435	1646.000
376.000	4465.437	1788.000
377.000	4465.440	1760.000
378.000	4465.443	1912.000
379.000	4465.445	1838.000
380.000	4465.448	1828.000
381.000	4465.450	1820.000
382.000	4465.453	1772.000
383.000	4465.455	1946.000
384.000	4465.458	1808.000
385.000	4465.460	1820.000
386.000	4465.462	1850.000
387.000	4465.465	1886.000
388.000	4465.467	1766.000
389.000	4465.470	1846.000
390.000	4465.472	1884.000
391.000	4465.475	1816.000
392.000	4465.477	1784.000
393.000	4465.480	1832.000
394.000	4465.483	1850.000
395.000	4465.485	1820.000
396.000	4465.488	1754.000
397.000	4465.490	1806.000
398.000	4465.493	1782.000
399.000	4465.495	1800.000
400.000	4465.498	1714.000
401.000	4465.500	1764.000
402.000	4465.502	1870.000
403.000	4465.505	1788.000
404.000	4465.507	1742.000
405.000	4465.510	1754.000
406.000	4465.512	1740.000
407.000	4465.515	1712.000
408.000	4465.517	1806.000
409.000	4465.520	1784.000
410.000	4465.523	1742.000
411.000	4465.525	1614.000
412.000	4465.528	1600.000
413.000	4465.530	1690.000
414.000	4465.533	1616.000
415.000	4465.535	1688.000
416.000	4465.538	1732.000
417.000	4465.540	1642.000
418.000	4465.542	1670.000
419.000	4465.545	1582.000
420.000	4465.547	1552.000
421.000	4465.550	1604.000
422.000	4465.552	1528.000
423.000	4465.555	1580.000
424.000	4465.557	1568.000
425.000	4465.560	1582.000
426.000	4465.562	1604.000
427.000	4465.565	1570.000
428.000	4465.568	1610.000
429.000	4465.570	1492.000
430.000	4465.573	1460.000
431.000	4465.575	1518.000
432.000	4465.578	1552.000
433.000	4465.580	1516.000
434.000	4465.583	1640.000
435.000	4465.585	1560.000
436.000	4465.587	1520.000
437.000	4465.590	1506.000
438.000	4465.592	1450.000
439.000	4465.595	1384.000
440.000	4465.597	1488.000
441.000	4465.600	1404.000
442.000	4465.602	1550.000
443.000	4465.605	1454.000
444.000	4465.608	1386.000
445.000	4465.610	1440.000
446.000	4465.613	1372.000
447.000	4465.615	1434.000
448.000	4465.618	1424.000
449.000	4465.620	1312.000
450.000	4465.623	1416.000
451.000	4465.625	1306.000
452.000	4465.627	1426.000
453.000	4465.630	1372.000
454.000	4465.632	1330.000
455.000	4465.635	1374.000
456.000	4465.637	1314.000
457.000	4465.640	1278.000
458.000	4465.642	1320.000
459.000	4465.645	1202.000
460.000	4465.648	1284.000
461.000	4465.650	1248.000
462.000	4465.653	1222.000
463.000	4465.655	1256.000
464.000	4465.658	1114.000
465.000	4465.660	1264.000
466.000	4465.663	1154.000
467.000	4465.665	1172.000
468.000	4465.667	1098.000
469.000	4465.670	1088.000
470.000	4465.672	1126.000
471.000	4465.675	1232.000
472.000	4465.677	1150.000
473.000	4465.680	1110.000
474.000	4465.682	1132.000
475.000	4465.685	1072.000
476.000	4465.687	1046.000
477.000	4465.690	1088.000
478.000	4465.693	1054.000
479.000	4465.695	980.000
480.000	4465.698	980.000
481.000	4465.700	1048.000
482.000	4465.703	1022.000
483.000	4465.705	954.000
484.000	4465.708	1068.000
485.000	4465.710	972.000
486.000	4465.712	1102.000
487.000	4465.715	996.000
488.000	4465.717	1090.000
489.000	4465.720	1002.000
490.000	4465.722	974.000
491.000	4465.725	932.000
492.000	4465.727	950.000
493.000	4465.730	952.000
494.000	4465.733	870.000
495.000	4465.735	944.000
496.000	4465.738	842.000
497.000	4465.740	798.000
498.000	4465.743	762.000
499.000	4465.745	882.000
500.000	4465.748	812.000
501.000	4465.750	876.000
502.000	4465.752	888.000
503.000	4465.755	798.000
504.000	4465.757	868.000
505.000	4465.760	784.000
506.000	4465.762	818.000
507.000	4465.765	796.000
508.000	4465.767	808.000
509.000	4465.770	820.000
510.000	4465.773	744.000
511.000	4465.775	794.000
512.000	4465.778	758.000
513.000	4465.780	808.000
514.000	4465.783	754.000
515.000	4465.785	748.000
516.000	4465.788	720.000
517.000	4465.790	816.000
518.000	4465.792	710.000
519.000	4465.795	658.000
520.000	4465.797	682.000
521.000	4465.800	784.000
522.000	4465.802	730.000
523.000	4465.805	768.000
524.000	4465.807	676.000
525.000	4465.810	644.000
526.000	4465.812	598.000
527.000	4465.815	618.000
528.000	4465.818	658.000
529.000	4465.820	574.000
530.000	4465.823	598.000
531.000	4465.825	580.000
532.000	4465.828	640.000
533.000	4465.830	622.000
534.000	4465.833	590.000
535.000	4465.835	678.000
536.000	4465.837	550.000
537.000	4465.840	592.000
538.000	4465.842	590.000
539.000	4465.845	588.000
540.000	4465.847	576.000
541.000	4465.850	580.000
542.000	4465.852	518.000
543.000	4465.855	542.000
544.000	4465.858	584.000
545.000	4465.860	542.000
546.000	4465.863	538.000
547.000	4465.865	462.000
548.000	4465.868	520.000
549.000	4465.870	490.000
550.000	4465.873	488.000
551.000	4465.875	488.000
552.000	4465.877	448.000
553.000	4465.880	472.000
554.000	4465.882	502.000
555.000	4465.885	492.000
556.000	4465.887	452.000
557.000	4465.890	476.000
558.000	4465.892	462.000
559.000	4465.895	422.000
560.000	4465.898	534.000
561.000	4465.900	470.000
562.000	4465.903	394.000
563.000	4465.905	476.000
564.000	4465.908	418.000
565.000	4465.910	454.000
566.000	4465.913	458.000
567.000	4465.915	438.000
568.000	4465.917	440.000
569.000	4465.920	458.000
570.000	4465.922	472.000
571.000	4465.925	396.000
572.000	4465.927	426.000
573.000	4465.930	408.000
574.000	4465.932	412.000
575.000	4465.935	456.000
576.000	4465.937	396.000
577.000	4465.940	452.000
578.000	4465.943	388.000
579.000	4465.945	366.000
580.000	4465.948	382.000
581.000	4465.950	420.000
582.000	4465.953	374.000
583.000	4465.955	362.000
584.000	4465.958	444.000
585.000	4465.960	376.000
586.000	4465.962	406.000
587.000	4465.965	366.000
588.000	4465.967	392.000
589.000	4465.970	384.000
590.000	4465.972	412.000
591.000	4465.975	392.000
592.000	4465.977	424.000
593.000	4465.980	434.000
594.000	4465.983	416.000
595.000	4465.985	382.000
596.000	4465.988	398.000
597.000	4465.990	392.000
598.000	4465.993	424.000
599.000	4465.995	396.000
600.000	4465.998	384.000
601.000	4466.000	410.000
