1.000	6114.800	406.000
2.000	6114.802	320.000
3.000	6114.805	344.000
4.000	6114.807	310.000
5.000	6114.810	370.000
6.000	6114.812	342.000
7.000	6114.815	308.000
8.000	6114.818	304.000
9.000	6114.820	386.000
10.000	6114.823	402.000
11.000	6114.825	328.000
12.000	6114.828	368.000
13.000	6114.830	380.000
14.000	6114.833	398.000
15.000	6114.835	350.000
16.000	6114.838	404.000
17.000	6114.840	324.000
18.000	6114.842	380.000
19.000	6114.845	406.000
20.000	6114.847	356.000
21.000	6114.850	362.000
22.000	6114.852	332.000
23.000	6114.855	406.000
24.000	6114.858	348.000
25.000	6114.860	342.000
26.000	6114.863	324.000
27.000	6114.865	366.000
28.000	6114.868	372.000
29.000	6114.870	336.000
30.000	6114.873	366.000
31.000	6114.875	358.000
32.000	6114.878	326.000
33.000	6114.880	370.000
34.000	6114.883	362.000
35.000	6114.885	360.000
36.000	6114.887	368.000
37.000	6114.890	342.000
38.000	6114.892	370.000
39.000	6114.895	322.000
40.000	6114.898	370.000
41.000	6114.900	374.000
42.000	6114.903	368.000
43.000	6114.905	382.000
44.000	6114.908	336.000
45.000	6114.910	338.000
46.000	6114.913	376.000
47.000	6114.915	402.000
48.000	6114.918	366.000
49.000	6114.920	376.000
50.000	6114.923	336.000
51.000	6114.925	366.000
52.000	6114.927	302.000
53.000	6114.930	372.000
54.000	6114.932	360.000
55.000	6114.935	450.000
56.000	6114.937	396.000
57.000	6114.940	362.000
58.000	6114.943	368.000
59.000	6114.945	360.000
60.000	6114.948	366.000
61.000	6114.950	358.000
62.000	6114.953	342.000
63.000	6114.955	370.000
64.000	6114.958	364.000
65.000	6114.960	360.000
66.000	6114.963	322.000
67.000	6114.965	328.000
68.000	6114.967	366.000
69.000	6114.970	396.000
70.000	6114.972	434.000
71.000	6114.975	328.000
72.000	6114.977	348.000
73.000	6114.980	390.000
74.000	6114.983	384.000
75.000	6114.985	344.000
76.000	6114.988	408.000
77.000	6114.990	372.000
78.000	6114.993	392.000
79.000	6114.995	354.000
80.000	6114.998	386.000
81.000	6115.000	428.000
82.000	6115.003	346.000
83.000	6115.005	370.000
84.000	6115.008	386.000
85.000	6115.010	350.000
86.000	6115.012	372.000
87.000	6115.015	388.000
88.000	6115.017	366.000
89.000	6115.020	430.000
90.000	6115.023	362.000
91.000	6115.025	350.000
92.000	6115.028	394.000
93.000	6115.030	370.000
94.000	6115.033	418.000
95.000	6115.035	334.000
96.000	6115.038	324.000
97.000	6115.040	356.000
98.000	6115.043	370.000
99.000	6115.045	340.000
100.000	6115.048	328.000
101.000	6115.050	360.000
102.000	6115.052	368.000
103.000	6115.055	384.000
104.000	6115.057	354.000
105.000	6115.060	422.000
106.000	6115.062	348.000
107.000	6115.065	356.000
108.000	6115.068	424.000
109.000	6115.070	320.000
110.000	6115.073	356.000
111.000	6115.075	350.000
112.000	6115.078	352.000
113.000	6115.080	338.000
114.000	6115.083	354.000
115.000	6115.085	356.000
116.000	6115.088	438.000
117.000	6115.090	326.000
118.000	6115.092	350.000
119.000	6115.095	386.000
120.000	6115.097	378.000
121.000	6115.100	352.000
122.000	6115.102	364.000
123.000	6115.105	360.000
124.000	6115.108	386.000
125.000	6115.110	354.000
126.000	6115.113	344.000
127.000	6115.115	306.000
128.000	6115.118	412.000
129.000	6115.120	354.000
130.000	6115.123	350.000
131.000	6115.125	356.000
132.000	6115.128	396.000
133.000	6115.130	444.000
134.000	6115.133	370.000
135.000	6115.135	398.000
136.000	6115.137	330.000
137.000	6115.140	332.000
138.000	6115.142	420.000
139.000	6115.145	392.000
140.000	6115.148	382.000
141.000	6115.150	346.000
142.000	6115.153	392.000
143.000	6115.155	352.000
144.000	6115.158	346.000
145.000	6115.160	372.000
146.000	6115.163	406.000
147.000	6115.165	396.000
148.000	6115.168	384.000
149.000	6115.170	446.000
150.000	6115.173	400.000
151.000	6115.175	430.000
152.000	6115.177	418.000
153.000	6115.180	404.000
154.000	6115.182	402.000
155.000	6115.185	368.000
156.000	6115.187	380.000
157.000	6115.190	420.000
158.000	6115.193	416.000
159.000	6115.195	434.000
160.000	6115.198	396.000
161.000	6115.200	388.000
162.000	6115.203	324.000
163.000	6115.205	452.000
164.000	6115.208	414.000
165.000	6115.210	420.000
166.000	6115.213	398.000
167.000	6115.215	428.000
168.000	6115.217	354.000
169.000	6115.220	476.000
170.000	6115.222	390.000
171.000	6115.225	358.000
172.000	6115.227	402.000
173.000	6115.230	376.000
174.000	6115.233	384.000
175.000	6115.235	474.000
176.000	6115.238	402.000
177.000	6115.240	408.000
178.000	6115.243	446.000
179.000	6115.245	420.000
180.000	6115.248	474.000
181.000	6115.250	414.000
182.000	6115.253	456.000
183.000	6115.255	494.000
184.000	6115.258	438.000
185.000	6115.260	428.000
186.000	6115.262	396.000
187.000	6115.265	404.000
188.000	6115.267	456.000
189.000	6115.270	504.000
190.000	6115.273	464.000
191.000	6115.275	496.000
192.000	6115.278	404.000
193.000	6115.280	472.000
194.000	6115.283	454.000
195.000	6115.285	496.000
196.000	6115.288	502.000
197.000	6115.290	500.000
198.000	6115.293	446.000
199.000	6115.295	480.000
200.000	6115.298	460.000
201.000	6115.300	502.000
202.000	6115.302	474.000
203.000	6115.305	574.000
204.000	6115.307	492.000
205.000	6115.310	572.000
206.000	6115.312	518.000
207.000	6115.315	464.000
208.000	6115.318	478.000
209.000	6115.320	494.000
210.000	6115.323	558.000
211.000	6115.325	496.000
212.000	6115.328	546.000
213.000	6115.330	530.000
214.000	6115.333	558.000
215.000	6115.335	582.000
216.000	6115.338	540.000
217.000	6115.340	640.000
218.000	6115.342	692.000
219.000	6115.345	624.000
220.000	6115.347	594.000
221.000	6115.350	640.000
222.000	6115.352	588.000
223.000	6115.355	696.000
224.000	6115.358	642.000
225.000	6115.360	654.000
226.000	6115.363	750.000
227.000	6115.365	742.000
228.000	6115.368	758.000
229.000	6115.370	834.000
230.000	6115.373	954.000
231.000	6115.375	844.000
232.000	6115.378	894.000
233.000	6115.380	958.000
234.000	6115.383	960.000
235.000	6115.385	1078.000
236.000	6115.387	1006.000
237.000	6115.390	1052.000
238.000	6115.392	1182.000
239.000	6115.395	1268.000
240.000	6115.398	1228.000
241.000	6115.400	1594.000
242.000	6115.403	1562.000
243.000	6115.405	1502.000
244.000	6115.408	1592.000
245.000	6115.410	1702.000
246.000	6115.413	1762.000
247.000	6115.415	1792.000
248.000	6115.418	1868.000
249.000	6115.420	1846.000
250.000	6115.423	2028.000
251.000	6115.425	2090.000
252.000	6115.427	2148.000
253.000	6115.430	2568.000
254.000	6115.432	2554.000
255.000	6115.435	2646.000
256.000	6115.437	2634.000
257.000	6115.440	2948.000
258.000	6115.443	2928.000
259.000	6115.445	2930.000
260.000	6115.448	2934.000
261.000	6115.450	3372.000
262.000	6115.453	3294.000
263.000	6115.455	3642.000
264.000	6115.458	3914.000
265.000	6115.460	3802.000
266.000	6115.463	3922.000
267.000	6115.465	3964.000
268.000	6115.467	4302.000
269.000	6115.470	4248.000
270.000	6115.472	4462.000
271.000	6115.475	4712.000
272.000	6115.477	4966.000
273.000	6115.480	5480.000
274.000	6115.483	5588.000
275.000	6115.485	5268.000
276.000	6115.488	5712.000
277.000	6115.490	5772.000
278.000	6115.493	5824.000
279.000	6115.495	5984.000
280.000	6115.498	6040.000
281.000	6115.500	6068.000
282.000	6115.503	6646.000
283.000	6115.505	6340.000
284.000	6115.508	6816.000
285.000	6115.510	6928.000
286.000	6115.512	6958.000
287.000	6115.515	6948.000
288.000	6115.517	6864.000
289.000	6115.520	6920.000
290.000	6115.523	6790.000
291.000	6115.525	6712.000
292.000	6115.528	6652.000
293.000	6115.530	6768.000
294.000	6115.533	6522.000
295.000	6115.535	6586.000
296.000	6115.538	6554.000
297.000	6115.540	6444.000
298.000	6115.543	6542.000
299.000	6115.545	6548.000
300.000	6115.548	6154.000
301.000	6115.550	6090.000
302.000	6115.552	6132.000
303.000	6115.555	6136.000
304.000	6115.557	6026.000
305.000	6115.560	5944.000
306.000	6115.562	5624.000
307.000	6115.565	5520.000
308.000	6115.568	5474.000
309.000	6115.570	5526.000
310.000	6115.573	5124.000
311.000	6115.575	4994.000
312.000	6115.578	5344.000
313.000	6115.580	5216.000
314.000	6115.583	4932.000
315.000	6115.585	5232.000
316.000	6115.588	4582.000
317.000	6115.590	4504.000
318.000	6115.592	4468.000
319.000	6115.595	4496.000
320.000	6115.597	4398.000
321.000	6115.600	4140.000
322.000	6115.602	3944.000
323.000	6115.605	3838.000
324.000	6115.608	3950.000
325.000	6115.610	3616.000
326.000	6115.613	2980.000
327.000	6115.615	2932.000
328.000	6115.618	2840.000
329.000	6115.620	2886.000
330.000	6115.623	2858.000
331.000	6115.625	2684.000
332.000	6115.628	2628.000
333.000	6115.630	2412.000
334.000	6115.633	2496.000
335.000	6115.635	2482.000
336.000	6115.637	2466.000
337.000	6115.640	2150.000
338.000	6115.642	2058.000
339.000	6115.645	2000.000
340.000	6115.648	2154.000
341.000	6115.650	1934.000
342.000	6115.653	1844.000
343.000	6115.655	1812.000
344.000	6115.658	1874.000
345.000	6115.660	1714.000
346.000	6115.663	1798.000
347.000	6115.665	1666.000
348.000	6115.668	1622.000
349.000	6115.670	1572.000
350.000	6115.673	1532.000
351.000	6115.675	1438.000
352.000	6115.677	1388.000
353.000	6115.680	1402.000
354.000	6115.682	1332.000
355.000	6115.685	1416.000
356.000	6115.687	1290.000
357.000	6115.690	1268.000
358.000	6115.693	1084.000
359.000	6115.695	1122.000
360.000	6115.698	1058.000
361.000	6115.700	1052.000
362.000	6115.703	1062.000
363.000	6115.705	918.000
364.000	6115.708	946.000
365.000	6115.710	822.000
366.000	6115.713	876.000
367.000	6115.715	898.000
368.000	6115.717	904.000
369.000	6115.720	740.000
370.000	6115.722	644.000
371.000	6115.725	716.000
372.000	6115.727	666.000
373.000	6115.730	662.000
374.000	6115.733	628.000
375.000	6115.735	710.000
376.000	6115.738	642.000
377.000	6115.740	602.000
378.000	6115.743	594.000
379.000	6115.745	566.000
380.000	6115.748	558.000
381.000	6115.750	574.000
382.000	6115.753	518.000
383.000	6115.755	464.000
384.000	6115.758	518.000
385.000	6115.760	452.000
386.000	6115.762	494.000
387.000	6115.765	502.000
388.000	6115.767	458.000
389.000	6115.770	464.000
390.000	6115.773	422.000
391.000	6115.775	396.000
392.000	6115.778	474.000
393.000	6115.780	406.000
394.000	6115.783	410.000
395.000	6115.785	394.000
396.000	6115.788	340.000
397.000	6115.790	470.000
398.000	6115.793	382.000
399.000	6115.795	368.000
400.000	6115.798	356.000
401.000	6115.800	334.000
402.000	6115.802	426.000
403.000	6115.805	444.000
404.000	6115.807	398.000
405.000	6115.810	402.000
406.000	6115.812	388.000
407.000	6115.815	318.000
408.000	6115.818	382.000
409.000	6115.820	400.000
410.000	6115.823	376.000
411.000	6115.825	402.000
412.000	6115.828	364.000
413.000	6115.830	358.000
414.000	6115.833	318.000
415.000	6115.835	358.000
416.000	6115.838	432.000
417.000	6115.840	352.000
418.000	6115.842	358.000
419.000	6115.845	390.000
420.000	6115.847	398.000
421.000	6115.850	336.000
422.000	6115.852	432.000
423.000	6115.855	384.000
424.000	6115.858	374.000
425.000	6115.860	378.000
426.000	6115.863	398.000
427.000	6115.865	358.000
428.000	6115.868	376.000
429.000	6115.870	356.000
430.000	6115.873	374.000
431.000	6115.875	394.000
432.000	6115.878	358.000
433.000	6115.880	414.000
434.000	6115.883	358.000
435.000	6115.885	334.000
436.000	6115.887	328.000
437.000	6115.890	322.000
438.000	6115.892	338.000
439.000	6115.895	364.000
440.000	6115.898	366.000
441.000	6115.900	408.000
442.000	6115.903	352.000
443.000	6115.905	340.000
444.000	6115.908	352.000
445.000	6115.910	338.000
446.000	6115.913	324.000
447.000	6115.915	318.000
448.000	6115.918	396.000
449.000	6115.920	360.000
450.000	6115.923	372.000
451.000	6115.925	350.000
452.000	6115.927	424.000
453.000	6115.930	360.000
454.000	6115.932	380.000
455.000	6115.935	440.000
456.000	6115.937	388.000
457.000	6115.940	342.000
458.000	6115.943	298.000
459.000	6115.945	354.000
460.000	6115.948	300.000
461.000	6115.950	320.000
462.000	6115.953	340.000
463.000	6115.955	350.000
464.000	6115.958	348.000
465.000	6115.960	312.000
466.000	6115.963	374.000
467.000	6115.965	358.000
468.000	6115.967	328.000
469.000	6115.970	326.000
470.000	6115.972	356.000
471.000	6115.975	388.000
472.000	6115.977	408.000
473.000	6115.980	352.000
474.000	6115.983	328.000
475.000	6115.985	348.000
476.000	6115.988	330.000
477.000	6115.990	326.000
478.000	6115.993	378.000
479.000	6115.995	336.000
480.000	6115.998	298.000
481.000	6116.000	372.000
482.000	6116.003	354.000
483.000	6116.005	344.000
484.000	6116.008	368.000
485.000	6116.010	296.000
486.000	6116.012	354.000
487.000	6116.015	358.000
488.000	6116.017	386.000
489.000	6116.020	358.000
490.000	6116.023	390.000
491.000	6116.025	360.000
492.000	6116.028	278.000
493.000	6116.030	418.000
494.000	6116.033	330.000
495.000	6116.035	362.000
496.000	6116.038	366.000
497.000	6116.040	352.000
498.000	6116.043	360.000
499.000	6116.045	306.000
500.000	6116.048	368.000
501.000	6116.050	384.000
502.000	6116.052	306.000
503.000	6116.055	342.000
504.000	6116.057	364.000
505.000	6116.060	382.000
506.000	6116.062	344.000
507.000	6116.065	346.000
508.000	6116.068	336.000
509.000	6116.070	290.000
510.000	6116.073	304.000
511.000	6116.075	340.000
512.000	6116.078	340.000
513.000	6116.080	434.000
514.000	6116.083	374.000
515.000	6116.085	376.000
516.000	6116.088	320.000
517.000	6116.090	350.000
518.000	6116.092	378.000
519.000	6116.095	368.000
520.000	6116.097	342.000
521.000	6116.100	338.000
522.000	6116.102	302.000
523.000	6116.105	340.000
524.000	6116.108	384.000
525.000	6116.110	330.000
526.000	6116.113	352.000
527.000	6116.115	350.000
528.000	6116.118	328.000
529.000	6116.120	356.000
530.000	6116.123	312.000
531.000	6116.125	350.000
532.000	6116.128	336.000
533.000	6116.130	282.000
534.000	6116.133	380.000
535.000	6116.135	268.000
536.000	6116.137	352.000
537.000	6116.140	340.000
538.000	6116.142	302.000
539.000	6116.145	358.000
540.000	6116.148	320.000
541.000	6116.150	370.000
542.000	6116.153	356.000
543.000	6116.155	394.000
544.000	6116.158	366.000
545.000	6116.160	404.000
546.000	6116.163	336.000
547.000	6116.165	364.000
548.000	6116.168	310.000
549.000	6116.170	342.000
550.000	6116.173	328.000
551.000	6116.175	306.000
552.000	6116.177	292.000
553.000	6116.180	338.000
554.000	6116.182	356.000
555.000	6116.185	322.000
556.000	6116.187	334.000
557.000	6116.190	302.000
558.000	6116.193	356.000
559.000	6116.195	378.000
560.000	6116.198	354.000
561.000	6116.200	320.000
562.000	6116.203	334.000
563.000	6116.205	362.000
564.000	6116.208	306.000
565.000	6116.210	326.000
566.000	6116.213	360.000
567.000	6116.215	328.000
568.000	6116.217	320.000
569.000	6116.220	324.000
570.000	6116.222	266.000
571.000	6116.225	292.000
572.000	6116.227	372.000
573.000	6116.230	344.000
574.000	6116.233	362.000
575.000	6116.235	390.000
576.000	6116.238	348.000
577.000	6116.240	364.000
578.000	6116.243	312.000
579.000	6116.245	354.000
580.000	6116.248	308.000
581.000	6116.250	326.000
582.000	6116.253	362.000
583.000	6116.255	324.000
584.000	6116.258	348.000
585.000	6116.260	298.000
586.000	6116.262	362.000
587.000	6116.265	398.000
588.000	6116.267	326.000
589.000	6116.270	314.000
590.000	6116.273	340.000
591.000	6116.275	352.000
592.000	6116.278	310.000
593.000	6116.280	362.000
594.000	6116.283	314.000
595.000	6116.285	358.000
596.000	6116.288	370.000
597.000	6116.290	314.000
598.000	6116.293	334.000
599.000	6116.295	358.000
600.000	6116.298	382.000
601.000	6116.300	290.000
