1.000	5846.000	1705.000
2.000	5846.002	1725.000
3.000	5846.005	1720.000
4.000	5846.007	1765.000
5.000	5846.010	1940.000
6.000	5846.012	1870.000
7.000	5846.015	1705.000
8.000	5846.017	1825.000
9.000	5846.020	1940.000
10.000	5846.023	1780.000
11.000	5846.025	1690.000
12.000	5846.028	1975.000
13.000	5846.030	1775.000
14.000	5846.033	1745.000
15.000	5846.035	1690.000
16.000	5846.038	1615.000
17.000	5846.040	1645.000
18.000	5846.042	1955.000
19.000	5846.045	1755.000
20.000	5846.047	1825.000
21.000	5846.050	1835.000
22.000	5846.052	1815.000
23.000	5846.055	1865.000
24.000	5846.057	1810.000
25.000	5846.060	1770.000
26.000	5846.062	1765.000
27.000	5846.065	1775.000
28.000	5846.068	1730.000
29.000	5846.070	1620.000
30.000	5846.073	1740.000
31.000	5846.075	1705.000
32.000	5846.078	1795.000
33.000	5846.080	1890.000
34.000	5846.083	1970.000
35.000	5846.085	1735.000
36.000	5846.087	1740.000
37.000	5846.090	1860.000
38.000	5846.092	2045.000
39.000	5846.095	1720.000
40.000	5846.097	1825.000
41.000	5846.100	1630.000
42.000	5846.102	1850.000
43.000	5846.105	1850.000
44.000	5846.108	1535.000
45.000	5846.110	1800.000
46.000	5846.113	1970.000
47.000	5846.115	1700.000
48.000	5846.118	1850.000
49.000	5846.120	1760.000
50.000	5846.123	1720.000
51.000	5846.125	1945.000
52.000	5846.127	1605.000
53.000	5846.130	1665.000
54.000	5846.132	1820.000
55.000	5846.135	1685.000
56.000	5846.137	1905.000
57.000	5846.140	1630.000
58.000	5846.142	1785.000
59.000	5846.145	1795.000
60.000	5846.148	1565.000
61.000	5846.150	1725.000
62.000	5846.153	1930.000
63.000	5846.155	1930.000
64.000	5846.158	1860.000
65.000	5846.160	1765.000
66.000	5846.163	1865.000
67.000	5846.165	1730.000
68.000	5846.167	1860.000
69.000	5846.170	1865.000
70.000	5846.172	1865.000
71.000	5846.175	1600.000
72.000	5846.177	1680.000
73.000	5846.180	1850.000
74.000	5846.182	1970.000
75.000	5846.185	1975.000
76.000	5846.187	1880.000
77.000	5846.190	1715.000
78.000	5846.193	1835.000
79.000	5846.195	1800.000
80.000	5846.198	1965.000
81.000	5846.200	1925.000
82.000	5846.203	1800.000
83.000	5846.205	1970.000
84.000	5846.208	2055.000
85.000	5846.210	1955.000
86.000	5846.212	1895.000
87.000	5846.215	2015.000
88.000	5846.217	2000.000
89.000	5846.220	1915.000
90.000	5846.222	1970.000
91.000	5846.225	1945.000
92.000	5846.227	1995.000
93.000	5846.230	1945.000
94.000	5846.233	1705.000
95.000	5846.235	1865.000
96.000	5846.238	1915.000
97.000	5846.240	1720.000
98.000	5846.243	2030.000
99.000	5846.245	1710.000
100.000	5846.248	1845.000
101.000	5846.250	1910.000
102.000	5846.252	1920.000
103.000	5846.255	1810.000
104.000	5846.257	2050.000
105.000	5846.260	1940.000
106.000	5846.262	1975.000
107.000	5846.265	1995.000
108.000	5846.267	1885.000
109.000	5846.270	1915.000
110.000	5846.273	1825.000
111.000	5846.275	2035.000
112.000	5846.278	2110.000
113.000	5846.280	2060.000
114.000	5846.283	2020.000
115.000	5846.285	1745.000
116.000	5846.288	1920.000
117.000	5846.290	1805.000
118.000	5846.292	1910.000
119.000	5846.295	2000.000
120.000	5846.297	1905.000
121.000	5846.300	1990.000
122.000	5846.302	2030.000
123.000	5846.305	1960.000
124.000	5846.307	1985.000
125.000	5846.310	2005.000
126.000	5846.312	2055.000
127.000	5846.315	2100.000
128.000	5846.318	2000.000
129.000	5846.320	1955.000
130.000	5846.323	2090.000
131.000	5846.325	2145.000
132.000	5846.328	1625.000
133.000	5846.330	2055.000
134.000	5846.333	1990.000
135.000	5846.335	2000.000
136.000	5846.337	2240.000
137.000	5846.340	1850.000
138.000	5846.342	2165.000
139.000	5846.345	1950.000
140.000	5846.347	2030.000
141.000	5846.350	2215.000
142.000	5846.352	1900.000
143.000	5846.355	1855.000
144.000	5846.358	1980.000
145.000	5846.360	2130.000
146.000	5846.363	2205.000
147.000	5846.365	2190.000
148.000	5846.368	2075.000
149.000	5846.370	1860.000
150.000	5846.373	2295.000
151.000	5846.375	2110.000
152.000	5846.377	1960.000
153.000	5846.380	2265.000
154.000	5846.382	2050.000
155.000	5846.385	2000.000
156.000	5846.387	2250.000
157.000	5846.390	2180.000
158.000	5846.392	2255.000
159.000	5846.395	1950.000
160.000	5846.398	2055.000
161.000	5846.400	2190.000
162.000	5846.403	2130.000
163.000	5846.405	2260.000
164.000	5846.408	2405.000
165.000	5846.410	2335.000
166.000	5846.413	2045.000
167.000	5846.415	2235.000
168.000	5846.417	2070.000
169.000	5846.420	1930.000
170.000	5846.422	2090.000
171.000	5846.425	2205.000
172.000	5846.427	2105.000
173.000	5846.430	2255.000
174.000	5846.432	2125.000
175.000	5846.435	2410.000
176.000	5846.437	2280.000
177.000	5846.440	2145.000
178.000	5846.443	2235.000
179.000	5846.445	2275.000
180.000	5846.448	2125.000
181.000	5846.450	2275.000
182.000	5846.453	2165.000
183.000	5846.455	2190.000
184.000	5846.458	2360.000
185.000	5846.460	2225.000
186.000	5846.462	2230.000
187.000	5846.465	2145.000
188.000	5846.467	2590.000
189.000	5846.470	2220.000
190.000	5846.472	2245.000
191.000	5846.475	2245.000
192.000	5846.477	2480.000
193.000	5846.480	2475.000
194.000	5846.483	2355.000
195.000	5846.485	2445.000
196.000	5846.488	2420.000
197.000	5846.490	2555.000
198.000	5846.493	2420.000
199.000	5846.495	2325.000
200.000	5846.498	2645.000
201.000	5846.500	2530.000
202.000	5846.502	2435.000
203.000	5846.505	2430.000
204.000	5846.507	2590.000
205.000	5846.510	2500.000
206.000	5846.512	2395.000
207.000	5846.515	2280.000
208.000	5846.517	2420.000
209.000	5846.520	2310.000
210.000	5846.523	2785.000
211.000	5846.525	2505.000
212.000	5846.528	2685.000
213.000	5846.530	2715.000
214.000	5846.533	2345.000
215.000	5846.535	2665.000
216.000	5846.538	2490.000
217.000	5846.540	2680.000
218.000	5846.542	2805.000
219.000	5846.545	2645.000
220.000	5846.547	2785.000
221.000	5846.550	2590.000
222.000	5846.552	2590.000
223.000	5846.555	2500.000
224.000	5846.557	2600.000
225.000	5846.560	2575.000
226.000	5846.562	2865.000
227.000	5846.565	2650.000
228.000	5846.568	2765.000
229.000	5846.570	2550.000
230.000	5846.573	2760.000
231.000	5846.575	2595.000
232.000	5846.578	2970.000
233.000	5846.580	2875.000
234.000	5846.583	2775.000
235.000	5846.585	2570.000
236.000	5846.587	2710.000
237.000	5846.590	2710.000
238.000	5846.592	2685.000
239.000	5846.595	2595.000
240.000	5846.597	2935.000
241.000	5846.600	2735.000
242.000	5846.602	2730.000
243.000	5846.605	2805.000
244.000	5846.608	2820.000
245.000	5846.610	3025.000
246.000	5846.613	3010.000
247.000	5846.615	2840.000
248.000	5846.618	2970.000
249.000	5846.620	2905.000
250.000	5846.623	2950.000
251.000	5846.625	2875.000
252.000	5846.627	2930.000
253.000	5846.630	2945.000
254.000	5846.632	3015.000
255.000	5846.635	2700.000
256.000	5846.637	2915.000
257.000	5846.640	2650.000
258.000	5846.642	2940.000
259.000	5846.645	2925.000
260.000	5846.648	3000.000
261.000	5846.650	2950.000
262.000	5846.653	2990.000
263.000	5846.655	3005.000
264.000	5846.658	3025.000
265.000	5846.660	2940.000
266.000	5846.663	3065.000
267.000	5846.665	3065.000
268.000	5846.667	2980.000
269.000	5846.670	3180.000
270.000	5846.672	3115.000
271.000	5846.675	3050.000
272.000	5846.677	3280.000
273.000	5846.680	3235.000
274.000	5846.682	3210.000
275.000	5846.685	3285.000
276.000	5846.687	3255.000
277.000	5846.690	3300.000
278.000	5846.693	3555.000
279.000	5846.695	2980.000
280.000	5846.698	3045.000
281.000	5846.700	3425.000
282.000	5846.703	3535.000
283.000	5846.705	3230.000
284.000	5846.708	3520.000
285.000	5846.710	3280.000
286.000	5846.712	3485.000
287.000	5846.715	3720.000
288.000	5846.717	3600.000
289.000	5846.720	3595.000
290.000	5846.722	3610.000
291.000	5846.725	3865.000
292.000	5846.727	3485.000
293.000	5846.730	3515.000
294.000	5846.733	3520.000
295.000	5846.735	3605.000
296.000	5846.738	3735.000
297.000	5846.740	3850.000
298.000	5846.743	3815.000
299.000	5846.745	3795.000
300.000	5846.748	3865.000
301.000	5846.750	4000.000
302.000	5846.752	4025.000
303.000	5846.755	3660.000
304.000	5846.757	3900.000
305.000	5846.760	4085.000
306.000	5846.762	3775.000
307.000	5846.765	3735.000
308.000	5846.767	3935.000
309.000	5846.770	3800.000
310.000	5846.773	4010.000
311.000	5846.775	3900.000
312.000	5846.778	3950.000
313.000	5846.780	4185.000
314.000	5846.783	4245.000
315.000	5846.785	3980.000
316.000	5846.788	4210.000
317.000	5846.790	4415.000
318.000	5846.792	4300.000
319.000	5846.795	4400.000
320.000	5846.797	4450.000
321.000	5846.800	4460.000
322.000	5846.802	4260.000
323.000	5846.805	4430.000
324.000	5846.807	4295.000
325.000	5846.810	4125.000
326.000	5846.812	4525.000
327.000	5846.815	4655.000
328.000	5846.818	4235.000
329.000	5846.820	4320.000
330.000	5846.823	4150.000
331.000	5846.825	4495.000
332.000	5846.828	4445.000
333.000	5846.830	4565.000
334.000	5846.833	4445.000
335.000	5846.835	4530.000
336.000	5846.837	4780.000
337.000	5846.840	4510.000
338.000	5846.842	4495.000
339.000	5846.845	4810.000
340.000	5846.847	4425.000
341.000	5846.850	4560.000
342.000	5846.852	4430.000
343.000	5846.855	4660.000
344.000	5846.858	4800.000
345.000	5846.860	4670.000
346.000	5846.863	4760.000
347.000	5846.865	4920.000
348.000	5846.868	4705.000
349.000	5846.870	4995.000
350.000	5846.873	5305.000
351.000	5846.875	5250.000
352.000	5846.877	4790.000
353.000	5846.880	5455.000
354.000	5846.882	5040.000
355.000	5846.885	4850.000
356.000	5846.887	5280.000
357.000	5846.890	5240.000
358.000	5846.892	5255.000
359.000	5846.895	5360.000
360.000	5846.898	5240.000
361.000	5846.900	5365.000
362.000	5846.903	5230.000
363.000	5846.905	5660.000
364.000	5846.908	5640.000
365.000	5846.910	5505.000
366.000	5846.913	5475.000
367.000	5846.915	5580.000
368.000	5846.917	5665.000
369.000	5846.920	6020.000
370.000	5846.922	5835.000
371.000	5846.925	5730.000
372.000	5846.927	5885.000
373.000	5846.930	6025.000
374.000	5846.932	6180.000
375.000	5846.935	5990.000
376.000	5846.937	6085.000
377.000	5846.940	6370.000
378.000	5846.943	6275.000
379.000	5846.945	6410.000
380.000	5846.948	6395.000
381.000	5846.950	6230.000
382.000	5846.953	6185.000
383.000	5846.955	6255.000
384.000	5846.958	6855.000
385.000	5846.960	6980.000
386.000	5846.962	6350.000
387.000	5846.965	6565.000
388.000	5846.967	7000.000
389.000	5846.970	6770.000
390.000	5846.972	7260.000
391.000	5846.975	7110.000
392.000	5846.977	6830.000
393.000	5846.980	7330.000
394.000	5846.983	7410.000
395.000	5846.985	7450.000
396.000	5846.988	7500.000
397.000	5846.990	7185.000
398.000	5846.993	7695.000
399.000	5846.995	7685.000
400.000	5846.998	7550.000
401.000	5847.000	7285.000
402.000	5847.002	7925.000
403.000	5847.005	7970.000
404.000	5847.007	8460.000
405.000	5847.010	7675.000
406.000	5847.012	8100.000
407.000	5847.015	8030.000
408.000	5847.017	8475.000
409.000	5847.020	8365.000
410.000	5847.023	7630.000
411.000	5847.025	8660.000
412.000	5847.028	8265.000
413.000	5847.030	8390.000
414.000	5847.033	8385.000
415.000	5847.035	8800.000
416.000	5847.038	8320.000
417.000	5847.040	9005.000
418.000	5847.042	8840.000
419.000	5847.045	8485.000
420.000	5847.047	9250.000
421.000	5847.050	8870.000
422.000	5847.052	9015.000
423.000	5847.055	8830.000
424.000	5847.057	9230.000
425.000	5847.060	8930.000
426.000	5847.062	9120.000
427.000	5847.065	9490.000
428.000	5847.068	9200.000
429.000	5847.070	9275.000
430.000	5847.073	9545.000
431.000	5847.075	9650.000
432.000	5847.078	9395.000
433.000	5847.080	10090.000
434.000	5847.083	10250.000
435.000	5847.085	10165.000
436.000	5847.087	10290.000
437.000	5847.090	10065.000
438.000	5847.092	11095.000
439.000	5847.095	10265.000
440.000	5847.097	10675.000
441.000	5847.100	10780.000
442.000	5847.102	10695.000
443.000	5847.105	10990.000
444.000	5847.108	10820.000
445.000	5847.110	11920.000
446.000	5847.113	11920.000
447.000	5847.115	11760.000
448.000	5847.118	12385.000
449.000	5847.120	12420.000
450.000	5847.123	12390.000
451.000	5847.125	12795.000
452.000	5847.127	12875.000
453.000	5847.130	12615.000
454.000	5847.132	13150.000
455.000	5847.135	13290.000
456.000	5847.137	13335.000
457.000	5847.140	13210.000
458.000	5847.142	13520.000
459.000	5847.145	13375.000
460.000	5847.148	13705.000
461.000	5847.150	13930.000
462.000	5847.153	14270.000
463.000	5847.155	13840.000
464.000	5847.158	13720.000
465.000	5847.160	14995.000
466.000	5847.163	15790.000
467.000	5847.165	16090.000
468.000	5847.167	16175.000
469.000	5847.170	16870.000
470.000	5847.172	17425.000
471.000	5847.175	17065.000
472.000	5847.177	17360.000
473.000	5847.180	17670.000
474.000	5847.182	18945.000
475.000	5847.185	18590.000
476.000	5847.187	18980.000
477.000	5847.190	20715.000
478.000	5847.193	20375.000
479.000	5847.195	20730.000
480.000	5847.198	20670.000
481.000	5847.200	22685.000
482.000	5847.203	21945.000
483.000	5847.205	21875.000
484.000	5847.208	23315.000
485.000	5847.210	23745.000
486.000	5847.212	26155.000
487.000	5847.215	26160.000
488.000	5847.217	27215.000
489.000	5847.220	26785.000
490.000	5847.222	27675.000
491.000	5847.225	28185.000
492.000	5847.227	28485.000
493.000	5847.230	28895.000
494.000	5847.233	29830.000
495.000	5847.235	28540.000
496.000	5847.238	30360.000
497.000	5847.240	30870.000
498.000	5847.243	32235.000
499.000	5847.245	32330.000
500.000	5847.248	32080.000
501.000	5847.250	32640.000
502.000	5847.252	33750.000
503.000	5847.255	32940.000
504.000	5847.257	33415.000
505.000	5847.260	33450.000
506.000	5847.262	33555.000
507.000	5847.265	34745.000
508.000	5847.267	36760.000
509.000	5847.270	37885.000
510.000	5847.273	38670.000
511.000	5847.275	38660.000
512.000	5847.278	39005.000
513.000	5847.280	41410.000
514.000	5847.283	42040.000
515.000	5847.285	41835.000
516.000	5847.288	42650.000
517.000	5847.290	46645.000
518.000	5847.292	47885.000
519.000	5847.295	51015.000
520.000	5847.297	51910.000
521.000	5847.300	51690.000
522.000	5847.302	54705.000
523.000	5847.305	55325.000
524.000	5847.307	56310.000
525.000	5847.310	57645.000
526.000	5847.312	59845.000
527.000	5847.315	60185.000
528.000	5847.318	61030.000
529.000	5847.320	68735.000
530.000	5847.323	70715.000
531.000	5847.325	71265.000
532.000	5847.328	72140.000
533.000	5847.330	76160.000
534.000	5847.333	79700.000
535.000	5847.335	81110.000
536.000	5847.337	82830.000
537.000	5847.340	83795.000
538.000	5847.342	89690.000
539.000	5847.345	91605.000
540.000	5847.347	92760.000
541.000	5847.350	99965.000
542.000	5847.352	104225.000
543.000	5847.355	104660.000
544.000	5847.358	106060.000
545.000	5847.360	117230.000
546.000	5847.363	123045.000
547.000	5847.365	126580.000
548.000	5847.368	129095.000
549.000	5847.370	147250.000
550.000	5847.373	162910.000
551.000	5847.375	171560.000
552.000	5847.377	180710.000
553.000	5847.380	208840.000
554.000	5847.382	224295.000
555.000	5847.385	233675.000
556.000	5847.387	243940.000
557.000	5847.390	260615.000
558.000	5847.392	277755.000
559.000	5847.395	284660.000
560.000	5847.398	289880.000
561.000	5847.400	320065.000
562.000	5847.403	356865.000
563.000	5847.405	369060.000
564.000	5847.408	371955.000
565.000	5847.410	392955.000
566.000	5847.413	410940.000
567.000	5847.415	420950.000
568.000	5847.417	430835.000
569.000	5847.420	447760.000
570.000	5847.422	481950.000
571.000	5847.425	492655.000
572.000	5847.427	494820.000
573.000	5847.430	527745.000
574.000	5847.432	549120.000
575.000	5847.435	557680.000
576.000	5847.437	555540.000
577.000	5847.440	583575.000
578.000	5847.443	592180.000
579.000	5847.445	590815.000
580.000	5847.448	588970.000
581.000	5847.450	613905.000
582.000	5847.453	618190.000
583.000	5847.455	660805.000
584.000	5847.458	665950.000
585.000	5847.460	665410.000
586.000	5847.462	692400.000
587.000	5847.465	702510.000
588.000	5847.467	717240.000
589.000	5847.470	748445.000
590.000	5847.472	798680.000
591.000	5847.475	834765.000
592.000	5847.477	856525.000
593.000	5847.480	941620.000
594.000	5847.483	975115.000
595.000	5847.485	1027615.000
596.000	5847.488	1091995.000
597.000	5847.490	1117430.000
598.000	5847.493	1169980.000
599.000	5847.495	1186050.000
600.000	5847.498	1188300.000
601.000	5847.500	1199730.000
602.000	5847.502	1250250.000
603.000	5847.505	1265635.000
604.000	5847.507	1270700.000
605.000	5847.510	1363570.000
606.000	5847.512	1382020.000
607.000	5847.515	1399380.000
608.000	5847.517	1422630.000
609.000	5847.520	1436870.000
610.000	5847.523	1461560.000
611.000	5847.525	1480595.000
612.000	5847.528	1496460.000
613.000	5847.530	1532495.000
614.000	5847.533	1579360.000
615.000	5847.535	1586795.000
616.000	5847.538	1595515.000
617.000	5847.540	1607605.000
618.000	5847.542	1613610.000
619.000	5847.545	1632395.000
620.000	5847.547	1652340.000
621.000	5847.550	1653705.000
622.000	5847.552	1665530.000
623.000	5847.555	1676085.000
624.000	5847.557	1681220.000
625.000	5847.560	1688790.000
626.000	5847.562	1690295.000
627.000	5847.565	1680405.000
628.000	5847.568	1681585.000
629.000	5847.570	1662490.000
630.000	5847.573	1643490.000
631.000	5847.575	1636280.000
632.000	5847.578	1633185.000
633.000	5847.580	1635325.000
634.000	5847.583	1630365.000
635.000	5847.585	1645035.000
636.000	5847.587	1661200.000
637.000	5847.590	1621020.000
638.000	5847.592	1621630.000
639.000	5847.595	1635440.000
640.000	5847.597	1638395.000
641.000	5847.600	1575510.000
642.000	5847.602	1567380.000
643.000	5847.605	1567605.000
644.000	5847.608	1565325.000
645.000	5847.610	1481550.000
646.000	5847.613	1441140.000
647.000	5847.615	1409950.000
648.000	5847.618	1394075.000
649.000	5847.620	1306840.000
650.000	5847.623	1264715.000
651.000	5847.625	1249605.000
652.000	5847.627	1246810.000
653.000	5847.630	1205195.000
654.000	5847.632	1176670.000
655.000	5847.635	1158020.000
656.000	5847.637	1158645.000
657.000	5847.640	1028365.000
658.000	5847.642	996445.000
659.000	5847.645	993890.000
660.000	5847.648	989765.000
661.000	5847.650	925635.000
662.000	5847.653	886140.000
663.000	5847.655	870540.000
664.000	5847.658	861255.000
665.000	5847.660	829820.000
666.000	5847.663	767165.000
667.000	5847.665	735640.000
668.000	5847.667	723345.000
669.000	5847.670	652915.000
670.000	5847.672	617470.000
671.000	5847.675	595840.000
672.000	5847.677	584550.000
673.000	5847.680	529135.000
674.000	5847.682	507750.000
675.000	5847.685	498800.000
676.000	5847.687	492470.000
677.000	5847.690	445440.000
678.000	5847.693	420360.000
679.000	5847.695	402420.000
680.000	5847.698	397105.000
681.000	5847.700	354120.000
682.000	5847.703	344510.000
683.000	5847.705	328830.000
684.000	5847.708	301485.000
685.000	5847.710	290615.000
686.000	5847.712	285955.000
687.000	5847.715	281725.000
688.000	5847.717	284505.000
689.000	5847.720	259115.000
690.000	5847.722	232930.000
691.000	5847.725	223405.000
692.000	5847.727	223035.000
693.000	5847.730	217150.000
694.000	5847.733	208370.000
695.000	5847.735	199840.000
696.000	5847.738	194425.000
697.000	5847.740	191870.000
698.000	5847.743	173240.000
699.000	5847.745	169340.000
700.000	5847.748	165880.000
701.000	5847.750	149530.000
702.000	5847.752	140190.000
703.000	5847.755	135365.000
704.000	5847.757	133525.000
705.000	5847.760	121010.000
706.000	5847.762	116040.000
707.000	5847.765	112515.000
708.000	5847.767	101965.000
709.000	5847.770	97530.000
710.000	5847.773	83600.000
711.000	5847.775	82900.000
712.000	5847.778	82125.000
713.000	5847.780	79075.000
714.000	5847.783	72365.000
715.000	5847.785	71705.000
716.000	5847.788	70020.000
717.000	5847.790	68410.000
718.000	5847.792	65145.000
719.000	5847.795	60790.000
720.000	5847.797	57050.000
721.000	5847.800	55300.000
722.000	5847.802	47740.000
723.000	5847.805	45970.000
724.000	5847.807	47085.000
725.000	5847.810	42445.000
726.000	5847.812	40265.000
727.000	5847.815	38020.000
728.000	5847.818	38150.000
729.000	5847.820	37930.000
730.000	5847.823	33940.000
731.000	5847.825	33490.000
732.000	5847.828	33015.000
733.000	5847.830	28950.000
734.000	5847.833	28545.000
735.000	5847.835	27245.000
736.000	5847.837	27045.000
737.000	5847.840	25120.000
738.000	5847.842	24430.000
739.000	5847.845	24895.000
740.000	5847.847	24645.000
741.000	5847.850	22820.000
742.000	5847.852	21705.000
743.000	5847.855	20470.000
744.000	5847.858	20395.000
745.000	5847.860	20330.000
746.000	5847.863	19245.000
747.000	5847.865	18900.000
748.000	5847.868	19050.000
749.000	5847.870	18190.000
750.000	5847.873	18005.000
751.000	5847.875	17215.000
752.000	5847.877	17290.000
753.000	5847.880	16630.000
754.000	5847.882	15765.000
755.000	5847.885	15575.000
756.000	5847.887	15935.000
757.000	5847.890	15175.000
758.000	5847.892	14835.000
759.000	5847.895	14665.000
760.000	5847.898	14680.000
761.000	5847.900	14555.000
762.000	5847.903	14350.000
763.000	5847.905	14245.000
764.000	5847.908	14435.000
765.000	5847.910	13565.000
766.000	5847.913	13210.000
767.000	5847.915	13160.000
768.000	5847.917	13070.000
769.000	5847.920	12420.000
770.000	5847.922	12040.000
771.000	5847.925	11970.000
772.000	5847.927	11920.000
773.000	5847.930	12025.000
774.000	5847.932	11445.000
775.000	5847.935	11255.000
776.000	5847.937	10670.000
777.000	5847.940	10555.000
778.000	5847.943	10505.000
779.000	5847.945	10285.000
780.000	5847.948	9995.000
781.000	5847.950	10465.000
782.000	5847.953	10015.000
783.000	5847.955	10055.000
784.000	5847.958	10010.000
785.000	5847.960	9320.000
786.000	5847.962	9405.000
787.000	5847.965	9470.000
788.000	5847.967	8850.000
789.000	5847.970	8760.000
790.000	5847.972	8600.000
791.000	5847.975	8770.000
792.000	5847.977	8875.000
793.000	5847.980	8760.000
794.000	5847.983	8530.000
795.000	5847.985	7940.000
796.000	5847.988	7995.000
797.000	5847.990	7855.000
798.000	5847.993	7925.000
799.000	5847.995	7795.000
800.000	5847.998	7780.000
801.000	5848.000	7435.000
802.000	5848.002	7880.000
803.000	5848.005	7585.000
804.000	5848.007	7145.000
805.000	5848.010	7660.000
806.000	5848.012	7380.000
807.000	5848.015	7255.000
808.000	5848.017	7015.000
809.000	5848.020	7170.000
810.000	5848.023	6960.000
811.000	5848.025	6935.000
812.000	5848.028	6995.000
813.000	5848.030	6755.000
814.000	5848.033	6945.000
815.000	5848.035	6620.000
816.000	5848.038	6540.000
817.000	5848.040	6225.000
818.000	5848.042	6710.000
819.000	5848.045	6060.000
820.000	5848.047	6150.000
821.000	5848.050	6050.000
822.000	5848.052	6405.000
823.000	5848.055	6120.000
824.000	5848.057	5865.000
825.000	5848.060	5900.000
826.000	5848.062	5755.000
827.000	5848.065	5955.000
828.000	5848.068	5915.000
829.000	5848.070	5940.000
830.000	5848.073	5790.000
831.000	5848.075	5660.000
832.000	5848.078	5545.000
833.000	5848.080	5945.000
834.000	5848.083	5755.000
835.000	5848.085	5560.000
836.000	5848.087	5795.000
837.000	5848.090	5440.000
838.000	5848.092	5260.000
839.000	5848.095	5425.000
840.000	5848.097	5200.000
841.000	5848.100	4960.000
842.000	5848.102	5130.000
843.000	5848.105	5220.000
844.000	5848.108	5065.000
845.000	5848.110	4930.000
846.000	5848.113	5090.000
847.000	5848.115	4925.000
848.000	5848.118	4760.000
849.000	5848.120	4500.000
850.000	5848.123	4540.000
851.000	5848.125	4955.000
852.000	5848.127	4625.000
853.000	5848.130	4675.000
854.000	5848.132	4620.000
855.000	5848.135	4590.000
856.000	5848.137	4475.000
857.000	5848.140	4530.000
858.000	5848.142	4425.000
859.000	5848.145	4420.000
860.000	5848.148	4680.000
861.000	5848.150	4045.000
862.000	5848.153	4145.000
863.000	5848.155	4415.000
864.000	5848.158	4565.000
865.000	5848.160	4140.000
866.000	5848.163	4470.000
867.000	5848.165	4150.000
868.000	5848.167	4150.000
869.000	5848.170	4160.000
870.000	5848.172	4060.000
871.000	5848.175	3795.000
872.000	5848.177	4140.000
873.000	5848.180	4245.000
874.000	5848.182	4145.000
875.000	5848.185	4005.000
876.000	5848.187	3940.000
877.000	5848.190	4000.000
878.000	5848.193	3825.000
879.000	5848.195	4275.000
880.000	5848.198	3840.000
881.000	5848.200	3700.000
882.000	5848.203	3815.000
883.000	5848.205	3395.000
884.000	5848.208	3965.000
885.000	5848.210	3735.000
886.000	5848.212	3825.000
887.000	5848.215	3825.000
888.000	5848.217	3480.000
889.000	5848.220	3815.000
890.000	5848.222	3645.000
891.000	5848.225	3795.000
892.000	5848.227	3545.000
893.000	5848.230	3190.000
894.000	5848.233	3520.000
895.000	5848.235	3530.000
896.000	5848.238	3395.000
897.000	5848.240	3380.000
898.000	5848.243	3710.000
899.000	5848.245	3650.000
900.000	5848.248	3525.000
901.000	5848.250	3270.000
902.000	5848.252	3210.000
903.000	5848.255	3355.000
904.000	5848.257	3205.000
905.000	5848.260	3405.000
906.000	5848.262	3295.000
907.000	5848.265	3320.000
908.000	5848.267	3270.000
909.000	5848.270	3180.000
910.000	5848.273	3395.000
911.000	5848.275	3260.000
912.000	5848.278	3295.000
913.000	5848.280	3130.000
914.000	5848.283	3205.000
915.000	5848.285	3020.000
916.000	5848.288	3185.000
917.000	5848.290	2910.000
918.000	5848.292	2935.000
919.000	5848.295	3150.000
920.000	5848.297	3110.000
921.000	5848.300	2900.000
922.000	5848.302	2815.000
923.000	5848.305	2900.000
924.000	5848.307	2855.000
925.000	5848.310	2710.000
926.000	5848.312	2780.000
927.000	5848.315	3180.000
928.000	5848.318	2920.000
929.000	5848.320	2850.000
930.000	5848.323	2815.000
931.000	5848.325	2935.000
932.000	5848.328	2940.000
933.000	5848.330	2820.000
934.000	5848.333	2690.000
935.000	5848.335	2890.000
936.000	5848.337	2575.000
937.000	5848.340	2660.000
938.000	5848.342	2645.000
939.000	5848.345	2930.000
940.000	5848.347	2620.000
941.000	5848.350	2525.000
942.000	5848.352	2590.000
943.000	5848.355	2690.000
944.000	5848.358	2800.000
945.000	5848.360	2505.000
946.000	5848.363	2675.000
947.000	5848.365	2630.000
948.000	5848.368	2585.000
949.000	5848.370	2525.000
950.000	5848.373	2445.000
951.000	5848.375	2540.000
952.000	5848.377	2560.000
953.000	5848.380	2505.000
954.000	5848.382	2440.000
955.000	5848.385	2450.000
956.000	5848.387	2765.000
957.000	5848.390	2505.000
958.000	5848.392	2475.000
959.000	5848.395	2450.000
960.000	5848.398	2550.000
961.000	5848.400	2445.000
962.000	5848.403	2460.000
963.000	5848.405	2235.000
964.000	5848.408	2165.000
965.000	5848.410	2350.000
966.000	5848.413	2170.000
967.000	5848.415	2185.000
968.000	5848.417	2185.000
969.000	5848.420	2185.000
970.000	5848.422	2245.000
971.000	5848.425	2135.000
972.000	5848.427	2400.000
973.000	5848.430	2370.000
974.000	5848.432	2090.000
975.000	5848.435	2175.000
976.000	5848.437	2050.000
977.000	5848.440	2045.000
978.000	5848.443	2355.000
979.000	5848.445	2115.000
980.000	5848.448	2235.000
981.000	5848.450	1940.000
982.000	5848.453	2155.000
983.000	5848.455	2435.000
984.000	5848.458	2315.000
985.000	5848.460	2140.000
986.000	5848.462	2120.000
987.000	5848.465	2310.000
988.000	5848.467	2050.000
989.000	5848.470	1975.000
990.000	5848.472	2070.000
991.000	5848.475	2075.000
992.000	5848.477	2200.000
993.000	5848.480	1900.000
994.000	5848.483	2070.000
995.000	5848.485	2080.000
996.000	5848.488	1895.000
997.000	5848.490	2280.000
998.000	5848.493	2065.000
999.000	5848.495	1970.000
1000.000	5848.498	2025.000
1001.000	5848.500	2070.000
1002.000	5848.502	1870.000
1003.000	5848.505	2010.000
1004.000	5848.507	2055.000
1005.000	5848.510	1910.000
1006.000	5848.512	2030.000
1007.000	5848.515	1870.000
1008.000	5848.517	1895.000
1009.000	5848.520	1985.000
1010.000	5848.523	2060.000
1011.000	5848.525	1855.000
1012.000	5848.528	1870.000
1013.000	5848.530	1840.000
1014.000	5848.533	1920.000
1015.000	5848.535	2010.000
1016.000	5848.538	1895.000
1017.000	5848.540	1785.000
1018.000	5848.542	1980.000
1019.000	5848.545	1910.000
1020.000	5848.547	1985.000
1021.000	5848.550	1900.000
1022.000	5848.552	1830.000
1023.000	5848.555	2000.000
1024.000	5848.557	1760.000
1025.000	5848.560	1805.000
1026.000	5848.562	1840.000
1027.000	5848.565	1910.000
1028.000	5848.568	2135.000
1029.000	5848.570	1770.000
1030.000	5848.573	1775.000
1031.000	5848.575	1820.000
1032.000	5848.578	1750.000
1033.000	5848.580	1895.000
1034.000	5848.583	1695.000
1035.000	5848.585	1805.000
1036.000	5848.587	1790.000
1037.000	5848.590	1855.000
1038.000	5848.592	1705.000
1039.000	5848.595	1625.000
1040.000	5848.597	1685.000
1041.000	5848.600	1820.000
1042.000	5848.602	1635.000
1043.000	5848.605	1725.000
1044.000	5848.608	1825.000
1045.000	5848.610	1730.000
1046.000	5848.613	1625.000
1047.000	5848.615	1870.000
1048.000	5848.618	1590.000
1049.000	5848.620	1715.000
1050.000	5848.623	1470.000
1051.000	5848.625	1575.000
1052.000	5848.627	1690.000
1053.000	5848.630	1680.000
1054.000	5848.632	1745.000
1055.000	5848.635	1545.000
1056.000	5848.637	1665.000
1057.000	5848.640	1545.000
1058.000	5848.642	1570.000
1059.000	5848.645	1540.000
1060.000	5848.648	1540.000
1061.000	5848.650	1640.000
1062.000	5848.653	1530.000
1063.000	5848.655	1715.000
1064.000	5848.658	1530.000
1065.000	5848.660	1740.000
1066.000	5848.663	1460.000
1067.000	5848.665	1610.000
1068.000	5848.667	1650.000
1069.000	5848.670	1470.000
1070.000	5848.672	1585.000
1071.000	5848.675	1770.000
1072.000	5848.677	1600.000
1073.000	5848.680	1540.000
1074.000	5848.682	1645.000
1075.000	5848.685	1515.000
1076.000	5848.687	1585.000
1077.000	5848.690	1565.000
1078.000	5848.693	1440.000
1079.000	5848.695	1500.000
1080.000	5848.698	1500.000
1081.000	5848.700	1580.000
1082.000	5848.703	1585.000
1083.000	5848.705	1380.000
1084.000	5848.708	1470.000
1085.000	5848.710	1530.000
1086.000	5848.712	1395.000
1087.000	5848.715	1420.000
1088.000	5848.717	1565.000
1089.000	5848.720	1505.000
1090.000	5848.722	1460.000
1091.000	5848.725	1415.000
1092.000	5848.727	1495.000
1093.000	5848.730	1485.000
1094.000	5848.733	1610.000
1095.000	5848.735	1560.000
1096.000	5848.738	1485.000
1097.000	5848.740	1405.000
1098.000	5848.743	1550.000
1099.000	5848.745	1565.000
1100.000	5848.748	1355.000
1101.000	5848.750	1465.000
1102.000	5848.752	1495.000
1103.000	5848.755	1535.000
1104.000	5848.757	1625.000
1105.000	5848.760	1410.000
1106.000	5848.762	1370.000
1107.000	5848.765	1585.000
1108.000	5848.767	1530.000
1109.000	5848.770	1515.000
1110.000	5848.773	1475.000
1111.000	5848.775	1385.000
1112.000	5848.778	1515.000
1113.000	5848.780	1310.000
1114.000	5848.783	1390.000
1115.000	5848.785	1420.000
1116.000	5848.788	1405.000
1117.000	5848.790	1355.000
1118.000	5848.792	1550.000
1119.000	5848.795	1320.000
1120.000	5848.797	1425.000
1121.000	5848.800	1550.000
1122.000	5848.802	1290.000
1123.000	5848.805	1350.000
1124.000	5848.807	1465.000
1125.000	5848.810	1285.000
1126.000	5848.812	1415.000
1127.000	5848.815	1400.000
1128.000	5848.818	1460.000
1129.000	5848.820	1355.000
1130.000	5848.823	1355.000
1131.000	5848.825	1450.000
1132.000	5848.828	1425.000
1133.000	5848.830	1420.000
1134.000	5848.833	1310.000
1135.000	5848.835	1325.000
1136.000	5848.837	1375.000
1137.000	5848.840	1325.000
1138.000	5848.842	1160.000
1139.000	5848.845	1380.000
1140.000	5848.847	1320.000
1141.000	5848.850	1255.000
1142.000	5848.852	1330.000
1143.000	5848.855	1250.000
1144.000	5848.858	1460.000
1145.000	5848.860	1415.000
1146.000	5848.863	1360.000
1147.000	5848.865	1300.000
1148.000	5848.868	1320.000
1149.000	5848.870	1325.000
1150.000	5848.873	1280.000
1151.000	5848.875	1360.000
1152.000	5848.877	1355.000
1153.000	5848.880	1340.000
1154.000	5848.882	1345.000
1155.000	5848.885	1275.000
1156.000	5848.887	1315.000
1157.000	5848.890	1270.000
1158.000	5848.892	1405.000
1159.000	5848.895	1370.000
1160.000	5848.898	1270.000
1161.000	5848.900	1290.000
1162.000	5848.903	1310.000
1163.000	5848.905	1240.000
1164.000	5848.908	1250.000
1165.000	5848.910	1385.000
1166.000	5848.913	1270.000
1167.000	5848.915	1280.000
1168.000	5848.917	1435.000
1169.000	5848.920	1220.000
1170.000	5848.922	1355.000
1171.000	5848.925	1190.000
1172.000	5848.927	1270.000
1173.000	5848.930	1415.000
1174.000	5848.932	1270.000
1175.000	5848.935	1300.000
1176.000	5848.937	1260.000
1177.000	5848.940	1250.000
1178.000	5848.943	1295.000
1179.000	5848.945	1340.000
1180.000	5848.948	1175.000
1181.000	5848.950	1280.000
1182.000	5848.953	1330.000
1183.000	5848.955	1240.000
1184.000	5848.958	1110.000
1185.000	5848.960	1285.000
1186.000	5848.962	1285.000
1187.000	5848.965	1395.000
1188.000	5848.967	1210.000
1189.000	5848.970	1270.000
1190.000	5848.972	1415.000
1191.000	5848.975	1230.000
1192.000	5848.977	1180.000
1193.000	5848.980	1170.000
1194.000	5848.983	1210.000
1195.000	5848.985	1235.000
1196.000	5848.988	1285.000
1197.000	5848.990	1290.000
1198.000	5848.993	1330.000
1199.000	5848.995	1270.000
1200.000	5848.998	1270.000
1201.000	5849.000	1230.000
1202.000	5849.002	1145.000
1203.000	5849.005	1135.000
1204.000	5849.007	1305.000
1205.000	5849.010	1390.000
1206.000	5849.012	1260.000
1207.000	5849.015	1230.000
1208.000	5849.017	1295.000
1209.000	5849.020	1275.000
1210.000	5849.023	1210.000
1211.000	5849.025	1195.000
1212.000	5849.028	1335.000
1213.000	5849.030	1410.000
1214.000	5849.033	1315.000
1215.000	5849.035	1215.000
1216.000	5849.038	1305.000
1217.000	5849.040	1265.000
1218.000	5849.042	1175.000
1219.000	5849.045	1160.000
1220.000	5849.047	1230.000
1221.000	5849.050	1125.000
1222.000	5849.052	1250.000
1223.000	5849.055	1180.000
1224.000	5849.057	1185.000
1225.000	5849.060	1425.000
1226.000	5849.062	1025.000
1227.000	5849.065	1040.000
1228.000	5849.068	1170.000
1229.000	5849.070	1125.000
1230.000	5849.073	1245.000
1231.000	5849.075	1160.000
1232.000	5849.078	1230.000
1233.000	5849.080	1225.000
1234.000	5849.083	1125.000
1235.000	5849.085	1265.000
1236.000	5849.087	1230.000
1237.000	5849.090	1185.000
1238.000	5849.092	1215.000
1239.000	5849.095	1085.000
1240.000	5849.097	1140.000
1241.000	5849.100	1020.000
1242.000	5849.102	1130.000
1243.000	5849.105	1265.000
1244.000	5849.108	1165.000
1245.000	5849.110	1145.000
1246.000	5849.113	1130.000
1247.000	5849.115	1045.000
1248.000	5849.118	1250.000
1249.000	5849.120	1225.000
1250.000	5849.123	1290.000
1251.000	5849.125	1105.000
1252.000	5849.127	1170.000
1253.000	5849.130	1180.000
1254.000	5849.132	1195.000
1255.000	5849.135	1105.000
1256.000	5849.137	995.000
1257.000	5849.140	1235.000
1258.000	5849.142	1265.000
1259.000	5849.145	1090.000
1260.000	5849.148	1115.000
1261.000	5849.150	1150.000
1262.000	5849.153	1325.000
1263.000	5849.155	1205.000
1264.000	5849.158	1100.000
1265.000	5849.160	1110.000
1266.000	5849.163	1185.000
1267.000	5849.165	1120.000
1268.000	5849.167	1220.000
1269.000	5849.170	1205.000
1270.000	5849.172	1150.000
1271.000	5849.175	1100.000
1272.000	5849.177	1165.000
1273.000	5849.180	1115.000
1274.000	5849.182	1335.000
1275.000	5849.185	1230.000
1276.000	5849.187	1240.000
1277.000	5849.190	1255.000
1278.000	5849.193	1100.000
1279.000	5849.195	1135.000
1280.000	5849.198	1050.000
1281.000	5849.200	1140.000
1282.000	5849.203	1155.000
1283.000	5849.205	1015.000
1284.000	5849.208	1010.000
1285.000	5849.210	1235.000
1286.000	5849.212	1150.000
1287.000	5849.215	1190.000
1288.000	5849.217	1285.000
1289.000	5849.220	1245.000
1290.000	5849.222	1230.000
1291.000	5849.225	1030.000
1292.000	5849.227	1195.000
1293.000	5849.230	1125.000
1294.000	5849.233	1085.000
1295.000	5849.235	1260.000
1296.000	5849.238	1065.000
1297.000	5849.240	1245.000
1298.000	5849.243	995.000
1299.000	5849.245	1270.000
1300.000	5849.248	1120.000
1301.000	5849.250	1010.000
1302.000	5849.252	1255.000
1303.000	5849.255	1165.000
1304.000	5849.257	1140.000
1305.000	5849.260	1150.000
1306.000	5849.262	1045.000
1307.000	5849.265	1130.000
1308.000	5849.267	1275.000
1309.000	5849.270	1030.000
1310.000	5849.273	990.000
1311.000	5849.275	1200.000
1312.000	5849.278	1210.000
1313.000	5849.280	1150.000
1314.000	5849.283	1125.000
1315.000	5849.285	1025.000
1316.000	5849.288	1065.000
1317.000	5849.290	1085.000
1318.000	5849.292	1180.000
1319.000	5849.295	1120.000
1320.000	5849.297	1120.000
1321.000	5849.300	1070.000
1322.000	5849.302	1115.000
1323.000	5849.305	1060.000
1324.000	5849.307	1065.000
1325.000	5849.310	1155.000
1326.000	5849.312	1150.000
1327.000	5849.315	1130.000
1328.000	5849.318	1265.000
1329.000	5849.320	1150.000
1330.000	5849.323	1105.000
1331.000	5849.325	1260.000
1332.000	5849.328	1135.000
1333.000	5849.330	1185.000
1334.000	5849.333	1230.000
1335.000	5849.335	1080.000
1336.000	5849.337	1120.000
1337.000	5849.340	1125.000
1338.000	5849.342	1020.000
1339.000	5849.345	1220.000
1340.000	5849.347	1020.000
1341.000	5849.350	1090.000
1342.000	5849.352	1030.000
1343.000	5849.355	1095.000
1344.000	5849.358	1150.000
1345.000	5849.360	1110.000
1346.000	5849.363	1180.000
1347.000	5849.365	1125.000
1348.000	5849.368	1040.000
1349.000	5849.370	1160.000
1350.000	5849.373	1180.000
1351.000	5849.375	1055.000
1352.000	5849.377	980.000
1353.000	5849.380	1120.000
1354.000	5849.382	1070.000
1355.000	5849.385	1010.000
1356.000	5849.387	1145.000
1357.000	5849.390	1080.000
1358.000	5849.392	1030.000
1359.000	5849.395	1005.000
1360.000	5849.398	1065.000
1361.000	5849.400	1110.000
1362.000	5849.403	1140.000
1363.000	5849.405	1050.000
1364.000	5849.408	1135.000
1365.000	5849.410	1060.000
1366.000	5849.413	1135.000
1367.000	5849.415	1170.000
1368.000	5849.417	1175.000
1369.000	5849.420	1165.000
1370.000	5849.422	1105.000
1371.000	5849.425	1070.000
1372.000	5849.427	1040.000
1373.000	5849.430	1090.000
1374.000	5849.432	920.000
1375.000	5849.435	1070.000
1376.000	5849.437	1240.000
1377.000	5849.440	1060.000
1378.000	5849.443	1155.000
1379.000	5849.445	1100.000
1380.000	5849.448	1175.000
1381.000	5849.450	1100.000
1382.000	5849.453	1000.000
1383.000	5849.455	1080.000
1384.000	5849.458	945.000
1385.000	5849.460	1040.000
1386.000	5849.462	1110.000
1387.000	5849.465	975.000
1388.000	5849.467	980.000
1389.000	5849.470	1065.000
1390.000	5849.472	920.000
1391.000	5849.475	1185.000
1392.000	5849.477	1015.000
1393.000	5849.480	1085.000
1394.000	5849.483	1280.000
1395.000	5849.485	980.000
1396.000	5849.488	1120.000
1397.000	5849.490	1015.000
1398.000	5849.493	910.000
1399.000	5849.495	1080.000
1400.000	5849.498	965.000
1401.000	5849.500	1000.000
1402.000	5849.502	1060.000
1403.000	5849.505	1025.000
1404.000	5849.507	1035.000
1405.000	5849.510	995.000
1406.000	5849.512	930.000
1407.000	5849.515	920.000
1408.000	5849.517	1025.000
1409.000	5849.520	1090.000
1410.000	5849.523	1030.000
1411.000	5849.525	940.000
1412.000	5849.528	1005.000
1413.000	5849.530	1075.000
1414.000	5849.533	1090.000
1415.000	5849.535	875.000
1416.000	5849.538	895.000
1417.000	5849.540	1100.000
1418.000	5849.542	965.000
1419.000	5849.545	1065.000
1420.000	5849.547	985.000
1421.000	5849.550	1055.000
1422.000	5849.552	1055.000
1423.000	5849.555	895.000
1424.000	5849.557	1075.000
1425.000	5849.560	1025.000
1426.000	5849.562	935.000
1427.000	5849.565	1055.000
1428.000	5849.568	1070.000
1429.000	5849.570	845.000
1430.000	5849.573	990.000
1431.000	5849.575	995.000
1432.000	5849.578	1095.000
1433.000	5849.580	1050.000
1434.000	5849.583	1085.000
1435.000	5849.585	1000.000
1436.000	5849.587	995.000
1437.000	5849.590	1035.000
1438.000	5849.592	990.000
1439.000	5849.595	1035.000
1440.000	5849.597	915.000
1441.000	5849.600	1015.000
1442.000	5849.602	1055.000
1443.000	5849.605	940.000
1444.000	5849.608	985.000
1445.000	5849.610	945.000
1446.000	5849.613	1030.000
1447.000	5849.615	1010.000
1448.000	5849.618	840.000
1449.000	5849.620	980.000
1450.000	5849.623	930.000
1451.000	5849.625	780.000
1452.000	5849.627	955.000
1453.000	5849.630	1025.000
1454.000	5849.632	1050.000
1455.000	5849.635	900.000
1456.000	5849.637	875.000
1457.000	5849.640	995.000
1458.000	5849.642	970.000
1459.000	5849.645	875.000
1460.000	5849.648	1045.000
1461.000	5849.650	1045.000
1462.000	5849.653	790.000
1463.000	5849.655	980.000
1464.000	5849.658	930.000
1465.000	5849.660	930.000
1466.000	5849.663	910.000
1467.000	5849.665	930.000
1468.000	5849.667	965.000
1469.000	5849.670	890.000
1470.000	5849.672	1135.000
1471.000	5849.675	1100.000
1472.000	5849.677	920.000
1473.000	5849.680	930.000
1474.000	5849.682	1125.000
1475.000	5849.685	1090.000
1476.000	5849.687	980.000
1477.000	5849.690	960.000
1478.000	5849.693	1095.000
1479.000	5849.695	945.000
1480.000	5849.698	960.000
1481.000	5849.700	930.000
1482.000	5849.703	840.000
1483.000	5849.705	925.000
1484.000	5849.708	1180.000
1485.000	5849.710	995.000
1486.000	5849.712	975.000
1487.000	5849.715	965.000
1488.000	5849.717	955.000
1489.000	5849.720	900.000
1490.000	5849.722	1150.000
1491.000	5849.725	950.000
1492.000	5849.727	930.000
1493.000	5849.730	980.000
1494.000	5849.733	990.000
1495.000	5849.735	990.000
1496.000	5849.738	1055.000
1497.000	5849.740	1020.000
1498.000	5849.743	1125.000
1499.000	5849.745	820.000
1500.000	5849.748	790.000
1501.000	5849.750	750.000
1502.000	5849.752	1015.000
1503.000	5849.755	1000.000
1504.000	5849.757	830.000
1505.000	5849.760	930.000
1506.000	5849.762	840.000
1507.000	5849.765	915.000
1508.000	5849.767	890.000
1509.000	5849.770	835.000
1510.000	5849.773	880.000
1511.000	5849.775	1050.000
1512.000	5849.778	900.000
1513.000	5849.780	860.000
1514.000	5849.783	970.000
1515.000	5849.785	940.000
1516.000	5849.788	980.000
1517.000	5849.790	990.000
1518.000	5849.792	855.000
1519.000	5849.795	910.000
1520.000	5849.797	970.000
1521.000	5849.800	780.000
1522.000	5849.802	895.000
1523.000	5849.805	855.000
1524.000	5849.807	1005.000
1525.000	5849.810	905.000
1526.000	5849.812	1155.000
1527.000	5849.815	790.000
1528.000	5849.818	870.000
1529.000	5849.820	895.000
1530.000	5849.823	815.000
1531.000	5849.825	875.000
1532.000	5849.828	895.000
1533.000	5849.830	960.000
1534.000	5849.833	725.000
1535.000	5849.835	870.000
1536.000	5849.837	935.000
1537.000	5849.840	885.000
1538.000	5849.842	900.000
1539.000	5849.845	840.000
1540.000	5849.847	830.000
1541.000	5849.850	800.000
1542.000	5849.852	795.000
1543.000	5849.855	845.000
1544.000	5849.858	745.000
1545.000	5849.860	780.000
1546.000	5849.863	850.000
1547.000	5849.865	885.000
1548.000	5849.868	835.000
1549.000	5849.870	800.000
1550.000	5849.873	970.000
1551.000	5849.875	1075.000
1552.000	5849.877	895.000
1553.000	5849.880	835.000
1554.000	5849.882	800.000
1555.000	5849.885	750.000
1556.000	5849.887	970.000
1557.000	5849.890	800.000
1558.000	5849.892	700.000
1559.000	5849.895	1010.000
1560.000	5849.898	915.000
1561.000	5849.900	920.000
1562.000	5849.903	855.000
1563.000	5849.905	750.000
1564.000	5849.908	950.000
1565.000	5849.910	860.000
1566.000	5849.913	790.000
1567.000	5849.915	805.000
1568.000	5849.917	825.000
1569.000	5849.920	830.000
1570.000	5849.922	930.000
1571.000	5849.925	920.000
1572.000	5849.927	975.000
1573.000	5849.930	825.000
1574.000	5849.932	805.000
1575.000	5849.935	980.000
1576.000	5849.937	915.000
1577.000	5849.940	705.000
1578.000	5849.943	750.000
1579.000	5849.945	855.000
1580.000	5849.948	795.000
1581.000	5849.950	810.000
1582.000	5849.953	810.000
1583.000	5849.955	830.000
1584.000	5849.958	975.000
1585.000	5849.960	975.000
1586.000	5849.962	915.000
1587.000	5849.965	890.000
1588.000	5849.967	810.000
1589.000	5849.970	810.000
1590.000	5849.972	845.000
1591.000	5849.975	835.000
1592.000	5849.977	775.000
1593.000	5849.980	835.000
1594.000	5849.983	745.000
1595.000	5849.985	725.000
1596.000	5849.988	935.000
1597.000	5849.990	690.000
1598.000	5849.993	880.000
1599.000	5849.995	775.000
1600.000	5849.998	775.000
1601.000	5850.000	990.000
