1.000	5118.000	382.000
2.000	5118.002	356.000
3.000	5118.005	324.000
4.000	5118.007	314.000
5.000	5118.010	374.000
6.000	5118.012	390.000
7.000	5118.015	336.000
8.000	5118.017	328.000
9.000	5118.020	324.000
10.000	5118.023	362.000
11.000	5118.025	368.000
12.000	5118.028	362.000
13.000	5118.030	342.000
14.000	5118.033	356.000
15.000	5118.035	290.000
16.000	5118.038	328.000
17.000	5118.040	304.000
18.000	5118.042	300.000
19.000	5118.045	294.000
20.000	5118.047	314.000
21.000	5118.050	376.000
22.000	5118.052	322.000
23.000	5118.055	308.000
24.000	5118.057	376.000
25.000	5118.060	360.000
26.000	5118.062	366.000
27.000	5118.065	322.000
28.000	5118.068	358.000
29.000	5118.070	330.000
30.000	5118.073	392.000
31.000	5118.075	334.000
32.000	5118.078	330.000
33.000	5118.080	338.000
34.000	5118.083	336.000
35.000	5118.085	356.000
36.000	5118.087	306.000
37.000	5118.090	338.000
38.000	5118.092	360.000
39.000	5118.095	310.000
40.000	5118.097	324.000
41.000	5118.100	348.000
42.000	5118.102	324.000
43.000	5118.105	300.000
44.000	5118.108	360.000
45.000	5118.110	320.000
46.000	5118.113	310.000
47.000	5118.115	338.000
48.000	5118.118	324.000
49.000	5118.120	284.000
50.000	5118.123	304.000
51.000	5118.125	304.000
52.000	5118.127	358.000
53.000	5118.130	316.000
54.000	5118.132	372.000
55.000	5118.135	372.000
56.000	5118.137	324.000
57.000	5118.140	326.000
58.000	5118.142	358.000
59.000	5118.145	332.000
60.000	5118.148	360.000
61.000	5118.150	332.000
62.000	5118.153	346.000
63.000	5118.155	348.000
64.000	5118.158	386.000
65.000	5118.160	312.000
66.000	5118.163	296.000
67.000	5118.165	404.000
68.000	5118.167	298.000
69.000	5118.170	358.000
70.000	5118.172	370.000
71.000	5118.175	354.000
72.000	5118.177	340.000
73.000	5118.180	348.000
74.000	5118.182	362.000
75.000	5118.185	326.000
76.000	5118.187	304.000
77.000	5118.190	414.000
78.000	5118.193	354.000
79.000	5118.195	358.000
80.000	5118.198	314.000
81.000	5118.200	378.000
82.000	5118.203	288.000
83.000	5118.205	352.000
84.000	5118.208	348.000
85.000	5118.210	380.000
86.000	5118.212	304.000
87.000	5118.215	312.000
88.000	5118.217	372.000
89.000	5118.220	358.000
90.000	5118.222	306.000
91.000	5118.225	290.000
92.000	5118.227	328.000
93.000	5118.230	340.000
94.000	5118.233	340.000
95.000	5118.235	394.000
96.000	5118.238	362.000
97.000	5118.240	334.000
98.000	5118.243	346.000
99.000	5118.245	348.000
100.000	5118.248	348.000
101.000	5118.250	306.000
102.000	5118.252	336.000
103.000	5118.255	296.000
104.000	5118.257	320.000
105.000	5118.260	326.000
106.000	5118.262	316.000
107.000	5118.265	334.000
108.000	5118.267	370.000
109.000	5118.270	330.000
110.000	5118.273	338.000
111.000	5118.275	312.000
112.000	5118.278	270.000
113.000	5118.280	326.000
114.000	5118.283	362.000
115.000	5118.285	374.000
116.000	5118.288	344.000
117.000	5118.290	330.000
118.000	5118.292	382.000
119.000	5118.295	368.000
120.000	5118.297	384.000
121.000	5118.300	318.000
122.000	5118.302	388.000
123.000	5118.305	330.000
124.000	5118.307	402.000
125.000	5118.310	372.000
126.000	5118.312	344.000
127.000	5118.315	334.000
128.000	5118.318	322.000
129.000	5118.320	344.000
130.000	5118.323	312.000
131.000	5118.325	322.000
132.000	5118.328	318.000
133.000	5118.330	336.000
134.000	5118.333	382.000
135.000	5118.335	328.000
136.000	5118.337	326.000
137.000	5118.340	346.000
138.000	5118.342	338.000
139.000	5118.345	340.000
140.000	5118.347	362.000
141.000	5118.350	342.000
142.000	5118.352	372.000
143.000	5118.355	366.000
144.000	5118.358	380.000
145.000	5118.360	372.000
146.000	5118.363	362.000
147.000	5118.365	306.000
148.000	5118.368	334.000
149.000	5118.370	330.000
150.000	5118.373	342.000
151.000	5118.375	330.000
152.000	5118.377	342.000
153.000	5118.380	392.000
154.000	5118.382	378.000
155.000	5118.385	282.000
156.000	5118.387	334.000
157.000	5118.390	340.000
158.000	5118.392	354.000
159.000	5118.395	292.000
160.000	5118.398	396.000
161.000	5118.400	368.000
162.000	5118.403	356.000
163.000	5118.405	348.000
164.000	5118.408	330.000
165.000	5118.410	364.000
166.000	5118.413	414.000
167.000	5118.415	342.000
168.000	5118.417	354.000
169.000	5118.420	386.000
170.000	5118.422	328.000
171.000	5118.425	362.000
172.000	5118.427	370.000
173.000	5118.430	344.000
174.000	5118.432	336.000
175.000	5118.435	272.000
176.000	5118.437	314.000
177.000	5118.440	360.000
178.000	5118.443	310.000
179.000	5118.445	360.000
180.000	5118.448	310.000
181.000	5118.450	392.000
182.000	5118.453	354.000
183.000	5118.455	394.000
184.000	5118.458	344.000
185.000	5118.460	396.000
186.000	5118.462	344.000
187.000	5118.465	332.000
188.000	5118.467	354.000
189.000	5118.470	390.000
190.000	5118.472	366.000
191.000	5118.475	404.000
192.000	5118.477	368.000
193.000	5118.480	424.000
194.000	5118.483	336.000
195.000	5118.485	376.000
196.000	5118.488	416.000
197.000	5118.490	410.000
198.000	5118.493	310.000
199.000	5118.495	388.000
200.000	5118.498	414.000
201.000	5118.500	380.000
202.000	5118.502	374.000
203.000	5118.505	408.000
204.000	5118.507	384.000
205.000	5118.510	394.000
206.000	5118.512	356.000
207.000	5118.515	418.000
208.000	5118.517	454.000
209.000	5118.520	372.000
210.000	5118.523	368.000
211.000	5118.525	372.000
212.000	5118.528	394.000
213.000	5118.530	366.000
214.000	5118.533	390.000
215.000	5118.535	352.000
216.000	5118.538	406.000
217.000	5118.540	378.000
218.000	5118.542	394.000
219.000	5118.545	406.000
220.000	5118.547	432.000
221.000	5118.550	440.000
222.000	5118.552	432.000
223.000	5118.555	492.000
224.000	5118.557	454.000
225.000	5118.560	482.000
226.000	5118.562	498.000
227.000	5118.565	488.000
228.000	5118.568	446.000
229.000	5118.570	500.000
230.000	5118.573	512.000
231.000	5118.575	464.000
232.000	5118.578	492.000
233.000	5118.580	536.000
234.000	5118.583	596.000
235.000	5118.585	582.000
236.000	5118.587	496.000
237.000	5118.590	600.000
238.000	5118.592	514.000
239.000	5118.595	536.000
240.000	5118.597	650.000
241.000	5118.600	536.000
242.000	5118.602	654.000
243.000	5118.605	692.000
244.000	5118.608	684.000
245.000	5118.610	644.000
246.000	5118.613	654.000
247.000	5118.615	650.000
248.000	5118.618	768.000
249.000	5118.620	658.000
250.000	5118.623	686.000
251.000	5118.625	664.000
252.000	5118.627	742.000
253.000	5118.630	714.000
254.000	5118.632	676.000
255.000	5118.635	690.000
256.000	5118.637	740.000
257.000	5118.640	652.000
258.000	5118.642	654.000
259.000	5118.645	644.000
260.000	5118.648	672.000
261.000	5118.650	722.000
262.000	5118.653	640.000
263.000	5118.655	648.000
264.000	5118.658	734.000
265.000	5118.660	720.000
266.000	5118.663	742.000
267.000	5118.665	632.000
268.000	5118.667	640.000
269.000	5118.670	754.000
270.000	5118.672	824.000
271.000	5118.675	690.000
272.000	5118.677	682.000
273.000	5118.680	818.000
274.000	5118.682	762.000
275.000	5118.685	800.000
276.000	5118.687	860.000
277.000	5118.690	772.000
278.000	5118.693	892.000
279.000	5118.695	812.000
280.000	5118.698	778.000
281.000	5118.700	836.000
282.000	5118.703	854.000
283.000	5118.705	834.000
284.000	5118.708	848.000
285.000	5118.710	858.000
286.000	5118.712	802.000
287.000	5118.715	756.000
288.000	5118.717	834.000
289.000	5118.720	766.000
290.000	5118.722	842.000
291.000	5118.725	774.000
292.000	5118.727	684.000
293.000	5118.730	758.000
294.000	5118.733	750.000
295.000	5118.735	722.000
296.000	5118.738	766.000
297.000	5118.740	700.000
298.000	5118.743	716.000
299.000	5118.745	644.000
300.000	5118.748	750.000
301.000	5118.750	664.000
302.000	5118.752	704.000
303.000	5118.755	674.000
304.000	5118.757	700.000
305.000	5118.760	672.000
306.000	5118.762	648.000
307.000	5118.765	702.000
308.000	5118.767	634.000
309.000	5118.770	708.000
310.000	5118.773	602.000
311.000	5118.775	596.000
312.000	5118.778	654.000
313.000	5118.780	636.000
314.000	5118.783	704.000
315.000	5118.785	596.000
316.000	5118.788	524.000
317.000	5118.790	458.000
318.000	5118.792	584.000
319.000	5118.795	524.000
320.000	5118.797	542.000
321.000	5118.800	556.000
322.000	5118.802	566.000
323.000	5118.805	510.000
324.000	5118.807	448.000
325.000	5118.810	478.000
326.000	5118.812	476.000
327.000	5118.815	490.000
328.000	5118.818	438.000
329.000	5118.820	458.000
330.000	5118.823	432.000
331.000	5118.825	492.000
332.000	5118.828	400.000
333.000	5118.830	468.000
334.000	5118.833	432.000
335.000	5118.835	512.000
336.000	5118.837	436.000
337.000	5118.840	424.000
338.000	5118.842	422.000
339.000	5118.845	432.000
340.000	5118.847	430.000
341.000	5118.850	430.000
342.000	5118.852	386.000
343.000	5118.855	428.000
344.000	5118.858	410.000
345.000	5118.860	394.000
346.000	5118.863	480.000
347.000	5118.865	428.000
348.000	5118.868	396.000
349.000	5118.870	440.000
350.000	5118.873	374.000
351.000	5118.875	396.000
352.000	5118.877	330.000
353.000	5118.880	336.000
354.000	5118.882	434.000
355.000	5118.885	354.000
356.000	5118.887	366.000
357.000	5118.890	408.000
358.000	5118.892	366.000
359.000	5118.895	332.000
360.000	5118.898	332.000
361.000	5118.900	330.000
362.000	5118.903	316.000
363.000	5118.905	300.000
364.000	5118.908	356.000
365.000	5118.910	348.000
366.000	5118.913	338.000
367.000	5118.915	374.000
368.000	5118.917	314.000
369.000	5118.920	374.000
370.000	5118.922	322.000
371.000	5118.925	366.000
372.000	5118.927	344.000
373.000	5118.930	308.000
374.000	5118.932	422.000
375.000	5118.935	380.000
376.000	5118.937	324.000
377.000	5118.940	328.000
378.000	5118.943	306.000
379.000	5118.945	362.000
380.000	5118.948	352.000
381.000	5118.950	358.000
382.000	5118.953	314.000
383.000	5118.955	386.000
384.000	5118.958	368.000
385.000	5118.960	358.000
386.000	5118.962	386.000
387.000	5118.965	394.000
388.000	5118.967	376.000
389.000	5118.970	374.000
390.000	5118.972	396.000
391.000	5118.975	356.000
392.000	5118.977	292.000
393.000	5118.980	378.000
394.000	5118.983	388.000
395.000	5118.985	330.000
396.000	5118.988	408.000
397.000	5118.990	332.000
398.000	5118.993	352.000
399.000	5118.995	360.000
400.000	5118.998	340.000
401.000	5119.000	358.000
402.000	5119.002	354.000
403.000	5119.005	298.000
404.000	5119.007	374.000
405.000	5119.010	354.000
406.000	5119.012	352.000
407.000	5119.015	338.000
408.000	5119.017	322.000
409.000	5119.020	320.000
410.000	5119.023	298.000
411.000	5119.025	362.000
412.000	5119.028	362.000
413.000	5119.030	406.000
414.000	5119.033	334.000
415.000	5119.035	346.000
416.000	5119.038	342.000
417.000	5119.040	352.000
418.000	5119.042	352.000
419.000	5119.045	310.000
420.000	5119.047	376.000
421.000	5119.050	336.000
422.000	5119.052	398.000
423.000	5119.055	330.000
424.000	5119.057	312.000
425.000	5119.060	356.000
426.000	5119.062	302.000
427.000	5119.065	318.000
428.000	5119.068	290.000
429.000	5119.070	344.000
430.000	5119.073	346.000
431.000	5119.075	360.000
432.000	5119.078	298.000
433.000	5119.080	310.000
434.000	5119.083	300.000
435.000	5119.085	336.000
436.000	5119.087	348.000
437.000	5119.090	354.000
438.000	5119.092	338.000
439.000	5119.095	346.000
440.000	5119.097	340.000
441.000	5119.100	334.000
442.000	5119.102	310.000
443.000	5119.105	352.000
444.000	5119.108	322.000
445.000	5119.110	372.000
446.000	5119.113	352.000
447.000	5119.115	340.000
448.000	5119.118	328.000
449.000	5119.120	396.000
450.000	5119.123	352.000
451.000	5119.125	372.000
452.000	5119.127	340.000
453.000	5119.130	314.000
454.000	5119.132	334.000
455.000	5119.135	298.000
456.000	5119.137	364.000
457.000	5119.140	286.000
458.000	5119.142	314.000
459.000	5119.145	358.000
460.000	5119.148	310.000
461.000	5119.150	346.000
462.000	5119.153	354.000
463.000	5119.155	306.000
464.000	5119.158	364.000
465.000	5119.160	372.000
466.000	5119.163	286.000
467.000	5119.165	304.000
468.000	5119.167	358.000
469.000	5119.170	320.000
470.000	5119.172	350.000
471.000	5119.175	354.000
472.000	5119.177	340.000
473.000	5119.180	312.000
474.000	5119.182	340.000
475.000	5119.185	340.000
476.000	5119.187	378.000
477.000	5119.190	308.000
478.000	5119.193	310.000
479.000	5119.195	330.000
480.000	5119.198	332.000
481.000	5119.200	312.000
482.000	5119.203	340.000
483.000	5119.205	332.000
484.000	5119.208	300.000
485.000	5119.210	346.000
486.000	5119.212	296.000
487.000	5119.215	308.000
488.000	5119.217	378.000
489.000	5119.220	314.000
490.000	5119.222	284.000
491.000	5119.225	328.000
492.000	5119.227	380.000
493.000	5119.230	306.000
494.000	5119.233	376.000
495.000	5119.235	298.000
496.000	5119.238	304.000
497.000	5119.240	356.000
498.000	5119.243	364.000
499.000	5119.245	354.000
500.000	5119.248	366.000
501.000	5119.250	372.000
502.000	5119.252	338.000
503.000	5119.255	364.000
504.000	5119.257	362.000
505.000	5119.260	340.000
506.000	5119.262	344.000
507.000	5119.265	320.000
508.000	5119.267	372.000
509.000	5119.270	394.000
510.000	5119.273	366.000
511.000	5119.275	280.000
512.000	5119.278	338.000
513.000	5119.280	322.000
514.000	5119.283	342.000
515.000	5119.285	386.000
516.000	5119.288	316.000
517.000	5119.290	354.000
518.000	5119.292	356.000
519.000	5119.295	320.000
520.000	5119.297	372.000
521.000	5119.300	320.000
522.000	5119.302	342.000
523.000	5119.305	356.000
524.000	5119.307	322.000
525.000	5119.310	356.000
526.000	5119.312	292.000
527.000	5119.315	354.000
528.000	5119.318	378.000
529.000	5119.320	286.000
530.000	5119.323	362.000
531.000	5119.325	396.000
532.000	5119.328	364.000
533.000	5119.330	336.000
534.000	5119.333	328.000
535.000	5119.335	350.000
536.000	5119.337	396.000
537.000	5119.340	352.000
538.000	5119.342	338.000
539.000	5119.345	336.000
540.000	5119.347	388.000
541.000	5119.350	322.000
542.000	5119.352	328.000
543.000	5119.355	370.000
544.000	5119.358	308.000
545.000	5119.360	340.000
546.000	5119.363	372.000
547.000	5119.365	324.000
548.000	5119.368	328.000
549.000	5119.370	360.000
550.000	5119.373	354.000
551.000	5119.375	352.000
552.000	5119.377	392.000
553.000	5119.380	332.000
554.000	5119.382	306.000
555.000	5119.385	304.000
556.000	5119.387	412.000
557.000	5119.390	316.000
558.000	5119.392	392.000
559.000	5119.395	306.000
560.000	5119.398	330.000
561.000	5119.400	296.000
562.000	5119.403	342.000
563.000	5119.405	316.000
564.000	5119.408	360.000
565.000	5119.410	288.000
566.000	5119.413	318.000
567.000	5119.415	306.000
568.000	5119.417	328.000
569.000	5119.420	340.000
570.000	5119.422	362.000
571.000	5119.425	312.000
572.000	5119.427	398.000
573.000	5119.430	374.000
574.000	5119.432	384.000
575.000	5119.435	366.000
576.000	5119.437	326.000
577.000	5119.440	338.000
578.000	5119.443	338.000
579.000	5119.445	344.000
580.000	5119.448	342.000
581.000	5119.450	334.000
582.000	5119.453	362.000
583.000	5119.455	374.000
584.000	5119.458	380.000
585.000	5119.460	346.000
586.000	5119.462	392.000
587.000	5119.465	324.000
588.000	5119.467	342.000
589.000	5119.470	352.000
590.000	5119.472	340.000
591.000	5119.475	378.000
592.000	5119.477	366.000
593.000	5119.480	346.000
594.000	5119.483	318.000
595.000	5119.485	382.000
596.000	5119.488	386.000
597.000	5119.490	344.000
598.000	5119.493	356.000
599.000	5119.495	364.000
600.000	5119.498	376.000
601.000	5119.500	346.000
