1.000	5113.400	275.000
2.000	5113.402	400.000
3.000	5113.405	295.000
4.000	5113.407	310.000
5.000	5113.410	305.000
6.000	5113.412	375.000
7.000	5113.415	355.000
8.000	5113.417	300.000
9.000	5113.420	275.000
10.000	5113.422	310.000
11.000	5113.425	435.000
12.000	5113.427	380.000
13.000	5113.430	265.000
14.000	5113.432	445.000
15.000	5113.435	300.000
16.000	5113.437	395.000
17.000	5113.440	320.000
18.000	5113.442	300.000
19.000	5113.445	375.000
20.000	5113.447	315.000
21.000	5113.450	355.000
22.000	5113.452	275.000
23.000	5113.455	330.000
24.000	5113.457	335.000
25.000	5113.460	460.000
26.000	5113.462	400.000
27.000	5113.465	265.000
28.000	5113.467	395.000
29.000	5113.470	310.000
30.000	5113.472	320.000
31.000	5113.475	290.000
32.000	5113.477	355.000
33.000	5113.480	355.000
34.000	5113.483	265.000
35.000	5113.485	385.000
36.000	5113.487	375.000
37.000	5113.490	370.000
38.000	5113.492	330.000
39.000	5113.495	475.000
40.000	5113.497	310.000
41.000	5113.500	380.000
42.000	5113.502	360.000
43.000	5113.505	375.000
44.000	5113.507	280.000
45.000	5113.510	245.000
46.000	5113.512	415.000
47.000	5113.515	395.000
48.000	5113.517	335.000
49.000	5113.520	305.000
50.000	5113.523	380.000
51.000	5113.525	420.000
52.000	5113.527	365.000
53.000	5113.530	385.000
54.000	5113.532	335.000
55.000	5113.535	295.000
56.000	5113.537	235.000
57.000	5113.540	290.000
58.000	5113.542	250.000
59.000	5113.545	370.000
60.000	5113.547	320.000
61.000	5113.550	410.000
62.000	5113.552	340.000
63.000	5113.555	355.000
64.000	5113.557	355.000
65.000	5113.560	300.000
66.000	5113.562	315.000
67.000	5113.565	490.000
68.000	5113.567	425.000
69.000	5113.570	350.000
70.000	5113.572	365.000
71.000	5113.575	285.000
72.000	5113.577	260.000
73.000	5113.580	245.000
74.000	5113.582	330.000
75.000	5113.585	400.000
76.000	5113.587	290.000
77.000	5113.590	335.000
78.000	5113.592	300.000
79.000	5113.595	415.000
80.000	5113.597	410.000
81.000	5113.600	330.000
82.000	5113.602	330.000
83.000	5113.605	310.000
84.000	5113.608	300.000
85.000	5113.610	280.000
86.000	5113.612	290.000
87.000	5113.615	335.000
88.000	5113.617	300.000
89.000	5113.620	265.000
90.000	5113.622	345.000
91.000	5113.625	385.000
92.000	5113.627	345.000
93.000	5113.630	285.000
94.000	5113.632	355.000
95.000	5113.635	305.000
96.000	5113.637	390.000
97.000	5113.640	320.000
98.000	5113.642	395.000
99.000	5113.645	375.000
100.000	5113.648	325.000
101.000	5113.650	360.000
102.000	5113.652	295.000
103.000	5113.655	370.000
104.000	5113.657	430.000
105.000	5113.660	350.000
106.000	5113.662	325.000
107.000	5113.665	365.000
108.000	5113.667	435.000
109.000	5113.670	360.000
110.000	5113.672	390.000
111.000	5113.675	360.000
112.000	5113.677	380.000
113.000	5113.680	355.000
114.000	5113.682	310.000
115.000	5113.685	290.000
116.000	5113.687	320.000
117.000	5113.690	280.000
118.000	5113.692	395.000
119.000	5113.695	300.000
120.000	5113.697	375.000
121.000	5113.700	335.000
122.000	5113.702	310.000
123.000	5113.705	375.000
124.000	5113.707	355.000
125.000	5113.710	295.000
126.000	5113.712	345.000
127.000	5113.715	335.000
128.000	5113.717	290.000
129.000	5113.720	355.000
130.000	5113.722	375.000
131.000	5113.725	335.000
132.000	5113.727	375.000
133.000	5113.730	310.000
134.000	5113.733	330.000
135.000	5113.735	370.000
136.000	5113.737	350.000
137.000	5113.740	410.000
138.000	5113.742	325.000
139.000	5113.745	360.000
140.000	5113.747	390.000
141.000	5113.750	280.000
142.000	5113.752	260.000
143.000	5113.755	350.000
144.000	5113.757	440.000
145.000	5113.760	265.000
146.000	5113.762	305.000
147.000	5113.765	400.000
148.000	5113.767	365.000
149.000	5113.770	345.000
150.000	5113.773	420.000
151.000	5113.775	260.000
152.000	5113.777	450.000
153.000	5113.780	340.000
154.000	5113.782	305.000
155.000	5113.785	390.000
156.000	5113.787	340.000
157.000	5113.790	335.000
158.000	5113.792	425.000
159.000	5113.795	290.000
160.000	5113.797	330.000
161.000	5113.800	370.000
162.000	5113.802	385.000
163.000	5113.805	265.000
164.000	5113.807	430.000
165.000	5113.810	330.000
166.000	5113.812	365.000
167.000	5113.815	430.000
168.000	5113.817	355.000
169.000	5113.820	365.000
170.000	5113.822	400.000
171.000	5113.825	295.000
172.000	5113.827	290.000
173.000	5113.830	415.000
174.000	5113.832	405.000
175.000	5113.835	350.000
176.000	5113.837	375.000
177.000	5113.840	350.000
178.000	5113.842	310.000
179.000	5113.845	410.000
180.000	5113.847	350.000
181.000	5113.850	370.000
182.000	5113.852	250.000
183.000	5113.855	430.000
184.000	5113.858	320.000
185.000	5113.860	420.000
186.000	5113.862	310.000
187.000	5113.865	390.000
188.000	5113.867	390.000
189.000	5113.870	290.000
190.000	5113.872	365.000
191.000	5113.875	360.000
192.000	5113.877	395.000
193.000	5113.880	380.000
194.000	5113.882	280.000
195.000	5113.885	375.000
196.000	5113.887	430.000
197.000	5113.890	380.000
198.000	5113.892	355.000
199.000	5113.895	380.000
200.000	5113.898	295.000
201.000	5113.900	290.000
202.000	5113.902	350.000
203.000	5113.905	395.000
204.000	5113.907	430.000
205.000	5113.910	385.000
206.000	5113.912	375.000
207.000	5113.915	395.000
208.000	5113.917	500.000
209.000	5113.920	290.000
210.000	5113.922	330.000
211.000	5113.925	340.000
212.000	5113.927	385.000
213.000	5113.930	395.000
214.000	5113.932	285.000
215.000	5113.935	370.000
216.000	5113.937	445.000
217.000	5113.940	410.000
218.000	5113.942	375.000
219.000	5113.945	425.000
220.000	5113.947	445.000
221.000	5113.950	340.000
222.000	5113.952	355.000
223.000	5113.955	410.000
224.000	5113.957	440.000
225.000	5113.960	415.000
226.000	5113.962	480.000
227.000	5113.965	425.000
228.000	5113.967	365.000
229.000	5113.970	440.000
230.000	5113.972	420.000
231.000	5113.975	440.000
232.000	5113.977	430.000
233.000	5113.980	580.000
234.000	5113.983	515.000
235.000	5113.985	480.000
236.000	5113.987	470.000
237.000	5113.990	475.000
238.000	5113.992	455.000
239.000	5113.995	495.000
240.000	5113.997	535.000
241.000	5114.000	460.000
242.000	5114.002	445.000
243.000	5114.005	515.000
244.000	5114.007	465.000
245.000	5114.010	460.000
246.000	5114.012	530.000
247.000	5114.015	540.000
248.000	5114.017	460.000
249.000	5114.020	450.000
250.000	5114.023	435.000
251.000	5114.025	505.000
252.000	5114.027	445.000
253.000	5114.030	520.000
254.000	5114.032	450.000
255.000	5114.035	545.000
256.000	5114.037	550.000
257.000	5114.040	580.000
258.000	5114.042	500.000
259.000	5114.045	395.000
260.000	5114.047	495.000
261.000	5114.050	450.000
262.000	5114.052	480.000
263.000	5114.055	540.000
264.000	5114.057	575.000
265.000	5114.060	570.000
266.000	5114.062	575.000
267.000	5114.065	600.000
268.000	5114.067	570.000
269.000	5114.070	615.000
270.000	5114.072	575.000
271.000	5114.075	575.000
272.000	5114.077	595.000
273.000	5114.080	685.000
274.000	5114.082	610.000
275.000	5114.085	590.000
276.000	5114.087	585.000
277.000	5114.090	630.000
278.000	5114.092	580.000
279.000	5114.095	710.000
280.000	5114.097	595.000
281.000	5114.100	710.000
282.000	5114.102	660.000
283.000	5114.105	675.000
284.000	5114.108	720.000
285.000	5114.110	530.000
286.000	5114.112	560.000
287.000	5114.115	505.000
288.000	5114.117	540.000
289.000	5114.120	560.000
290.000	5114.122	545.000
291.000	5114.125	515.000
292.000	5114.127	565.000
293.000	5114.130	535.000
294.000	5114.132	560.000
295.000	5114.135	520.000
296.000	5114.137	550.000
297.000	5114.140	540.000
298.000	5114.142	580.000
299.000	5114.145	525.000
300.000	5114.148	575.000
301.000	5114.150	550.000
302.000	5114.152	495.000
303.000	5114.155	525.000
304.000	5114.157	430.000
305.000	5114.160	615.000
306.000	5114.162	575.000
307.000	5114.165	540.000
308.000	5114.167	430.000
309.000	5114.170	500.000
310.000	5114.172	470.000
311.000	5114.175	440.000
312.000	5114.177	530.000
313.000	5114.180	500.000
314.000	5114.182	445.000
315.000	5114.185	530.000
316.000	5114.187	420.000
317.000	5114.190	505.000
318.000	5114.192	435.000
319.000	5114.195	310.000
320.000	5114.197	350.000
321.000	5114.200	425.000
322.000	5114.202	400.000
323.000	5114.205	450.000
324.000	5114.207	370.000
325.000	5114.210	395.000
326.000	5114.212	365.000
327.000	5114.215	395.000
328.000	5114.217	355.000
329.000	5114.220	365.000
330.000	5114.222	380.000
331.000	5114.225	320.000
332.000	5114.227	415.000
333.000	5114.230	410.000
334.000	5114.233	330.000
335.000	5114.235	390.000
336.000	5114.237	340.000
337.000	5114.240	315.000
338.000	5114.242	330.000
339.000	5114.245	315.000
340.000	5114.247	415.000
341.000	5114.250	400.000
342.000	5114.252	370.000
343.000	5114.255	290.000
344.000	5114.257	310.000
345.000	5114.260	325.000
346.000	5114.262	405.000
347.000	5114.265	400.000
348.000	5114.267	400.000
349.000	5114.270	285.000
350.000	5114.273	375.000
351.000	5114.275	355.000
352.000	5114.277	415.000
353.000	5114.280	280.000
354.000	5114.282	365.000
355.000	5114.285	320.000
356.000	5114.287	250.000
357.000	5114.290	405.000
358.000	5114.292	345.000
359.000	5114.295	345.000
360.000	5114.297	350.000
361.000	5114.300	335.000
362.000	5114.302	260.000
363.000	5114.305	300.000
364.000	5114.307	340.000
365.000	5114.310	400.000
366.000	5114.312	395.000
367.000	5114.315	345.000
368.000	5114.317	470.000
369.000	5114.320	320.000
370.000	5114.322	335.000
371.000	5114.325	320.000
372.000	5114.327	390.000
373.000	5114.330	270.000
374.000	5114.332	355.000
375.000	5114.335	290.000
376.000	5114.337	390.000
377.000	5114.340	345.000
378.000	5114.342	355.000
379.000	5114.345	350.000
380.000	5114.347	390.000
381.000	5114.350	305.000
382.000	5114.352	360.000
383.000	5114.355	335.000
384.000	5114.358	345.000
385.000	5114.360	340.000
386.000	5114.362	300.000
387.000	5114.365	295.000
388.000	5114.367	405.000
389.000	5114.370	385.000
390.000	5114.372	330.000
391.000	5114.375	475.000
392.000	5114.377	335.000
393.000	5114.380	395.000
394.000	5114.382	405.000
395.000	5114.385	430.000
396.000	5114.387	330.000
397.000	5114.390	340.000
398.000	5114.392	320.000
399.000	5114.395	380.000
400.000	5114.398	300.000
401.000	5114.400	395.000
402.000	5114.402	400.000
403.000	5114.405	340.000
404.000	5114.407	335.000
405.000	5114.410	355.000
406.000	5114.412	390.000
407.000	5114.415	410.000
408.000	5114.417	330.000
409.000	5114.420	315.000
410.000	5114.422	420.000
411.000	5114.425	395.000
412.000	5114.427	285.000
413.000	5114.430	350.000
414.000	5114.432	410.000
415.000	5114.435	335.000
416.000	5114.437	385.000
417.000	5114.440	280.000
418.000	5114.442	330.000
419.000	5114.445	380.000
420.000	5114.447	410.000
421.000	5114.450	360.000
422.000	5114.452	275.000
423.000	5114.455	340.000
424.000	5114.457	395.000
425.000	5114.460	410.000
426.000	5114.462	365.000
427.000	5114.465	340.000
428.000	5114.467	350.000
429.000	5114.470	215.000
430.000	5114.472	300.000
431.000	5114.475	345.000
432.000	5114.477	350.000
433.000	5114.480	345.000
434.000	5114.483	380.000
435.000	5114.485	355.000
436.000	5114.487	340.000
437.000	5114.490	360.000
438.000	5114.492	340.000
439.000	5114.495	295.000
440.000	5114.497	290.000
441.000	5114.500	430.000
442.000	5114.502	345.000
443.000	5114.505	265.000
444.000	5114.507	395.000
445.000	5114.510	350.000
446.000	5114.512	260.000
447.000	5114.515	345.000
448.000	5114.517	350.000
449.000	5114.520	320.000
450.000	5114.523	310.000
451.000	5114.525	430.000
452.000	5114.527	320.000
453.000	5114.530	420.000
454.000	5114.532	330.000
455.000	5114.535	315.000
456.000	5114.537	310.000
457.000	5114.540	330.000
458.000	5114.542	300.000
459.000	5114.545	335.000
460.000	5114.547	330.000
461.000	5114.550	285.000
462.000	5114.552	410.000
463.000	5114.555	385.000
464.000	5114.557	330.000
465.000	5114.560	375.000
466.000	5114.562	350.000
467.000	5114.565	380.000
468.000	5114.567	415.000
469.000	5114.570	330.000
470.000	5114.572	315.000
471.000	5114.575	450.000
472.000	5114.577	355.000
473.000	5114.580	440.000
474.000	5114.582	445.000
475.000	5114.585	290.000
476.000	5114.587	395.000
477.000	5114.590	385.000
478.000	5114.592	400.000
479.000	5114.595	430.000
480.000	5114.597	410.000
481.000	5114.600	310.000
