1.000	4949.000	320.000
2.000	4949.002	334.000
3.000	4949.005	326.000
4.000	4949.007	380.000
5.000	4949.010	320.000
6.000	4949.012	350.000
7.000	4949.015	326.000
8.000	4949.017	330.000
9.000	4949.020	386.000
10.000	4949.023	356.000
11.000	4949.025	350.000
12.000	4949.028	384.000
13.000	4949.030	386.000
14.000	4949.033	408.000
15.000	4949.035	368.000
16.000	4949.038	332.000
17.000	4949.040	356.000
18.000	4949.042	366.000
19.000	4949.045	408.000
20.000	4949.047	440.000
21.000	4949.050	352.000
22.000	4949.052	400.000
23.000	4949.055	350.000
24.000	4949.057	350.000
25.000	4949.060	424.000
26.000	4949.062	316.000
27.000	4949.065	356.000
28.000	4949.068	358.000
29.000	4949.070	340.000
30.000	4949.073	346.000
31.000	4949.075	306.000
32.000	4949.078	326.000
33.000	4949.080	322.000
34.000	4949.083	334.000
35.000	4949.085	388.000
36.000	4949.087	352.000
37.000	4949.090	334.000
38.000	4949.092	334.000
39.000	4949.095	364.000
40.000	4949.097	352.000
41.000	4949.100	330.000
42.000	4949.102	374.000
43.000	4949.105	306.000
44.000	4949.108	328.000
45.000	4949.110	326.000
46.000	4949.113	360.000
47.000	4949.115	348.000
48.000	4949.118	384.000
49.000	4949.120	380.000
50.000	4949.123	412.000
51.000	4949.125	348.000
52.000	4949.127	344.000
53.000	4949.130	324.000
54.000	4949.132	392.000
55.000	4949.135	338.000
56.000	4949.137	372.000
57.000	4949.140	342.000
58.000	4949.142	368.000
59.000	4949.145	384.000
60.000	4949.148	334.000
61.000	4949.150	320.000
62.000	4949.153	304.000
63.000	4949.155	410.000
64.000	4949.158	372.000
65.000	4949.160	334.000
66.000	4949.163	384.000
67.000	4949.165	322.000
68.000	4949.167	364.000
69.000	4949.170	360.000
70.000	4949.172	360.000
71.000	4949.175	354.000
72.000	4949.177	320.000
73.000	4949.180	344.000
74.000	4949.182	382.000
75.000	4949.185	308.000
76.000	4949.187	352.000
77.000	4949.190	440.000
78.000	4949.193	372.000
79.000	4949.195	344.000
80.000	4949.198	332.000
81.000	4949.200	356.000
82.000	4949.203	308.000
83.000	4949.205	386.000
84.000	4949.208	324.000
85.000	4949.210	362.000
86.000	4949.212	376.000
87.000	4949.215	332.000
88.000	4949.217	338.000
89.000	4949.220	360.000
90.000	4949.222	402.000
91.000	4949.225	326.000
92.000	4949.227	366.000
93.000	4949.230	396.000
94.000	4949.233	328.000
95.000	4949.235	324.000
96.000	4949.238	388.000
97.000	4949.240	294.000
98.000	4949.243	324.000
99.000	4949.245	320.000
100.000	4949.248	308.000
101.000	4949.250	362.000
102.000	4949.252	360.000
103.000	4949.255	322.000
104.000	4949.257	310.000
105.000	4949.260	336.000
106.000	4949.262	406.000
107.000	4949.265	312.000
108.000	4949.267	324.000
109.000	4949.270	334.000
110.000	4949.273	354.000
111.000	4949.275	336.000
112.000	4949.278	406.000
113.000	4949.280	374.000
114.000	4949.283	348.000
115.000	4949.285	394.000
116.000	4949.288	320.000
117.000	4949.290	362.000
118.000	4949.292	370.000
119.000	4949.295	362.000
120.000	4949.297	332.000
121.000	4949.300	354.000
122.000	4949.302	286.000
123.000	4949.305	338.000
124.000	4949.307	298.000
125.000	4949.310	340.000
126.000	4949.312	320.000
127.000	4949.315	374.000
128.000	4949.318	328.000
129.000	4949.320	332.000
130.000	4949.323	334.000
131.000	4949.325	358.000
132.000	4949.328	364.000
133.000	4949.330	328.000
134.000	4949.333	330.000
135.000	4949.335	354.000
136.000	4949.337	328.000
137.000	4949.340	368.000
138.000	4949.342	370.000
139.000	4949.345	346.000
140.000	4949.347	324.000
141.000	4949.350	330.000
142.000	4949.352	404.000
143.000	4949.355	350.000
144.000	4949.358	366.000
145.000	4949.360	354.000
146.000	4949.363	384.000
147.000	4949.365	386.000
148.000	4949.368	358.000
149.000	4949.370	322.000
150.000	4949.373	384.000
151.000	4949.375	360.000
152.000	4949.377	348.000
153.000	4949.380	320.000
154.000	4949.382	362.000
155.000	4949.385	340.000
156.000	4949.387	358.000
157.000	4949.390	326.000
158.000	4949.392	334.000
159.000	4949.395	338.000
160.000	4949.398	320.000
161.000	4949.400	382.000
162.000	4949.403	372.000
163.000	4949.405	374.000
164.000	4949.408	312.000
165.000	4949.410	336.000
166.000	4949.413	376.000
167.000	4949.415	312.000
168.000	4949.417	300.000
169.000	4949.420	290.000
170.000	4949.422	330.000
171.000	4949.425	288.000
172.000	4949.427	332.000
173.000	4949.430	316.000
174.000	4949.432	352.000
175.000	4949.435	292.000
176.000	4949.437	334.000
177.000	4949.440	328.000
178.000	4949.443	386.000
179.000	4949.445	378.000
180.000	4949.448	332.000
181.000	4949.450	320.000
182.000	4949.453	282.000
183.000	4949.455	322.000
184.000	4949.458	326.000
185.000	4949.460	388.000
186.000	4949.462	336.000
187.000	4949.465	410.000
188.000	4949.467	342.000
189.000	4949.470	368.000
190.000	4949.472	368.000
191.000	4949.475	378.000
192.000	4949.477	360.000
193.000	4949.480	342.000
194.000	4949.483	322.000
195.000	4949.485	348.000
196.000	4949.488	268.000
197.000	4949.490	358.000
198.000	4949.493	364.000
199.000	4949.495	310.000
200.000	4949.498	334.000
201.000	4949.500	340.000
202.000	4949.502	338.000
203.000	4949.505	420.000
204.000	4949.507	358.000
205.000	4949.510	360.000
206.000	4949.512	418.000
207.000	4949.515	352.000
208.000	4949.517	372.000
209.000	4949.520	360.000
210.000	4949.523	388.000
211.000	4949.525	362.000
212.000	4949.528	352.000
213.000	4949.530	360.000
214.000	4949.533	338.000
215.000	4949.535	340.000
216.000	4949.538	360.000
217.000	4949.540	386.000
218.000	4949.542	376.000
219.000	4949.545	364.000
220.000	4949.547	408.000
221.000	4949.550	398.000
222.000	4949.552	354.000
223.000	4949.555	332.000
224.000	4949.557	342.000
225.000	4949.560	390.000
226.000	4949.562	358.000
227.000	4949.565	358.000
228.000	4949.568	348.000
229.000	4949.570	356.000
230.000	4949.573	406.000
231.000	4949.575	406.000
232.000	4949.578	468.000
233.000	4949.580	416.000
234.000	4949.583	376.000
235.000	4949.585	404.000
236.000	4949.587	396.000
237.000	4949.590	420.000
238.000	4949.592	446.000
239.000	4949.595	380.000
240.000	4949.597	384.000
241.000	4949.600	408.000
242.000	4949.602	392.000
243.000	4949.605	398.000
244.000	4949.608	388.000
245.000	4949.610	394.000
246.000	4949.613	456.000
247.000	4949.615	442.000
248.000	4949.618	434.000
249.000	4949.620	504.000
250.000	4949.623	438.000
251.000	4949.625	462.000
252.000	4949.627	460.000
253.000	4949.630	436.000
254.000	4949.632	458.000
255.000	4949.635	474.000
256.000	4949.637	420.000
257.000	4949.640	452.000
258.000	4949.642	464.000
259.000	4949.645	446.000
260.000	4949.648	490.000
261.000	4949.650	544.000
262.000	4949.653	600.000
263.000	4949.655	634.000
264.000	4949.658	548.000
265.000	4949.660	582.000
266.000	4949.663	620.000
267.000	4949.665	588.000
268.000	4949.667	570.000
269.000	4949.670	640.000
270.000	4949.672	654.000
271.000	4949.675	594.000
272.000	4949.677	640.000
273.000	4949.680	738.000
274.000	4949.682	736.000
275.000	4949.685	648.000
276.000	4949.687	716.000
277.000	4949.690	698.000
278.000	4949.693	706.000
279.000	4949.695	772.000
280.000	4949.698	690.000
281.000	4949.700	796.000
282.000	4949.703	788.000
283.000	4949.705	686.000
284.000	4949.708	794.000
285.000	4949.710	868.000
286.000	4949.712	906.000
287.000	4949.715	948.000
288.000	4949.717	926.000
289.000	4949.720	1006.000
290.000	4949.722	1162.000
291.000	4949.725	1046.000
292.000	4949.727	988.000
293.000	4949.730	1082.000
294.000	4949.733	1160.000
295.000	4949.735	1186.000
296.000	4949.738	1110.000
297.000	4949.740	1254.000
298.000	4949.743	1312.000
299.000	4949.745	1124.000
300.000	4949.748	1260.000
301.000	4949.750	1248.000
302.000	4949.752	1292.000
303.000	4949.755	1178.000
304.000	4949.757	1082.000
305.000	4949.760	1162.000
306.000	4949.762	1182.000
307.000	4949.765	1148.000
308.000	4949.767	1114.000
309.000	4949.770	1126.000
310.000	4949.773	1128.000
311.000	4949.775	1160.000
312.000	4949.778	1110.000
313.000	4949.780	1128.000
314.000	4949.783	1250.000
315.000	4949.785	1188.000
316.000	4949.788	1110.000
317.000	4949.790	1214.000
318.000	4949.792	1320.000
319.000	4949.795	1238.000
320.000	4949.797	1344.000
321.000	4949.800	1288.000
322.000	4949.802	1460.000
323.000	4949.805	1408.000
324.000	4949.807	1482.000
325.000	4949.810	1446.000
326.000	4949.812	1588.000
327.000	4949.815	1624.000
328.000	4949.818	1590.000
329.000	4949.820	1622.000
330.000	4949.823	1736.000
331.000	4949.825	1770.000
332.000	4949.828	1796.000
333.000	4949.830	1844.000
334.000	4949.833	2032.000
335.000	4949.835	2124.000
336.000	4949.837	1892.000
337.000	4949.840	2096.000
338.000	4949.842	2072.000
339.000	4949.845	1992.000
340.000	4949.847	1956.000
341.000	4949.850	2064.000
342.000	4949.852	2122.000
343.000	4949.855	1978.000
344.000	4949.858	1950.000
345.000	4949.860	2022.000
346.000	4949.863	2050.000
347.000	4949.865	2024.000
348.000	4949.868	2026.000
349.000	4949.870	2114.000
350.000	4949.873	2246.000
351.000	4949.875	2264.000
352.000	4949.877	2144.000
353.000	4949.880	2044.000
354.000	4949.882	2100.000
355.000	4949.885	2050.000
356.000	4949.887	2128.000
357.000	4949.890	1954.000
358.000	4949.892	2082.000
359.000	4949.895	1950.000
360.000	4949.898	1914.000
361.000	4949.900	1944.000
362.000	4949.903	1846.000
363.000	4949.905	1914.000
364.000	4949.908	1960.000
365.000	4949.910	1866.000
366.000	4949.913	1738.000
367.000	4949.915	1756.000
368.000	4949.917	1674.000
369.000	4949.920	1622.000
370.000	4949.922	1608.000
371.000	4949.925	1520.000
372.000	4949.927	1492.000
373.000	4949.930	1440.000
374.000	4949.932	1430.000
375.000	4949.935	1380.000
376.000	4949.937	1268.000
377.000	4949.940	1154.000
378.000	4949.943	1286.000
379.000	4949.945	1204.000
380.000	4949.948	1216.000
381.000	4949.950	1202.000
382.000	4949.953	1102.000
383.000	4949.955	1046.000
384.000	4949.958	1222.000
385.000	4949.960	962.000
386.000	4949.962	986.000
387.000	4949.965	928.000
388.000	4949.967	966.000
389.000	4949.970	878.000
390.000	4949.972	866.000
391.000	4949.975	936.000
392.000	4949.977	1024.000
393.000	4949.980	866.000
394.000	4949.983	776.000
395.000	4949.985	806.000
396.000	4949.988	814.000
397.000	4949.990	762.000
398.000	4949.993	686.000
399.000	4949.995	738.000
400.000	4949.998	680.000
401.000	4950.000	686.000
402.000	4950.002	704.000
403.000	4950.005	680.000
404.000	4950.007	612.000
405.000	4950.010	608.000
406.000	4950.012	608.000
407.000	4950.015	608.000
408.000	4950.017	604.000
409.000	4950.020	544.000
410.000	4950.023	456.000
411.000	4950.025	544.000
412.000	4950.028	582.000
413.000	4950.030	448.000
414.000	4950.033	554.000
415.000	4950.035	528.000
416.000	4950.038	552.000
417.000	4950.040	426.000
418.000	4950.042	452.000
419.000	4950.045	426.000
420.000	4950.047	446.000
421.000	4950.050	500.000
422.000	4950.052	432.000
423.000	4950.055	420.000
424.000	4950.057	474.000
425.000	4950.060	398.000
426.000	4950.062	408.000
427.000	4950.065	398.000
428.000	4950.068	410.000
429.000	4950.070	382.000
430.000	4950.073	384.000
431.000	4950.075	466.000
432.000	4950.078	380.000
433.000	4950.080	360.000
434.000	4950.083	394.000
435.000	4950.085	316.000
436.000	4950.087	340.000
437.000	4950.090	402.000
438.000	4950.092	378.000
439.000	4950.095	364.000
440.000	4950.097	356.000
441.000	4950.100	318.000
442.000	4950.102	326.000
443.000	4950.105	346.000
444.000	4950.108	330.000
445.000	4950.110	354.000
446.000	4950.113	330.000
447.000	4950.115	358.000
448.000	4950.118	326.000
449.000	4950.120	326.000
450.000	4950.123	362.000
451.000	4950.125	304.000
452.000	4950.127	400.000
453.000	4950.130	396.000
454.000	4950.132	340.000
455.000	4950.135	336.000
456.000	4950.137	368.000
457.000	4950.140	356.000
458.000	4950.142	360.000
459.000	4950.145	370.000
460.000	4950.148	388.000
461.000	4950.150	332.000
462.000	4950.153	316.000
463.000	4950.155	334.000
464.000	4950.158	344.000
465.000	4950.160	328.000
466.000	4950.163	388.000
467.000	4950.165	392.000
468.000	4950.167	356.000
469.000	4950.170	328.000
470.000	4950.172	340.000
471.000	4950.175	370.000
472.000	4950.177	304.000
473.000	4950.180	390.000
474.000	4950.182	334.000
475.000	4950.185	340.000
476.000	4950.187	374.000
477.000	4950.190	356.000
478.000	4950.193	356.000
479.000	4950.195	376.000
480.000	4950.198	360.000
481.000	4950.200	272.000
482.000	4950.203	362.000
483.000	4950.205	350.000
484.000	4950.208	338.000
485.000	4950.210	318.000
486.000	4950.212	370.000
487.000	4950.215	336.000
488.000	4950.217	292.000
489.000	4950.220	340.000
490.000	4950.222	312.000
491.000	4950.225	280.000
492.000	4950.227	360.000
493.000	4950.230	326.000
494.000	4950.233	382.000
495.000	4950.235	300.000
496.000	4950.238	324.000
497.000	4950.240	332.000
498.000	4950.243	314.000
499.000	4950.245	332.000
500.000	4950.248	382.000
501.000	4950.250	330.000
502.000	4950.252	314.000
503.000	4950.255	318.000
504.000	4950.257	354.000
505.000	4950.260	348.000
506.000	4950.262	362.000
507.000	4950.265	338.000
508.000	4950.267	342.000
509.000	4950.270	352.000
510.000	4950.273	332.000
511.000	4950.275	310.000
512.000	4950.278	346.000
513.000	4950.280	328.000
514.000	4950.283	364.000
515.000	4950.285	294.000
516.000	4950.288	352.000
517.000	4950.290	350.000
518.000	4950.292	316.000
519.000	4950.295	334.000
520.000	4950.297	350.000
521.000	4950.300	352.000
522.000	4950.302	384.000
523.000	4950.305	370.000
524.000	4950.307	340.000
525.000	4950.310	390.000
526.000	4950.312	318.000
527.000	4950.315	318.000
528.000	4950.318	296.000
529.000	4950.320	310.000
530.000	4950.323	354.000
531.000	4950.325	294.000
532.000	4950.328	324.000
533.000	4950.330	334.000
534.000	4950.333	366.000
535.000	4950.335	328.000
536.000	4950.337	384.000
537.000	4950.340	338.000
538.000	4950.342	346.000
539.000	4950.345	364.000
540.000	4950.347	342.000
541.000	4950.350	308.000
542.000	4950.352	326.000
543.000	4950.355	298.000
544.000	4950.358	416.000
545.000	4950.360	324.000
546.000	4950.363	364.000
547.000	4950.365	348.000
548.000	4950.368	328.000
549.000	4950.370	318.000
550.000	4950.373	306.000
551.000	4950.375	326.000
552.000	4950.377	340.000
553.000	4950.380	340.000
554.000	4950.382	278.000
555.000	4950.385	368.000
556.000	4950.387	340.000
557.000	4950.390	360.000
558.000	4950.392	360.000
559.000	4950.395	282.000
560.000	4950.398	348.000
561.000	4950.400	358.000
562.000	4950.403	360.000
563.000	4950.405	336.000
564.000	4950.408	362.000
565.000	4950.410	310.000
566.000	4950.413	376.000
567.000	4950.415	364.000
568.000	4950.417	342.000
569.000	4950.420	294.000
570.000	4950.422	348.000
571.000	4950.425	384.000
572.000	4950.427	382.000
573.000	4950.430	338.000
574.000	4950.432	318.000
575.000	4950.435	304.000
576.000	4950.437	358.000
577.000	4950.440	364.000
578.000	4950.443	314.000
579.000	4950.445	388.000
580.000	4950.448	388.000
581.000	4950.450	362.000
582.000	4950.453	352.000
583.000	4950.455	336.000
584.000	4950.458	394.000
585.000	4950.460	346.000
586.000	4950.462	392.000
587.000	4950.465	334.000
588.000	4950.467	386.000
589.000	4950.470	294.000
590.000	4950.472	398.000
591.000	4950.475	316.000
592.000	4950.477	380.000
593.000	4950.480	406.000
594.000	4950.483	334.000
595.000	4950.485	292.000
596.000	4950.488	318.000
597.000	4950.490	322.000
598.000	4950.493	294.000
599.000	4950.495	352.000
600.000	4950.498	300.000
601.000	4950.500	332.000
