1.000	4716.500	1050.000
2.000	4716.502	1040.000
3.000	4716.505	932.000
4.000	4716.507	1020.000
5.000	4716.510	930.000
6.000	4716.512	1044.000
7.000	4716.515	932.000
8.000	4716.517	992.000
9.000	4716.520	932.000
10.000	4716.523	968.000
11.000	4716.525	972.000
12.000	4716.528	914.000
13.000	4716.530	1084.000
14.000	4716.533	1004.000
15.000	4716.535	1032.000
16.000	4716.538	982.000
17.000	4716.540	1000.000
18.000	4716.542	996.000
19.000	4716.545	1038.000
20.000	4716.547	1070.000
21.000	4716.550	1072.000
22.000	4716.552	1078.000
23.000	4716.555	1134.000
24.000	4716.557	1034.000
25.000	4716.560	1076.000
26.000	4716.562	1156.000
27.000	4716.565	970.000
28.000	4716.568	1000.000
29.000	4716.570	1070.000
30.000	4716.573	1108.000
31.000	4716.575	1202.000
32.000	4716.578	1230.000
33.000	4716.580	1110.000
34.000	4716.583	1118.000
35.000	4716.585	1100.000
36.000	4716.587	1134.000
37.000	4716.590	1216.000
38.000	4716.592	1108.000
39.000	4716.595	1158.000
40.000	4716.597	1118.000
41.000	4716.600	1212.000
42.000	4716.602	1156.000
43.000	4716.605	1206.000
44.000	4716.608	1254.000
45.000	4716.610	1252.000
46.000	4716.613	1294.000
47.000	4716.615	1266.000
48.000	4716.618	1206.000
49.000	4716.620	1250.000
50.000	4716.623	1276.000
51.000	4716.625	1280.000
52.000	4716.627	1324.000
53.000	4716.630	1486.000
54.000	4716.632	1322.000
55.000	4716.635	1474.000
56.000	4716.637	1282.000
57.000	4716.640	1366.000
58.000	4716.642	1318.000
59.000	4716.645	1344.000
60.000	4716.648	1378.000
61.000	4716.650	1372.000
62.000	4716.653	1502.000
63.000	4716.655	1464.000
64.000	4716.658	1464.000
65.000	4716.660	1556.000
66.000	4716.663	1468.000
67.000	4716.665	1342.000
68.000	4716.667	1448.000
69.000	4716.670	1492.000
70.000	4716.672	1548.000
71.000	4716.675	1420.000
72.000	4716.677	1612.000
73.000	4716.680	1644.000
74.000	4716.682	1510.000
75.000	4716.685	1526.000
76.000	4716.687	1532.000
77.000	4716.690	1662.000
78.000	4716.693	1548.000
79.000	4716.695	1698.000
80.000	4716.698	1498.000
81.000	4716.700	1584.000
82.000	4716.703	1780.000
83.000	4716.705	1636.000
84.000	4716.708	1650.000
85.000	4716.710	1728.000
86.000	4716.712	1612.000
87.000	4716.715	1814.000
88.000	4716.717	1754.000
89.000	4716.720	1784.000
90.000	4716.722	1776.000
91.000	4716.725	1804.000
92.000	4716.727	1788.000
93.000	4716.730	1846.000
94.000	4716.733	1792.000
95.000	4716.735	1906.000
96.000	4716.738	1792.000
97.000	4716.740	1834.000
98.000	4716.743	1884.000
99.000	4716.745	1804.000
100.000	4716.748	1834.000
101.000	4716.750	1866.000
102.000	4716.752	1876.000
103.000	4716.755	1924.000
104.000	4716.757	1916.000
105.000	4716.760	1942.000
106.000	4716.762	2114.000
107.000	4716.765	2060.000
108.000	4716.767	1870.000
109.000	4716.770	2004.000
110.000	4716.773	2092.000
111.000	4716.775	1956.000
112.000	4716.778	2026.000
113.000	4716.780	1946.000
114.000	4716.783	2072.000
115.000	4716.785	2038.000
116.000	4716.788	1934.000
117.000	4716.790	2068.000
118.000	4716.792	2018.000
119.000	4716.795	2120.000
120.000	4716.797	2096.000
121.000	4716.800	2066.000
122.000	4716.802	2178.000
123.000	4716.805	2238.000
124.000	4716.807	2154.000
125.000	4716.810	2176.000
126.000	4716.812	2156.000
127.000	4716.815	2182.000
128.000	4716.818	2156.000
129.000	4716.820	2188.000
130.000	4716.823	2212.000
131.000	4716.825	2244.000
132.000	4716.828	2260.000
133.000	4716.830	2336.000
134.000	4716.833	2320.000
135.000	4716.835	2328.000
136.000	4716.837	2334.000
137.000	4716.840	2482.000
138.000	4716.842	2400.000
139.000	4716.845	2382.000
140.000	4716.847	2360.000
141.000	4716.850	2314.000
142.000	4716.852	2382.000
143.000	4716.855	2548.000
144.000	4716.858	2450.000
145.000	4716.860	2340.000
146.000	4716.863	2450.000
147.000	4716.865	2332.000
148.000	4716.868	2278.000
149.000	4716.870	2426.000
150.000	4716.873	2494.000
151.000	4716.875	2430.000
152.000	4716.877	2512.000
153.000	4716.880	2632.000
154.000	4716.882	2628.000
155.000	4716.885	2440.000
156.000	4716.887	2520.000
157.000	4716.890	2674.000
158.000	4716.892	2554.000
159.000	4716.895	2548.000
160.000	4716.898	2554.000
161.000	4716.900	2514.000
162.000	4716.903	2480.000
163.000	4716.905	2524.000
164.000	4716.908	2626.000
165.000	4716.910	2508.000
166.000	4716.913	2690.000
167.000	4716.915	2600.000
168.000	4716.917	2512.000
169.000	4716.920	2626.000
170.000	4716.922	2624.000
171.000	4716.925	2562.000
172.000	4716.927	2572.000
173.000	4716.930	2504.000
174.000	4716.932	2586.000
175.000	4716.935	2720.000
176.000	4716.937	2546.000
177.000	4716.940	2718.000
178.000	4716.943	2542.000
179.000	4716.945	2580.000
180.000	4716.948	2476.000
181.000	4716.950	2574.000
182.000	4716.953	2588.000
183.000	4716.955	2524.000
184.000	4716.958	2606.000
185.000	4716.960	2590.000
186.000	4716.962	2594.000
187.000	4716.965	2706.000
188.000	4716.967	2768.000
189.000	4716.970	2552.000
190.000	4716.972	2618.000
191.000	4716.975	2534.000
192.000	4716.977	2538.000
193.000	4716.980	2720.000
194.000	4716.983	2634.000
195.000	4716.985	2510.000
196.000	4716.988	2580.000
197.000	4716.990	2556.000
198.000	4716.993	2666.000
199.000	4716.995	2532.000
200.000	4716.998	2500.000
201.000	4717.000	2602.000
202.000	4717.002	2460.000
203.000	4717.005	2622.000
204.000	4717.007	2462.000
205.000	4717.010	2694.000
206.000	4717.012	2584.000
207.000	4717.015	2516.000
208.000	4717.017	2544.000
209.000	4717.020	2534.000
210.000	4717.023	2524.000
211.000	4717.025	2516.000
212.000	4717.028	2416.000
213.000	4717.030	2586.000
214.000	4717.033	2468.000
215.000	4717.035	2562.000
216.000	4717.038	2570.000
217.000	4717.040	2438.000
218.000	4717.042	2552.000
219.000	4717.045	2398.000
220.000	4717.047	2492.000
221.000	4717.050	2414.000
222.000	4717.052	2540.000
223.000	4717.055	2304.000
224.000	4717.057	2426.000
225.000	4717.060	2434.000
226.000	4717.062	2376.000
227.000	4717.065	2272.000
228.000	4717.068	2312.000
229.000	4717.070	2296.000
230.000	4717.073	2308.000
231.000	4717.075	2270.000
232.000	4717.078	2232.000
233.000	4717.080	2206.000
234.000	4717.083	2082.000
235.000	4717.085	2256.000
236.000	4717.087	2164.000
237.000	4717.090	2304.000
238.000	4717.092	2222.000
239.000	4717.095	2100.000
240.000	4717.097	2192.000
241.000	4717.100	2108.000
242.000	4717.102	2124.000
243.000	4717.105	2134.000
244.000	4717.108	2196.000
245.000	4717.110	2058.000
246.000	4717.113	2134.000
247.000	4717.115	2080.000
248.000	4717.118	2004.000
249.000	4717.120	1992.000
250.000	4717.123	2138.000
251.000	4717.125	1894.000
252.000	4717.127	1972.000
253.000	4717.130	1936.000
254.000	4717.132	1878.000
255.000	4717.135	1964.000
256.000	4717.137	1950.000
257.000	4717.140	1920.000
258.000	4717.142	1750.000
259.000	4717.145	1742.000
260.000	4717.148	1872.000
261.000	4717.150	1806.000
262.000	4717.153	1732.000
263.000	4717.155	1908.000
264.000	4717.158	1808.000
265.000	4717.160	1588.000
266.000	4717.163	1782.000
267.000	4717.165	1696.000
268.000	4717.167	1682.000
269.000	4717.170	1694.000
270.000	4717.172	1694.000
271.000	4717.175	1646.000
272.000	4717.177	1712.000
273.000	4717.180	1744.000
274.000	4717.182	1692.000
275.000	4717.185	1666.000
276.000	4717.187	1612.000
277.000	4717.190	1600.000
278.000	4717.193	1612.000
279.000	4717.195	1670.000
280.000	4717.198	1660.000
281.000	4717.200	1552.000
282.000	4717.203	1628.000
283.000	4717.205	1568.000
284.000	4717.208	1522.000
285.000	4717.210	1412.000
286.000	4717.212	1450.000
287.000	4717.215	1536.000
288.000	4717.217	1488.000
289.000	4717.220	1302.000
290.000	4717.222	1406.000
291.000	4717.225	1452.000
292.000	4717.227	1410.000
293.000	4717.230	1490.000
294.000	4717.233	1346.000
295.000	4717.235	1314.000
296.000	4717.238	1388.000
297.000	4717.240	1334.000
298.000	4717.243	1300.000
299.000	4717.245	1306.000
300.000	4717.248	1312.000
301.000	4717.250	1348.000
302.000	4717.252	1232.000
303.000	4717.255	1200.000
304.000	4717.257	1158.000
305.000	4717.260	1174.000
306.000	4717.262	1206.000
307.000	4717.265	1214.000
308.000	4717.267	1128.000
309.000	4717.270	1082.000
310.000	4717.273	1054.000
311.000	4717.275	1084.000
312.000	4717.278	1010.000
313.000	4717.280	1086.000
314.000	4717.283	992.000
315.000	4717.285	1094.000
316.000	4717.288	1196.000
317.000	4717.290	1056.000
318.000	4717.292	1010.000
319.000	4717.295	972.000
320.000	4717.297	972.000
321.000	4717.300	1016.000
322.000	4717.302	948.000
323.000	4717.305	922.000
324.000	4717.307	924.000
325.000	4717.310	946.000
326.000	4717.312	808.000
327.000	4717.315	932.000
328.000	4717.318	896.000
329.000	4717.320	818.000
330.000	4717.323	768.000
331.000	4717.325	906.000
332.000	4717.328	904.000
333.000	4717.330	864.000
334.000	4717.333	804.000
335.000	4717.335	770.000
336.000	4717.337	838.000
337.000	4717.340	786.000
338.000	4717.342	830.000
339.000	4717.345	772.000
340.000	4717.347	846.000
341.000	4717.350	682.000
342.000	4717.352	684.000
343.000	4717.355	734.000
344.000	4717.358	728.000
345.000	4717.360	684.000
346.000	4717.363	730.000
347.000	4717.365	770.000
348.000	4717.368	626.000
349.000	4717.370	650.000
350.000	4717.373	692.000
351.000	4717.375	638.000
352.000	4717.377	674.000
353.000	4717.380	614.000
354.000	4717.382	668.000
355.000	4717.385	632.000
356.000	4717.387	648.000
357.000	4717.390	660.000
358.000	4717.392	594.000
359.000	4717.395	582.000
360.000	4717.398	620.000
361.000	4717.400	560.000
362.000	4717.403	552.000
363.000	4717.405	540.000
364.000	4717.408	544.000
365.000	4717.410	472.000
366.000	4717.413	550.000
367.000	4717.415	606.000
368.000	4717.417	524.000
369.000	4717.420	534.000
370.000	4717.422	508.000
371.000	4717.425	480.000
372.000	4717.427	484.000
373.000	4717.430	480.000
374.000	4717.432	524.000
375.000	4717.435	502.000
376.000	4717.437	556.000
377.000	4717.440	538.000
378.000	4717.443	502.000
379.000	4717.445	466.000
380.000	4717.448	492.000
381.000	4717.450	466.000
382.000	4717.453	490.000
383.000	4717.455	408.000
384.000	4717.458	464.000
385.000	4717.460	442.000
386.000	4717.462	452.000
387.000	4717.465	474.000
388.000	4717.467	412.000
389.000	4717.470	462.000
390.000	4717.472	418.000
391.000	4717.475	408.000
392.000	4717.477	484.000
393.000	4717.480	404.000
394.000	4717.483	442.000
395.000	4717.485	484.000
396.000	4717.488	468.000
397.000	4717.490	450.000
398.000	4717.493	478.000
399.000	4717.495	512.000
400.000	4717.498	410.000
401.000	4717.500	456.000
