1.000	4633.500	410.000
2.000	4633.502	432.000
3.000	4633.505	420.000
4.000	4633.507	422.000
5.000	4633.510	374.000
6.000	4633.512	460.000
7.000	4633.515	502.000
8.000	4633.517	412.000
9.000	4633.520	370.000
10.000	4633.523	388.000
11.000	4633.525	422.000
12.000	4633.528	424.000
13.000	4633.530	462.000
14.000	4633.533	376.000
15.000	4633.535	394.000
16.000	4633.538	462.000
17.000	4633.540	424.000
18.000	4633.542	394.000
19.000	4633.545	450.000
20.000	4633.547	432.000
21.000	4633.550	446.000
22.000	4633.552	418.000
23.000	4633.555	430.000
24.000	4633.557	428.000
25.000	4633.560	442.000
26.000	4633.562	464.000
27.000	4633.565	420.000
28.000	4633.568	428.000
29.000	4633.570	414.000
30.000	4633.573	420.000
31.000	4633.575	520.000
32.000	4633.578	472.000
33.000	4633.580	432.000
34.000	4633.583	402.000
35.000	4633.585	422.000
36.000	4633.587	404.000
37.000	4633.590	428.000
38.000	4633.592	470.000
39.000	4633.595	442.000
40.000	4633.597	436.000
41.000	4633.600	432.000
42.000	4633.602	446.000
43.000	4633.605	448.000
44.000	4633.608	458.000
45.000	4633.610	418.000
46.000	4633.613	446.000
47.000	4633.615	442.000
48.000	4633.618	414.000
49.000	4633.620	432.000
50.000	4633.623	446.000
51.000	4633.625	418.000
52.000	4633.627	452.000
53.000	4633.630	374.000
54.000	4633.632	424.000
55.000	4633.635	396.000
56.000	4633.637	396.000
57.000	4633.640	478.000
58.000	4633.642	460.000
59.000	4633.645	418.000
60.000	4633.648	478.000
61.000	4633.650	468.000
62.000	4633.653	464.000
63.000	4633.655	396.000
64.000	4633.658	450.000
65.000	4633.660	432.000
66.000	4633.663	470.000
67.000	4633.665	442.000
68.000	4633.667	428.000
69.000	4633.670	348.000
70.000	4633.672	460.000
71.000	4633.675	448.000
72.000	4633.677	422.000
73.000	4633.680	448.000
74.000	4633.682	434.000
75.000	4633.685	424.000
76.000	4633.687	476.000
77.000	4633.690	472.000
78.000	4633.693	446.000
79.000	4633.695	396.000
80.000	4633.698	482.000
81.000	4633.700	442.000
82.000	4633.703	476.000
83.000	4633.705	408.000
84.000	4633.708	486.000
85.000	4633.710	398.000
86.000	4633.712	442.000
87.000	4633.715	428.000
88.000	4633.717	372.000
89.000	4633.720	452.000
90.000	4633.722	472.000
91.000	4633.725	468.000
92.000	4633.727	466.000
93.000	4633.730	464.000
94.000	4633.733	474.000
95.000	4633.735	452.000
96.000	4633.738	432.000
97.000	4633.740	468.000
98.000	4633.743	462.000
99.000	4633.745	424.000
100.000	4633.748	440.000
101.000	4633.750	486.000
102.000	4633.752	430.000
103.000	4633.755	408.000
104.000	4633.757	424.000
105.000	4633.760	476.000
106.000	4633.762	434.000
107.000	4633.765	474.000
108.000	4633.767	400.000
109.000	4633.770	478.000
110.000	4633.773	404.000
111.000	4633.775	466.000
112.000	4633.778	450.000
113.000	4633.780	474.000
114.000	4633.783	454.000
115.000	4633.785	468.000
116.000	4633.788	468.000
117.000	4633.790	408.000
118.000	4633.792	508.000
119.000	4633.795	438.000
120.000	4633.797	464.000
121.000	4633.800	458.000
122.000	4633.802	504.000
123.000	4633.805	520.000
124.000	4633.807	502.000
125.000	4633.810	530.000
126.000	4633.812	440.000
127.000	4633.815	500.000
128.000	4633.818	518.000
129.000	4633.820	514.000
130.000	4633.823	448.000
131.000	4633.825	444.000
132.000	4633.828	476.000
133.000	4633.830	488.000
134.000	4633.833	530.000
135.000	4633.835	484.000
136.000	4633.837	478.000
137.000	4633.840	484.000
138.000	4633.842	492.000
139.000	4633.845	484.000
140.000	4633.847	480.000
141.000	4633.850	492.000
142.000	4633.852	450.000
143.000	4633.855	566.000
144.000	4633.858	544.000
145.000	4633.860	486.000
146.000	4633.863	582.000
147.000	4633.865	556.000
148.000	4633.868	540.000
149.000	4633.870	542.000
150.000	4633.873	528.000
151.000	4633.875	456.000
152.000	4633.877	492.000
153.000	4633.880	560.000
154.000	4633.882	588.000
155.000	4633.885	594.000
156.000	4633.887	532.000
157.000	4633.890	550.000
158.000	4633.892	636.000
159.000	4633.895	598.000
160.000	4633.898	582.000
161.000	4633.900	610.000
162.000	4633.903	564.000
163.000	4633.905	548.000
164.000	4633.908	572.000
165.000	4633.910	532.000
166.000	4633.913	560.000
167.000	4633.915	548.000
168.000	4633.917	568.000
169.000	4633.920	620.000
170.000	4633.922	592.000
171.000	4633.925	544.000
172.000	4633.927	524.000
173.000	4633.930	698.000
174.000	4633.932	682.000
175.000	4633.935	622.000
176.000	4633.937	604.000
177.000	4633.940	624.000
178.000	4633.943	602.000
179.000	4633.945	690.000
180.000	4633.948	668.000
181.000	4633.950	664.000
182.000	4633.953	740.000
183.000	4633.955	784.000
184.000	4633.958	820.000
185.000	4633.960	716.000
186.000	4633.962	854.000
187.000	4633.965	734.000
188.000	4633.967	758.000
189.000	4633.970	834.000
190.000	4633.972	860.000
191.000	4633.975	902.000
192.000	4633.977	870.000
193.000	4633.980	998.000
194.000	4633.983	926.000
195.000	4633.985	880.000
196.000	4633.988	970.000
197.000	4633.990	950.000
198.000	4633.993	1002.000
199.000	4633.995	1004.000
200.000	4633.998	1018.000
201.000	4634.000	980.000
202.000	4634.002	1144.000
203.000	4634.005	986.000
204.000	4634.007	940.000
205.000	4634.010	1048.000
206.000	4634.012	1232.000
207.000	4634.015	1296.000
208.000	4634.017	1468.000
209.000	4634.020	1340.000
210.000	4634.023	1396.000
211.000	4634.025	1396.000
212.000	4634.028	1262.000
213.000	4634.030	1476.000
214.000	4634.033	1610.000
215.000	4634.035	1500.000
216.000	4634.038	1498.000
217.000	4634.040	1500.000
218.000	4634.042	1696.000
219.000	4634.045	1662.000
220.000	4634.047	1624.000
221.000	4634.050	1624.000
222.000	4634.052	1752.000
223.000	4634.055	1810.000
224.000	4634.057	1878.000
225.000	4634.060	1880.000
226.000	4634.062	1942.000
227.000	4634.065	2012.000
228.000	4634.068	1994.000
229.000	4634.070	2232.000
230.000	4634.073	2314.000
231.000	4634.075	2336.000
232.000	4634.078	2322.000
233.000	4634.080	2374.000
234.000	4634.083	2340.000
235.000	4634.085	2406.000
236.000	4634.087	2380.000
237.000	4634.090	2424.000
238.000	4634.092	2520.000
239.000	4634.095	2528.000
240.000	4634.097	2514.000
241.000	4634.100	2444.000
242.000	4634.102	2726.000
243.000	4634.105	2674.000
244.000	4634.108	2570.000
245.000	4634.110	2914.000
246.000	4634.113	2908.000
247.000	4634.115	2848.000
248.000	4634.118	3140.000
249.000	4634.120	3044.000
250.000	4634.123	3216.000
251.000	4634.125	3194.000
252.000	4634.127	2892.000
253.000	4634.130	3262.000
254.000	4634.132	3094.000
255.000	4634.135	3260.000
256.000	4634.137	3424.000
257.000	4634.140	3452.000
258.000	4634.142	3370.000
259.000	4634.145	3608.000
260.000	4634.148	3700.000
261.000	4634.150	3500.000
262.000	4634.153	3716.000
263.000	4634.155	3794.000
264.000	4634.158	3730.000
265.000	4634.160	3890.000
266.000	4634.163	3906.000
267.000	4634.165	3736.000
268.000	4634.167	3902.000
269.000	4634.170	4172.000
270.000	4634.172	4084.000
271.000	4634.175	4380.000
272.000	4634.177	4212.000
273.000	4634.180	4376.000
274.000	4634.182	4588.000
275.000	4634.185	4520.000
276.000	4634.187	4372.000
277.000	4634.190	4370.000
278.000	4634.193	4500.000
279.000	4634.195	4528.000
280.000	4634.198	4620.000
281.000	4634.200	4750.000
282.000	4634.203	4778.000
283.000	4634.205	4786.000
284.000	4634.208	5044.000
285.000	4634.210	5210.000
286.000	4634.212	5166.000
287.000	4634.215	5214.000
288.000	4634.217	5052.000
289.000	4634.220	5074.000
290.000	4634.222	5282.000
291.000	4634.225	5364.000
292.000	4634.227	5254.000
293.000	4634.230	5708.000
294.000	4634.233	5564.000
295.000	4634.235	5564.000
296.000	4634.238	5532.000
297.000	4634.240	5582.000
298.000	4634.243	5770.000
299.000	4634.245	5794.000
300.000	4634.248	5584.000
301.000	4634.250	5854.000
302.000	4634.252	5844.000
303.000	4634.255	6024.000
304.000	4634.257	6136.000
305.000	4634.260	6050.000
306.000	4634.262	6076.000
307.000	4634.265	6198.000
308.000	4634.267	6424.000
309.000	4634.270	6174.000
310.000	4634.273	6246.000
311.000	4634.275	6334.000
312.000	4634.278	6410.000
313.000	4634.280	6354.000
314.000	4634.283	6624.000
315.000	4634.285	6800.000
316.000	4634.288	6840.000
317.000	4634.290	6822.000
318.000	4634.292	6788.000
319.000	4634.295	6832.000
320.000	4634.297	7184.000
321.000	4634.300	7276.000
322.000	4634.302	7158.000
323.000	4634.305	7240.000
324.000	4634.307	7084.000
325.000	4634.310	7290.000
326.000	4634.312	7338.000
327.000	4634.315	7108.000
328.000	4634.318	7426.000
329.000	4634.320	7500.000
330.000	4634.323	7048.000
331.000	4634.325	7308.000
332.000	4634.328	7500.000
333.000	4634.330	7296.000
334.000	4634.333	7376.000
335.000	4634.335	7810.000
336.000	4634.337	7464.000
337.000	4634.340	7662.000
338.000	4634.342	7988.000
339.000	4634.345	7864.000
340.000	4634.347	7936.000
341.000	4634.350	7928.000
342.000	4634.352	7774.000
343.000	4634.355	7738.000
344.000	4634.358	7726.000
345.000	4634.360	8088.000
346.000	4634.363	8044.000
347.000	4634.365	7990.000
348.000	4634.368	8008.000
349.000	4634.370	8364.000
350.000	4634.373	8348.000
351.000	4634.375	8382.000
352.000	4634.377	8256.000
353.000	4634.380	7958.000
354.000	4634.382	8306.000
355.000	4634.385	8308.000
356.000	4634.387	8090.000
357.000	4634.390	8456.000
358.000	4634.392	8164.000
359.000	4634.395	8150.000
360.000	4634.398	8286.000
361.000	4634.400	8588.000
362.000	4634.403	8226.000
363.000	4634.405	8406.000
364.000	4634.408	8268.000
365.000	4634.410	8236.000
366.000	4634.413	8140.000
367.000	4634.415	8544.000
368.000	4634.417	8168.000
369.000	4634.420	8522.000
370.000	4634.422	8444.000
371.000	4634.425	8584.000
372.000	4634.427	8478.000
373.000	4634.430	8208.000
374.000	4634.432	8182.000
375.000	4634.435	8136.000
376.000	4634.437	8142.000
377.000	4634.440	8340.000
378.000	4634.443	8376.000
379.000	4634.445	8054.000
380.000	4634.448	8204.000
381.000	4634.450	8276.000
382.000	4634.453	8078.000
383.000	4634.455	8312.000
384.000	4634.458	8172.000
385.000	4634.460	8092.000
386.000	4634.462	7972.000
387.000	4634.465	7978.000
388.000	4634.467	8064.000
389.000	4634.470	7912.000
390.000	4634.472	8260.000
391.000	4634.475	8228.000
392.000	4634.477	8184.000
393.000	4634.480	7852.000
394.000	4634.483	7810.000
395.000	4634.485	7924.000
396.000	4634.488	8020.000
397.000	4634.490	8180.000
398.000	4634.493	7872.000
399.000	4634.495	7896.000
400.000	4634.498	7768.000
401.000	4634.500	7914.000
402.000	4634.502	7804.000
403.000	4634.505	7660.000
404.000	4634.507	7544.000
405.000	4634.510	7912.000
406.000	4634.512	7642.000
407.000	4634.515	7266.000
408.000	4634.517	7786.000
409.000	4634.520	7328.000
410.000	4634.523	7358.000
411.000	4634.525	7282.000
412.000	4634.528	7248.000
413.000	4634.530	7248.000
414.000	4634.533	6844.000
415.000	4634.535	6922.000
416.000	4634.538	6758.000
417.000	4634.540	6852.000
418.000	4634.542	6986.000
419.000	4634.545	6704.000
420.000	4634.547	6782.000
421.000	4634.550	6692.000
422.000	4634.552	6902.000
423.000	4634.555	6648.000
424.000	4634.557	6442.000
425.000	4634.560	6482.000
426.000	4634.562	6232.000
427.000	4634.565	6388.000
428.000	4634.568	6330.000
429.000	4634.570	6398.000
430.000	4634.573	6394.000
431.000	4634.575	6072.000
432.000	4634.578	6408.000
433.000	4634.580	5872.000
434.000	4634.583	6228.000
435.000	4634.585	5808.000
436.000	4634.587	5662.000
437.000	4634.590	5626.000
438.000	4634.592	5568.000
439.000	4634.595	5606.000
440.000	4634.597	5792.000
441.000	4634.600	5580.000
442.000	4634.602	5486.000
443.000	4634.605	5574.000
444.000	4634.608	5756.000
445.000	4634.610	5684.000
446.000	4634.613	5510.000
447.000	4634.615	5356.000
448.000	4634.618	5494.000
449.000	4634.620	5274.000
450.000	4634.623	5292.000
451.000	4634.625	5076.000
452.000	4634.627	5120.000
453.000	4634.630	4892.000
454.000	4634.632	5044.000
455.000	4634.635	4794.000
456.000	4634.637	4882.000
457.000	4634.640	5004.000
458.000	4634.642	4836.000
459.000	4634.645	4710.000
460.000	4634.648	4826.000
461.000	4634.650	4586.000
462.000	4634.653	4440.000
463.000	4634.655	4352.000
464.000	4634.658	4150.000
465.000	4634.660	4238.000
466.000	4634.663	4130.000
467.000	4634.665	4262.000
468.000	4634.667	4092.000
469.000	4634.670	4092.000
470.000	4634.672	4112.000
471.000	4634.675	3996.000
472.000	4634.677	3948.000
473.000	4634.680	3856.000
474.000	4634.682	3736.000
475.000	4634.685	3774.000
476.000	4634.687	3656.000
477.000	4634.690	3792.000
478.000	4634.693	3572.000
479.000	4634.695	3760.000
480.000	4634.698	3760.000
481.000	4634.700	3554.000
482.000	4634.703	3534.000
483.000	4634.705	3504.000
484.000	4634.708	3484.000
485.000	4634.710	3464.000
486.000	4634.712	3412.000
487.000	4634.715	3174.000
488.000	4634.717	3088.000
489.000	4634.720	3140.000
490.000	4634.722	2836.000
491.000	4634.725	2932.000
492.000	4634.727	2802.000
493.000	4634.730	2778.000
494.000	4634.733	2682.000
495.000	4634.735	2572.000
496.000	4634.738	2738.000
497.000	4634.740	2582.000
498.000	4634.743	2698.000
499.000	4634.745	2644.000
500.000	4634.748	2738.000
501.000	4634.750	2668.000
502.000	4634.752	2564.000
503.000	4634.755	2442.000
504.000	4634.757	2534.000
505.000	4634.760	2430.000
506.000	4634.762	2382.000
507.000	4634.765	2350.000
508.000	4634.767	2368.000
509.000	4634.770	2298.000
510.000	4634.773	2254.000
511.000	4634.775	2346.000
512.000	4634.778	2198.000
513.000	4634.780	2186.000
514.000	4634.783	1954.000
515.000	4634.785	1968.000
516.000	4634.788	1936.000
517.000	4634.790	1734.000
518.000	4634.792	1764.000
519.000	4634.795	1646.000
520.000	4634.797	1676.000
521.000	4634.800	1580.000
522.000	4634.802	1504.000
523.000	4634.805	1668.000
524.000	4634.807	1754.000
525.000	4634.810	1698.000
526.000	4634.812	1634.000
527.000	4634.815	1692.000
528.000	4634.818	1644.000
529.000	4634.820	1498.000
530.000	4634.823	1454.000
531.000	4634.825	1456.000
532.000	4634.828	1350.000
533.000	4634.830	1364.000
534.000	4634.833	1204.000
535.000	4634.835	1352.000
536.000	4634.837	1298.000
537.000	4634.840	1194.000
538.000	4634.842	1210.000
539.000	4634.845	1176.000
540.000	4634.847	1060.000
541.000	4634.850	1128.000
542.000	4634.852	1008.000
543.000	4634.855	1052.000
544.000	4634.858	1052.000
545.000	4634.860	976.000
546.000	4634.863	892.000
547.000	4634.865	854.000
548.000	4634.868	874.000
549.000	4634.870	884.000
550.000	4634.873	748.000
551.000	4634.875	802.000
552.000	4634.877	834.000
553.000	4634.880	716.000
554.000	4634.882	800.000
555.000	4634.885	776.000
556.000	4634.887	812.000
557.000	4634.890	684.000
558.000	4634.892	620.000
559.000	4634.895	738.000
560.000	4634.898	766.000
561.000	4634.900	702.000
562.000	4634.903	752.000
563.000	4634.905	690.000
564.000	4634.908	678.000
565.000	4634.910	680.000
566.000	4634.913	622.000
567.000	4634.915	630.000
568.000	4634.917	648.000
569.000	4634.920	640.000
570.000	4634.922	596.000
571.000	4634.925	564.000
572.000	4634.927	560.000
573.000	4634.930	576.000
574.000	4634.932	510.000
575.000	4634.935	562.000
576.000	4634.937	554.000
577.000	4634.940	516.000
578.000	4634.943	536.000
579.000	4634.945	558.000
580.000	4634.948	488.000
581.000	4634.950	548.000
582.000	4634.953	528.000
583.000	4634.955	494.000
584.000	4634.958	496.000
585.000	4634.960	492.000
586.000	4634.962	510.000
587.000	4634.965	494.000
588.000	4634.967	450.000
589.000	4634.970	510.000
590.000	4634.972	502.000
591.000	4634.975	522.000
592.000	4634.977	536.000
593.000	4634.980	458.000
594.000	4634.983	462.000
595.000	4634.985	448.000
596.000	4634.988	462.000
597.000	4634.990	438.000
598.000	4634.993	492.000
599.000	4634.995	476.000
600.000	4634.998	504.000
601.000	4635.000	490.000
