1.000	6500.000	340.000
2.000	6501.000	430.000
3.000	6502.000	310.000
4.000	6503.000	470.000
5.000	6504.000	640.000
6.000	6505.000	530.000
7.000	6506.000	470.000
8.000	6507.000	520.000
9.000	6508.000	340.000
10.000	6509.000	580.000
11.000	6510.000	640.000
12.000	6511.000	42780.000
13.000	6512.000	1130.000
14.000	6513.000	81070.000
15.000	6514.000	660.000
16.000	6515.000	610.000
17.000	6516.000	650.000
18.000	6517.000	550.000
19.000	6518.000	410.000
20.000	6519.000	600.000
21.000	6520.000	510.000
