1.000	6460.000	450.000
2.000	6461.000	510.000
3.000	6462.000	340.000
4.000	6463.000	450.000
5.000	6464.000	440.000
6.000	6465.000	420.000
7.000	6466.000	650.000
8.000	6467.000	570.000
9.000	6468.000	330.000
10.000	6469.000	380.000
11.000	6470.000	450.000
12.000	6471.000	420.000
13.000	6472.000	600.000
14.000	6473.000	410.000
15.000	6474.000	570.000
16.000	6475.000	480.000
17.000	6476.000	560.000
18.000	6477.000	440.000
19.000	6478.000	680.000
20.000	6479.000	500.000
21.000	6480.000	450.000
22.000	6481.000	340.000
23.000	6482.000	440.000
24.000	6483.000	450.000
25.000	6484.000	450.000
26.000	6485.000	600.000
27.000	6486.000	590.000
28.000	6487.000	590.000
29.000	6488.000	400.000
30.000	6489.000	400.000
31.000	6490.000	650.000
32.000	6491.000	550.000
33.000	6492.000	350.000
34.000	6493.000	480.000
35.000	6494.000	580.000
36.000	6495.000	410.000
37.000	6496.000	530.000
38.000	6497.000	350.000
39.000	6498.000	600.000
40.000	6499.000	560.000
41.000	6500.000	480.000
42.000	6501.000	430.000
43.000	6502.000	550.000
44.000	6503.000	540.000
45.000	6504.000	670.000
46.000	6505.000	500.000
47.000	6506.000	470.000
48.000	6507.000	540.000
49.000	6508.000	470.000
50.000	6509.000	660.000
51.000	6510.000	610.000
52.000	6511.000	42800.000
53.000	6512.000	1490.000
54.000	6513.000	82500.000
55.000	6514.000	720.000
56.000	6515.000	520.000
57.000	6516.000	350.000
58.000	6517.000	500.000
59.000	6518.000	500.000
60.000	6519.000	410.000
61.000	6520.000	520.000
62.000	6521.000	360.000
63.000	6522.000	360.000
64.000	6523.000	420.000
65.000	6524.000	530.000
66.000	6525.000	450.000
67.000	6526.000	480.000
68.000	6527.000	420.000
69.000	6528.000	490.000
70.000	6529.000	410.000
71.000	6530.000	520.000
72.000	6531.000	560.000
73.000	6532.000	480.000
74.000	6533.000	660.000
75.000	6534.000	430.000
76.000	6535.000	540.000
77.000	6536.000	540.000
78.000	6537.000	430.000
79.000	6538.000	360.000
80.000	6539.000	640.000
81.000	6540.000	390.000
82.000	6541.000	500.000
83.000	6542.000	650.000
84.000	6543.000	350.000
85.000	6544.000	620.000
86.000	6545.000	360.000
87.000	6546.000	500.000
88.000	6547.000	400.000
89.000	6548.000	470.000
90.000	6549.000	610.000
91.000	6550.000	490.000
92.000	6551.000	470.000
93.000	6552.000	460.000
94.000	6553.000	520.000
95.000	6554.000	430.000
96.000	6555.000	480.000
97.000	6556.000	530.000
98.000	6557.000	400.000
99.000	6558.000	620.000
100.000	6559.000	620.000
101.000	6560.000	420.000
102.000	6561.000	380.000
103.000	6562.000	410.000
104.000	6563.000	360.000
105.000	6564.000	560.000
106.000	6565.000	580.000
107.000	6566.000	390.000
108.000	6567.000	640.000
109.000	6568.000	590.000
110.000	6569.000	580.000
111.000	6570.000	570.000
112.000	6571.000	480.000
113.000	6572.000	570.000
114.000	6573.000	530.000
115.000	6574.000	550.000
116.000	6575.000	430.000
117.000	6576.000	590.000
118.000	6577.000	400.000
119.000	6578.000	480.000
120.000	6579.000	510.000
121.000	6580.000	580.000
