1.000	4761.000	1060.000
2.000	4762.000	750.000
3.000	4763.000	920.000
4.000	4764.000	720.000
5.000	4765.000	1000.000
6.000	4766.000	1050.000
7.000	4767.000	910.000
8.000	4768.000	870.000
9.000	4769.000	540.000
10.000	4770.000	780.000
11.000	4771.000	1190.000
12.000	4772.000	820.000
13.000	4773.000	910.000
14.000	4774.000	620.000
15.000	4775.000	1060.000
16.000	4776.000	810.000
17.000	4777.000	600.000
18.000	4778.000	550.000
19.000	4779.000	1030.000
20.000	4780.000	690.000
21.000	4781.000	620.000
22.000	4782.000	910.000
23.000	4783.000	680.000
24.000	4784.000	940.000
25.000	4785.000	840.000
26.000	4786.000	860.000
27.000	4787.000	730.000
28.000	4788.000	750.000
29.000	4789.000	450.000
30.000	4790.000	840.000
31.000	4791.000	920.000
32.000	4792.000	710.000
33.000	4793.000	720.000
34.000	4794.000	680.000
35.000	4795.000	880.000
36.000	4796.000	790.000
37.000	4797.000	570.000
38.000	4798.000	1020.000
39.000	4799.000	990.000
40.000	4800.000	780.000
41.000	4801.000	750.000
42.000	4802.000	780.000
43.000	4803.000	830.000
44.000	4804.000	810.000
45.000	4805.000	1290.000
46.000	4806.000	1740.000
47.000	4807.000	930.000
48.000	4808.000	730.000
49.000	4809.000	670.000
50.000	4810.000	1040.000
51.000	4811.000	850.000
52.000	4812.000	1320.000
53.000	4813.000	1190.000
54.000	4814.000	800.000
55.000	4815.000	1940.000
56.000	4816.000	810.000
57.000	4817.000	1600.000
58.000	4818.000	1910.000
59.000	4819.000	1230.000
60.000	4820.000	750.000
61.000	4821.000	630.000
62.000	4822.000	840.000
63.000	4823.000	1370.000
64.000	4824.000	680.000
65.000	4825.000	1080.000
66.000	4826.000	1050.000
67.000	4827.000	860.000
68.000	4828.000	16230.000
69.000	4829.000	1780.000
70.000	4830.000	3350.000
71.000	4831.000	730.000
72.000	4832.000	970.000
73.000	4833.000	700.000
74.000	4834.000	710.000
75.000	4835.000	970.000
76.000	4836.000	730.000
77.000	4837.000	740.000
78.000	4838.000	700.000
79.000	4839.000	860.000
80.000	4840.000	1170.000
81.000	4841.000	1580.000
82.000	4842.000	1090.000
83.000	4843.000	1040.000
84.000	4844.000	1560.000
85.000	4845.000	1000.000
86.000	4846.000	900.000
87.000	4847.000	540.000
88.000	4848.000	680.000
89.000	4849.000	1000.000
90.000	4850.000	1100.000
91.000	4851.000	770.000
92.000	4852.000	800.000
93.000	4853.000	580.000
94.000	4854.000	640.000
95.000	4855.000	1440.000
96.000	4856.000	630.000
97.000	4857.000	620.000
98.000	4858.000	580.000
99.000	4859.000	700.000
100.000	4860.000	1240.000
101.000	4861.000	930.000
102.000	4862.000	720.000
103.000	4863.000	690.000
104.000	4864.000	860.000
105.000	4865.000	760.000
106.000	4866.000	1100.000
107.000	4867.000	580.000
108.000	4868.000	1450.000
109.000	4869.000	860.000
110.000	4870.000	1120.000
111.000	4871.000	840.000
112.000	4872.000	1930.000
113.000	4873.000	1010.000
114.000	4874.000	730.000
115.000	4875.000	600.000
116.000	4876.000	840.000
117.000	4877.000	800.000
118.000	4878.000	1110.000
119.000	4879.000	890.000
120.000	4880.000	1180.000
121.000	4881.000	810.000
