1.000	4001.740	870.000
2.000	4002.740	790.000
3.000	4003.740	930.000
4.000	4004.740	930.000
5.000	4005.740	750.000
6.000	4006.740	900.000
7.000	4007.740	850.000
8.000	4008.740	800.000
9.000	4009.740	910.000
10.000	4010.740	840.000
11.000	4011.740	970.000
12.000	4012.740	1100.000
13.000	4013.740	810.000
14.000	4014.740	830.000
15.000	4015.740	680.000
16.000	4016.740	840.000
17.000	4017.740	840.000
18.000	4018.740	920.000
19.000	4019.740	960.000
20.000	4020.740	860.000
21.000	4021.740	830.000
22.000	4022.740	840.000
23.000	4023.740	830.000
24.000	4024.740	710.000
25.000	4025.740	670.000
26.000	4026.740	760.000
27.000	4027.740	880.000
28.000	4028.740	930.000
29.000	4029.740	1070.000
30.000	4030.740	750.000
31.000	4031.740	780.000
32.000	4032.740	640.000
33.000	4033.740	990.000
34.000	4034.740	810.000
35.000	4035.740	1130.000
36.000	4036.740	1070.000
37.000	4037.740	1100.000
38.000	4038.740	820.000
39.000	4039.740	960.000
40.000	4040.740	910.000
41.000	4041.740	830.000
42.000	4042.740	820.000
43.000	4043.740	750.000
44.000	4044.740	730.000
45.000	4045.740	920.000
46.000	4046.740	720.000
47.000	4047.740	770.000
48.000	4048.740	740.000
49.000	4049.740	660.000
50.000	4050.740	780.000
51.000	4051.740	590.000
52.000	4052.740	510.000
53.000	4053.740	640.000
54.000	4054.740	830.000
55.000	4055.740	750.000
56.000	4056.740	810.000
57.000	4057.740	900.000
58.000	4058.740	750.000
59.000	4059.740	900.000
60.000	4060.740	680.000
61.000	4061.740	610.000
62.000	4062.740	1010.000
63.000	4063.740	590.000
64.000	4064.740	820.000
65.000	4065.740	830.000
66.000	4066.740	710.000
67.000	4067.740	780.000
68.000	4068.740	760.000
69.000	4069.740	880.000
70.000	4070.740	720.000
71.000	4071.740	750.000
72.000	4072.740	650.000
73.000	4073.740	610.000
74.000	4074.740	900.000
75.000	4075.740	710.000
76.000	4076.740	620.000
77.000	4077.740	710.000
78.000	4078.740	620.000
79.000	4079.740	790.000
80.000	4080.740	840.000
81.000	4081.740	780.000
82.000	4082.740	780.000
83.000	4083.740	780.000
84.000	4084.740	580.000
85.000	4085.740	740.000
86.000	4086.740	660.000
87.000	4087.740	740.000
88.000	4088.740	980.000
89.000	4089.740	740.000
90.000	4090.740	740.000
91.000	4091.740	870.000
92.000	4092.740	780.000
93.000	4093.740	680.000
94.000	4094.740	640.000
95.000	4095.740	840.000
96.000	4096.740	600.000
97.000	4097.740	690.000
98.000	4098.740	910.000
99.000	4099.740	680.000
100.000	4100.740	1090.000
101.000	4101.740	790.000
102.000	4102.740	790.000
103.000	4103.740	680.000
104.000	4104.740	620.000
105.000	4105.740	700.000
106.000	4106.740	660.000
107.000	4107.740	840.000
108.000	4108.740	640.000
109.000	4109.740	1030.000
110.000	4110.740	690.000
111.000	4111.740	710.000
112.000	4112.740	960.000
113.000	4113.740	760.000
114.000	4114.740	850.000
115.000	4115.740	690.000
116.000	4116.740	740.000
117.000	4117.740	700.000
118.000	4118.740	830.000
119.000	4119.740	610.000
120.000	4120.740	790.000
121.000	4121.740	560.000
