1.000	4240.470	740.000
2.000	4241.470	650.000
3.000	4242.470	600.000
4.000	4243.470	690.000
5.000	4244.470	680.000
6.000	4245.470	620.000
7.000	4246.470	590.000
8.000	4247.470	520.000
9.000	4248.470	1740.000
10.000	4249.470	2070.000
11.000	4250.470	550.000
12.000	4251.470	660.000
13.000	4252.470	600.000
14.000	4253.470	670.000
15.000	4254.470	630.000
16.000	4255.470	920.000
17.000	4256.470	650.000
18.000	4257.470	740.000
19.000	4258.470	730.000
20.000	4259.470	590.000
21.000	4260.470	660.000
22.000	4261.470	840.000
23.000	4262.470	880.000
24.000	4263.470	670.000
25.000	4264.470	610.000
26.000	4265.470	600.000
27.000	4266.470	740.000
28.000	4267.470	680.000
29.000	4268.470	670.000
30.000	4269.470	700.000
31.000	4270.470	850.000
32.000	4271.470	680.000
33.000	4272.470	850.000
34.000	4273.470	760.000
35.000	4274.470	780.000
36.000	4275.470	760.000
37.000	4276.470	620.000
38.000	4277.470	790.000
39.000	4278.470	780.000
40.000	4279.470	860.000
41.000	4280.470	830.000
42.000	4281.470	750.000
43.000	4282.470	700.000
44.000	4283.470	930.000
45.000	4284.470	610.000
46.000	4285.470	720.000
47.000	4286.470	530.000
48.000	4287.470	770.000
49.000	4288.470	700.000
50.000	4289.470	670.000
51.000	4290.470	750.000
52.000	4291.470	540.000
53.000	4292.470	680.000
54.000	4293.470	620.000
55.000	4294.470	590.000
56.000	4295.470	710.000
57.000	4296.470	810.000
58.000	4297.470	950.000
59.000	4298.470	750.000
60.000	4299.470	740.000
61.000	4300.470	730.000
62.000	4301.470	640.000
63.000	4302.470	850.000
64.000	4303.470	610.000
65.000	4304.470	690.000
66.000	4305.470	760.000
67.000	4306.470	780.000
68.000	4307.470	720.000
69.000	4308.470	600.000
70.000	4309.470	630.000
71.000	4310.470	730.000
72.000	4311.470	1690.000
73.000	4312.470	990.000
74.000	4313.470	730.000
75.000	4314.470	600.000
76.000	4315.470	660.000
77.000	4316.470	560.000
78.000	4317.470	640.000
79.000	4318.470	640.000
80.000	4319.470	480.000
81.000	4320.470	780.000
82.000	4321.470	830.000
83.000	4322.470	800.000
84.000	4323.470	760.000
85.000	4324.470	780.000
86.000	4325.470	670.000
87.000	4326.470	590.000
88.000	4327.470	470.000
89.000	4328.470	620.000
90.000	4329.470	620.000
91.000	4330.470	780.000
92.000	4331.470	790.000
93.000	4332.470	730.000
94.000	4333.470	710.000
95.000	4334.470	810.000
96.000	4335.470	710.000
97.000	4336.470	720.000
98.000	4337.470	770.000
99.000	4338.470	640.000
100.000	4339.470	930.000
101.000	4340.470	790.000
102.000	4341.470	710.000
103.000	4342.470	710.000
104.000	4343.470	530.000
105.000	4344.470	750.000
106.000	4345.470	620.000
107.000	4346.470	920.000
108.000	4347.470	710.000
109.000	4348.470	850.000
110.000	4349.470	530.000
111.000	4350.470	620.000
112.000	4351.470	770.000
113.000	4352.470	720.000
114.000	4353.470	550.000
115.000	4354.470	810.000
116.000	4355.470	760.000
117.000	4356.470	760.000
118.000	4357.470	790.000
119.000	4358.470	650.000
120.000	4359.470	730.000
121.000	4360.470	700.000
