1.000	3105.000	452.000
2.000	3105.003	480.000
3.000	3105.005	488.000
4.000	3105.008	456.000
5.000	3105.010	496.000
6.000	3105.012	452.000
7.000	3105.015	504.000
8.000	3105.017	506.000
9.000	3105.020	534.000
10.000	3105.023	428.000
11.000	3105.025	500.000
12.000	3105.028	450.000
13.000	3105.030	504.000
14.000	3105.032	478.000
15.000	3105.035	422.000
16.000	3105.037	458.000
17.000	3105.040	440.000
18.000	3105.043	462.000
19.000	3105.045	488.000
20.000	3105.048	480.000
21.000	3105.050	474.000
22.000	3105.052	534.000
23.000	3105.055	502.000
24.000	3105.057	482.000
25.000	3105.060	440.000
26.000	3105.062	510.000
27.000	3105.065	496.000
28.000	3105.068	488.000
29.000	3105.070	520.000
30.000	3105.073	490.000
31.000	3105.075	506.000
32.000	3105.077	518.000
33.000	3105.080	462.000
34.000	3105.082	480.000
35.000	3105.085	502.000
36.000	3105.088	486.000
37.000	3105.090	506.000
38.000	3105.093	492.000
39.000	3105.095	502.000
40.000	3105.097	540.000
41.000	3105.100	534.000
42.000	3105.102	528.000
43.000	3105.105	556.000
44.000	3105.108	542.000
45.000	3105.110	516.000
46.000	3105.113	516.000
47.000	3105.115	516.000
48.000	3105.117	506.000
49.000	3105.120	504.000
50.000	3105.122	496.000
51.000	3105.125	556.000
52.000	3105.128	500.000
53.000	3105.130	474.000
54.000	3105.133	498.000
55.000	3105.135	462.000
56.000	3105.137	542.000
57.000	3105.140	560.000
58.000	3105.142	522.000
59.000	3105.145	504.000
60.000	3105.148	482.000
61.000	3105.150	526.000
62.000	3105.153	460.000
63.000	3105.155	514.000
64.000	3105.157	562.000
65.000	3105.160	540.000
66.000	3105.162	476.000
67.000	3105.165	562.000
68.000	3105.168	544.000
69.000	3105.170	590.000
70.000	3105.173	520.000
71.000	3105.175	518.000
72.000	3105.177	472.000
73.000	3105.180	528.000
74.000	3105.182	572.000
75.000	3105.185	520.000
76.000	3105.187	522.000
77.000	3105.190	536.000
78.000	3105.193	586.000
79.000	3105.195	538.000
80.000	3105.198	512.000
81.000	3105.200	524.000
82.000	3105.202	556.000
83.000	3105.205	518.000
84.000	3105.207	624.000
85.000	3105.210	560.000
86.000	3105.213	570.000
87.000	3105.215	536.000
88.000	3105.218	548.000
89.000	3105.220	560.000
90.000	3105.222	558.000
91.000	3105.225	538.000
92.000	3105.227	532.000
93.000	3105.230	590.000
94.000	3105.233	626.000
95.000	3105.235	558.000
96.000	3105.238	570.000
97.000	3105.240	604.000
98.000	3105.242	638.000
99.000	3105.245	610.000
100.000	3105.247	540.000
101.000	3105.250	574.000
102.000	3105.253	602.000
103.000	3105.255	708.000
104.000	3105.258	662.000
105.000	3105.260	586.000
106.000	3105.262	584.000
107.000	3105.265	606.000
108.000	3105.267	640.000
109.000	3105.270	590.000
110.000	3105.273	634.000
111.000	3105.275	620.000
112.000	3105.278	562.000
113.000	3105.280	634.000
114.000	3105.282	618.000
115.000	3105.285	588.000
116.000	3105.287	616.000
117.000	3105.290	764.000
118.000	3105.293	584.000
119.000	3105.295	706.000
120.000	3105.298	664.000
121.000	3105.300	580.000
122.000	3105.302	642.000
123.000	3105.305	628.000
124.000	3105.307	670.000
125.000	3105.310	722.000
126.000	3105.312	708.000
127.000	3105.315	722.000
128.000	3105.318	674.000
129.000	3105.320	724.000
130.000	3105.323	660.000
131.000	3105.325	728.000
132.000	3105.327	672.000
133.000	3105.330	670.000
134.000	3105.332	760.000
135.000	3105.335	690.000
136.000	3105.338	738.000
137.000	3105.340	666.000
138.000	3105.343	744.000
139.000	3105.345	708.000
140.000	3105.347	814.000
141.000	3105.350	748.000
142.000	3105.352	760.000
143.000	3105.355	770.000
144.000	3105.358	812.000
145.000	3105.360	748.000
146.000	3105.363	774.000
147.000	3105.365	744.000
148.000	3105.367	886.000
149.000	3105.370	812.000
150.000	3105.372	816.000
151.000	3105.375	784.000
152.000	3105.378	804.000
153.000	3105.380	826.000
154.000	3105.383	872.000
155.000	3105.385	800.000
156.000	3105.387	856.000
157.000	3105.390	870.000
158.000	3105.392	858.000
159.000	3105.395	886.000
160.000	3105.398	870.000
161.000	3105.400	958.000
162.000	3105.403	964.000
163.000	3105.405	854.000
164.000	3105.407	972.000
165.000	3105.410	1128.000
166.000	3105.412	968.000
167.000	3105.415	960.000
168.000	3105.418	1038.000
169.000	3105.420	1100.000
170.000	3105.423	1030.000
171.000	3105.425	996.000
172.000	3105.427	1202.000
173.000	3105.430	1054.000
174.000	3105.432	1146.000
175.000	3105.435	1124.000
176.000	3105.437	1090.000
177.000	3105.440	1148.000
178.000	3105.443	1100.000
179.000	3105.445	1028.000
180.000	3105.448	1122.000
181.000	3105.450	1154.000
182.000	3105.452	1092.000
183.000	3105.455	1158.000
184.000	3105.457	1204.000
185.000	3105.460	1248.000
186.000	3105.463	1332.000
187.000	3105.465	1270.000
188.000	3105.468	1254.000
189.000	3105.470	1276.000
190.000	3105.472	1372.000
191.000	3105.475	1296.000
192.000	3105.477	1366.000
193.000	3105.480	1326.000
194.000	3105.483	1488.000
195.000	3105.485	1602.000
196.000	3105.488	1372.000
197.000	3105.490	1558.000
198.000	3105.492	1724.000
199.000	3105.495	1612.000
200.000	3105.497	1552.000
201.000	3105.500	1716.000
202.000	3105.503	1696.000
203.000	3105.505	1838.000
204.000	3105.508	1790.000
205.000	3105.510	1868.000
206.000	3105.512	2074.000
207.000	3105.515	2158.000
208.000	3105.517	1976.000
209.000	3105.520	2040.000
210.000	3105.523	2334.000
211.000	3105.525	2456.000
212.000	3105.528	2364.000
213.000	3105.530	2586.000
214.000	3105.532	2660.000
215.000	3105.535	2584.000
216.000	3105.537	2700.000
217.000	3105.540	2990.000
218.000	3105.543	2760.000
219.000	3105.545	3036.000
220.000	3105.548	2964.000
221.000	3105.550	3282.000
222.000	3105.552	3356.000
223.000	3105.555	3386.000
224.000	3105.557	3398.000
225.000	3105.560	3662.000
226.000	3105.562	3862.000
227.000	3105.565	3978.000
228.000	3105.568	4058.000
229.000	3105.570	4290.000
230.000	3105.573	4694.000
231.000	3105.575	4562.000
232.000	3105.577	4650.000
233.000	3105.580	5174.000
234.000	3105.582	5212.000
235.000	3105.585	5534.000
236.000	3105.588	6002.000
237.000	3105.590	6224.000
238.000	3105.593	6778.000
239.000	3105.595	6906.000
240.000	3105.597	7110.000
241.000	3105.600	7362.000
242.000	3105.602	7926.000
243.000	3105.605	8316.000
244.000	3105.608	8446.000
245.000	3105.610	9148.000
246.000	3105.613	10116.000
247.000	3105.615	10040.000
248.000	3105.617	11806.000
249.000	3105.620	11938.000
250.000	3105.622	12854.000
251.000	3105.625	13632.000
252.000	3105.628	14036.000
253.000	3105.630	15780.000
254.000	3105.633	16144.000
255.000	3105.635	16938.000
256.000	3105.637	17750.000
257.000	3105.640	20042.000
258.000	3105.642	21080.000
259.000	3105.645	22218.000
260.000	3105.648	22628.000
261.000	3105.650	26414.000
262.000	3105.653	29116.000
263.000	3105.655	30086.000
264.000	3105.657	30638.000
265.000	3105.660	32812.000
266.000	3105.662	34314.000
267.000	3105.665	37614.000
268.000	3105.668	38658.000
269.000	3105.670	43358.000
270.000	3105.673	45010.000
271.000	3105.675	46658.000
272.000	3105.677	47054.000
273.000	3105.680	52362.000
274.000	3105.682	55662.000
275.000	3105.685	57482.000
276.000	3105.687	58502.000
277.000	3105.690	61262.000
278.000	3105.693	67172.000
279.000	3105.695	69612.000
280.000	3105.698	79496.000
281.000	3105.700	81410.000
282.000	3105.702	88870.000
283.000	3105.705	91628.000
284.000	3105.707	92724.000
285.000	3105.710	102932.000
286.000	3105.713	106320.000
287.000	3105.715	107576.000
288.000	3105.718	107498.000
289.000	3105.720	118730.000
290.000	3105.722	126512.000
291.000	3105.725	130250.000
292.000	3105.727	140582.000
293.000	3105.730	143092.000
294.000	3105.733	153008.000
295.000	3105.735	159544.000
296.000	3105.738	162452.000
297.000	3105.740	170858.000
298.000	3105.742	179002.000
299.000	3105.745	181060.000
300.000	3105.747	182972.000
301.000	3105.750	192964.000
302.000	3105.753	201650.000
303.000	3105.755	201646.000
304.000	3105.758	203742.000
305.000	3105.760	205938.000
306.000	3105.762	207934.000
307.000	3105.765	208262.000
308.000	3105.767	206800.000
309.000	3105.770	204268.000
310.000	3105.773	202498.000
311.000	3105.775	200070.000
312.000	3105.778	196966.000
313.000	3105.780	194852.000
314.000	3105.782	191160.000
315.000	3105.785	189162.000
316.000	3105.787	188354.000
317.000	3105.790	181222.000
318.000	3105.793	176898.000
319.000	3105.795	176114.000
320.000	3105.798	174392.000
321.000	3105.800	165828.000
322.000	3105.802	163404.000
323.000	3105.805	155668.000
324.000	3105.807	154614.000
325.000	3105.810	150604.000
326.000	3105.812	147190.000
327.000	3105.815	145992.000
328.000	3105.818	145444.000
329.000	3105.820	141470.000
330.000	3105.823	139300.000
331.000	3105.825	138462.000
332.000	3105.827	136608.000
333.000	3105.830	130258.000
334.000	3105.832	125330.000
335.000	3105.835	124634.000
336.000	3105.838	121058.000
337.000	3105.840	116946.000
338.000	3105.843	113468.000
339.000	3105.845	112548.000
340.000	3105.847	112536.000
341.000	3105.850	108668.000
342.000	3105.852	105174.000
343.000	3105.855	104558.000
344.000	3105.858	102238.000
345.000	3105.860	94850.000
346.000	3105.863	93110.000
347.000	3105.865	90792.000
348.000	3105.867	86826.000
349.000	3105.870	85364.000
350.000	3105.872	81554.000
351.000	3105.875	79922.000
352.000	3105.878	78818.000
353.000	3105.880	72670.000
354.000	3105.883	71914.000
355.000	3105.885	66644.000
356.000	3105.887	67012.000
357.000	3105.890	63228.000
358.000	3105.892	60786.000
359.000	3105.895	59420.000
360.000	3105.898	58838.000
361.000	3105.900	55312.000
362.000	3105.903	53688.000
363.000	3105.905	54888.000
364.000	3105.907	53688.000
365.000	3105.910	46980.000
366.000	3105.912	47462.000
367.000	3105.915	45146.000
368.000	3105.918	44890.000
369.000	3105.920	41020.000
370.000	3105.923	40108.000
371.000	3105.925	38932.000
372.000	3105.927	39844.000
373.000	3105.930	37212.000
374.000	3105.932	33442.000
375.000	3105.935	33662.000
376.000	3105.937	32714.000
377.000	3105.940	27246.000
378.000	3105.943	25410.000
379.000	3105.945	24722.000
380.000	3105.948	21864.000
381.000	3105.950	21402.000
382.000	3105.952	19700.000
383.000	3105.955	19116.000
384.000	3105.957	19774.000
385.000	3105.960	17672.000
386.000	3105.963	17452.000
387.000	3105.965	17646.000
388.000	3105.968	18452.000
389.000	3105.970	17382.000
390.000	3105.972	16864.000
391.000	3105.975	17370.000
392.000	3105.977	16446.000
393.000	3105.980	16218.000
394.000	3105.983	15364.000
395.000	3105.985	15186.000
396.000	3105.988	14604.000
397.000	3105.990	11992.000
398.000	3105.992	11148.000
399.000	3105.995	10656.000
400.000	3105.997	10162.000
401.000	3106.000	8208.000
402.000	3106.003	7462.000
403.000	3106.005	6964.000
404.000	3106.008	6574.000
405.000	3106.010	5714.000
406.000	3106.012	5334.000
407.000	3106.015	5322.000
408.000	3106.017	4996.000
409.000	3106.020	4632.000
410.000	3106.023	4960.000
411.000	3106.025	4384.000
412.000	3106.028	4436.000
413.000	3106.030	4050.000
414.000	3106.032	4092.000
415.000	3106.035	4238.000
416.000	3106.037	4036.000
417.000	3106.040	3820.000
418.000	3106.043	3510.000
419.000	3106.045	3246.000
420.000	3106.048	3088.000
421.000	3106.050	2892.000
422.000	3106.052	2844.000
423.000	3106.055	2594.000
424.000	3106.057	2304.000
425.000	3106.060	2300.000
426.000	3106.062	2046.000
427.000	3106.065	1842.000
428.000	3106.068	2050.000
429.000	3106.070	1740.000
430.000	3106.073	1444.000
431.000	3106.075	1622.000
432.000	3106.077	1538.000
433.000	3106.080	1422.000
434.000	3106.082	1324.000
435.000	3106.085	1424.000
436.000	3106.088	1378.000
437.000	3106.090	1426.000
438.000	3106.093	1336.000
439.000	3106.095	1240.000
440.000	3106.097	1256.000
441.000	3106.100	1200.000
442.000	3106.102	1194.000
443.000	3106.105	1188.000
444.000	3106.108	1248.000
445.000	3106.110	1152.000
446.000	3106.113	1108.000
447.000	3106.115	1222.000
448.000	3106.117	1104.000
449.000	3106.120	1058.000
450.000	3106.122	1044.000
451.000	3106.125	1022.000
452.000	3106.128	1118.000
453.000	3106.130	1052.000
454.000	3106.133	946.000
455.000	3106.135	1000.000
456.000	3106.137	890.000
457.000	3106.140	974.000
458.000	3106.142	902.000
459.000	3106.145	932.000
460.000	3106.148	846.000
461.000	3106.150	936.000
462.000	3106.153	874.000
463.000	3106.155	878.000
464.000	3106.157	786.000
465.000	3106.160	808.000
466.000	3106.162	896.000
467.000	3106.165	828.000
468.000	3106.168	834.000
469.000	3106.170	872.000
470.000	3106.173	832.000
471.000	3106.175	866.000
472.000	3106.177	848.000
473.000	3106.180	826.000
474.000	3106.182	710.000
475.000	3106.185	764.000
476.000	3106.187	852.000
477.000	3106.190	778.000
478.000	3106.193	708.000
479.000	3106.195	710.000
480.000	3106.198	662.000
481.000	3106.200	772.000
482.000	3106.202	714.000
483.000	3106.205	780.000
484.000	3106.207	790.000
485.000	3106.210	712.000
486.000	3106.213	694.000
487.000	3106.215	708.000
488.000	3106.218	756.000
489.000	3106.220	706.000
490.000	3106.222	806.000
491.000	3106.225	674.000
492.000	3106.227	744.000
493.000	3106.230	660.000
494.000	3106.233	700.000
495.000	3106.235	696.000
496.000	3106.238	698.000
497.000	3106.240	720.000
498.000	3106.242	654.000
499.000	3106.245	712.000
500.000	3106.247	668.000
501.000	3106.250	662.000
502.000	3106.253	592.000
503.000	3106.255	680.000
504.000	3106.258	628.000
505.000	3106.260	552.000
506.000	3106.262	648.000
507.000	3106.265	580.000
508.000	3106.267	652.000
509.000	3106.270	678.000
510.000	3106.273	664.000
511.000	3106.275	624.000
512.000	3106.278	680.000
513.000	3106.280	630.000
514.000	3106.282	588.000
515.000	3106.285	622.000
516.000	3106.287	636.000
517.000	3106.290	578.000
518.000	3106.293	612.000
519.000	3106.295	636.000
520.000	3106.298	606.000
521.000	3106.300	668.000
522.000	3106.302	604.000
523.000	3106.305	578.000
524.000	3106.307	676.000
525.000	3106.310	602.000
526.000	3106.312	556.000
527.000	3106.315	594.000
528.000	3106.318	566.000
529.000	3106.320	634.000
530.000	3106.323	660.000
531.000	3106.325	538.000
532.000	3106.327	570.000
533.000	3106.330	572.000
534.000	3106.332	574.000
535.000	3106.335	592.000
536.000	3106.338	616.000
537.000	3106.340	642.000
538.000	3106.343	544.000
539.000	3106.345	640.000
540.000	3106.347	568.000
541.000	3106.350	588.000
542.000	3106.352	542.000
543.000	3106.355	528.000
544.000	3106.358	546.000
545.000	3106.360	596.000
546.000	3106.363	522.000
547.000	3106.365	508.000
548.000	3106.367	488.000
549.000	3106.370	570.000
550.000	3106.372	546.000
551.000	3106.375	502.000
552.000	3106.378	540.000
553.000	3106.380	598.000
554.000	3106.383	458.000
555.000	3106.385	544.000
556.000	3106.387	490.000
557.000	3106.390	540.000
558.000	3106.392	520.000
559.000	3106.395	518.000
560.000	3106.398	524.000
561.000	3106.400	496.000
562.000	3106.403	516.000
563.000	3106.405	546.000
564.000	3106.407	532.000
565.000	3106.410	522.000
566.000	3106.412	480.000
567.000	3106.415	474.000
568.000	3106.418	556.000
569.000	3106.420	468.000
570.000	3106.423	512.000
571.000	3106.425	456.000
572.000	3106.427	470.000
573.000	3106.430	492.000
574.000	3106.432	530.000
575.000	3106.435	506.000
576.000	3106.437	516.000
577.000	3106.440	476.000
578.000	3106.443	448.000
579.000	3106.445	500.000
580.000	3106.448	538.000
581.000	3106.450	490.000
582.000	3106.452	478.000
583.000	3106.455	518.000
584.000	3106.457	564.000
585.000	3106.460	468.000
586.000	3106.463	434.000
587.000	3106.465	488.000
588.000	3106.468	474.000
589.000	3106.470	430.000
590.000	3106.472	528.000
591.000	3106.475	462.000
592.000	3106.477	522.000
593.000	3106.480	434.000
594.000	3106.483	470.000
595.000	3106.485	534.000
596.000	3106.488	474.000
597.000	3106.490	468.000
598.000	3106.492	494.000
599.000	3106.495	480.000
600.000	3106.497	478.000
601.000	3106.500	436.000
