1.000	3111.000	516.000
2.000	3111.003	546.000
3.000	3111.005	600.000
4.000	3111.008	546.000
5.000	3111.010	558.000
6.000	3111.012	566.000
7.000	3111.015	530.000
8.000	3111.017	596.000
9.000	3111.020	558.000
10.000	3111.023	576.000
11.000	3111.025	586.000
12.000	3111.028	544.000
13.000	3111.030	570.000
14.000	3111.032	640.000
15.000	3111.035	544.000
16.000	3111.037	592.000
17.000	3111.040	566.000
18.000	3111.043	618.000
19.000	3111.045	562.000
20.000	3111.048	576.000
21.000	3111.050	554.000
22.000	3111.052	532.000
23.000	3111.055	584.000
24.000	3111.057	570.000
25.000	3111.060	504.000
26.000	3111.062	556.000
27.000	3111.065	608.000
28.000	3111.068	608.000
29.000	3111.070	572.000
30.000	3111.073	610.000
31.000	3111.075	586.000
32.000	3111.077	600.000
33.000	3111.080	618.000
34.000	3111.082	644.000
35.000	3111.085	616.000
36.000	3111.088	590.000
37.000	3111.090	558.000
38.000	3111.093	650.000
39.000	3111.095	708.000
40.000	3111.097	528.000
41.000	3111.100	584.000
42.000	3111.102	666.000
43.000	3111.105	604.000
44.000	3111.108	620.000
45.000	3111.110	648.000
46.000	3111.113	634.000
47.000	3111.115	636.000
48.000	3111.117	614.000
49.000	3111.120	620.000
50.000	3111.122	616.000
51.000	3111.125	672.000
52.000	3111.128	552.000
53.000	3111.130	618.000
54.000	3111.133	640.000
55.000	3111.135	652.000
56.000	3111.137	670.000
57.000	3111.140	606.000
58.000	3111.142	632.000
59.000	3111.145	614.000
60.000	3111.148	640.000
61.000	3111.150	624.000
62.000	3111.153	616.000
63.000	3111.155	688.000
64.000	3111.157	712.000
65.000	3111.160	636.000
66.000	3111.162	698.000
67.000	3111.165	674.000
68.000	3111.168	728.000
69.000	3111.170	656.000
70.000	3111.173	610.000
71.000	3111.175	622.000
72.000	3111.177	652.000
73.000	3111.180	724.000
74.000	3111.182	740.000
75.000	3111.185	694.000
76.000	3111.187	700.000
77.000	3111.190	716.000
78.000	3111.193	730.000
79.000	3111.195	804.000
80.000	3111.198	746.000
81.000	3111.200	760.000
82.000	3111.202	766.000
83.000	3111.205	730.000
84.000	3111.207	694.000
85.000	3111.210	712.000
86.000	3111.213	770.000
87.000	3111.215	744.000
88.000	3111.218	736.000
89.000	3111.220	794.000
90.000	3111.222	842.000
91.000	3111.225	792.000
92.000	3111.227	790.000
93.000	3111.230	800.000
94.000	3111.233	796.000
95.000	3111.235	812.000
96.000	3111.238	730.000
97.000	3111.240	864.000
98.000	3111.242	790.000
99.000	3111.245	874.000
100.000	3111.247	854.000
101.000	3111.250	826.000
102.000	3111.253	896.000
103.000	3111.255	868.000
104.000	3111.258	896.000
105.000	3111.260	940.000
106.000	3111.262	910.000
107.000	3111.265	924.000
108.000	3111.267	822.000
109.000	3111.270	926.000
110.000	3111.273	958.000
111.000	3111.275	1026.000
112.000	3111.278	876.000
113.000	3111.280	920.000
114.000	3111.282	928.000
115.000	3111.285	930.000
116.000	3111.287	924.000
117.000	3111.290	1020.000
118.000	3111.293	984.000
119.000	3111.295	940.000
120.000	3111.298	980.000
121.000	3111.300	1002.000
122.000	3111.302	1024.000
123.000	3111.305	1060.000
124.000	3111.307	1030.000
125.000	3111.310	1082.000
126.000	3111.312	1020.000
127.000	3111.315	1130.000
128.000	3111.318	1076.000
129.000	3111.320	1192.000
130.000	3111.323	1200.000
131.000	3111.325	1174.000
132.000	3111.327	1356.000
133.000	3111.330	1254.000
134.000	3111.332	1132.000
135.000	3111.335	1244.000
136.000	3111.338	1184.000
137.000	3111.340	1458.000
138.000	3111.343	1288.000
139.000	3111.345	1392.000
140.000	3111.347	1394.000
141.000	3111.350	1662.000
142.000	3111.352	1458.000
143.000	3111.355	1542.000
144.000	3111.358	1582.000
145.000	3111.360	1622.000
146.000	3111.363	1660.000
147.000	3111.365	1826.000
148.000	3111.367	1762.000
149.000	3111.370	1728.000
150.000	3111.372	1912.000
151.000	3111.375	1948.000
152.000	3111.378	1770.000
153.000	3111.380	1902.000
154.000	3111.383	2002.000
155.000	3111.385	2130.000
156.000	3111.387	2228.000
157.000	3111.390	2332.000
158.000	3111.392	2300.000
159.000	3111.395	2378.000
160.000	3111.398	2428.000
161.000	3111.400	2566.000
162.000	3111.403	2476.000
163.000	3111.405	2858.000
164.000	3111.407	2794.000
165.000	3111.410	3148.000
166.000	3111.412	3156.000
167.000	3111.415	3366.000
168.000	3111.418	3472.000
169.000	3111.420	3612.000
170.000	3111.423	3676.000
171.000	3111.425	3798.000
172.000	3111.427	4016.000
173.000	3111.430	4632.000
174.000	3111.432	4604.000
175.000	3111.435	4678.000
176.000	3111.437	4710.000
177.000	3111.440	5254.000
178.000	3111.443	5624.000
179.000	3111.445	5666.000
180.000	3111.448	5880.000
181.000	3111.450	5976.000
182.000	3111.452	7048.000
183.000	3111.455	6834.000
184.000	3111.457	7116.000
185.000	3111.460	7806.000
186.000	3111.463	8388.000
187.000	3111.465	8714.000
188.000	3111.468	8766.000
189.000	3111.470	10270.000
190.000	3111.472	10518.000
191.000	3111.475	10434.000
192.000	3111.477	12556.000
193.000	3111.480	12368.000
194.000	3111.483	14308.000
195.000	3111.485	14354.000
196.000	3111.488	14508.000
197.000	3111.490	16930.000
198.000	3111.492	17746.000
199.000	3111.495	17606.000
200.000	3111.497	19068.000
201.000	3111.500	20836.000
202.000	3111.503	22148.000
203.000	3111.505	22284.000
204.000	3111.508	22858.000
205.000	3111.510	26454.000
206.000	3111.512	29722.000
207.000	3111.515	30232.000
208.000	3111.517	29758.000
209.000	3111.520	34268.000
210.000	3111.523	34098.000
211.000	3111.525	37266.000
212.000	3111.528	36780.000
213.000	3111.530	38146.000
214.000	3111.532	41644.000
215.000	3111.535	41344.000
216.000	3111.537	43112.000
217.000	3111.540	51868.000
218.000	3111.543	55894.000
219.000	3111.545	59312.000
220.000	3111.548	60988.000
221.000	3111.550	74532.000
222.000	3111.552	74836.000
223.000	3111.555	77976.000
224.000	3111.557	78878.000
225.000	3111.560	88556.000
226.000	3111.562	95742.000
227.000	3111.565	95940.000
228.000	3111.568	96470.000
229.000	3111.570	102032.000
230.000	3111.573	103884.000
231.000	3111.575	105586.000
232.000	3111.577	106286.000
233.000	3111.580	109394.000
234.000	3111.582	111600.000
235.000	3111.585	110930.000
236.000	3111.588	111746.000
237.000	3111.590	112846.000
238.000	3111.593	111902.000
239.000	3111.595	109516.000
240.000	3111.597	109808.000
241.000	3111.600	106856.000
242.000	3111.602	106324.000
243.000	3111.605	104990.000
244.000	3111.608	104936.000
245.000	3111.610	103970.000
246.000	3111.613	102332.000
247.000	3111.615	103020.000
248.000	3111.617	96420.000
249.000	3111.620	98132.000
250.000	3111.622	99442.000
251.000	3111.625	99520.000
252.000	3111.628	99874.000
253.000	3111.630	96870.000
254.000	3111.633	98958.000
255.000	3111.635	96684.000
256.000	3111.637	98276.000
257.000	3111.640	92784.000
258.000	3111.642	88252.000
259.000	3111.645	88032.000
260.000	3111.648	86422.000
261.000	3111.650	80672.000
262.000	3111.653	79158.000
263.000	3111.655	76926.000
264.000	3111.657	75314.000
265.000	3111.660	73060.000
266.000	3111.662	72664.000
267.000	3111.665	69636.000
268.000	3111.668	69678.000
269.000	3111.670	67492.000
270.000	3111.673	68034.000
271.000	3111.675	67662.000
272.000	3111.677	67476.000
273.000	3111.680	65790.000
274.000	3111.682	64532.000
275.000	3111.685	64894.000
276.000	3111.687	65108.000
277.000	3111.690	62872.000
278.000	3111.693	61840.000
279.000	3111.695	61768.000
280.000	3111.698	59068.000
281.000	3111.700	59040.000
282.000	3111.702	57116.000
283.000	3111.705	56008.000
284.000	3111.707	56074.000
285.000	3111.710	52128.000
286.000	3111.713	52440.000
287.000	3111.715	51656.000
288.000	3111.718	51024.000
289.000	3111.720	48018.000
290.000	3111.722	46464.000
291.000	3111.725	45466.000
292.000	3111.727	43426.000
293.000	3111.730	43228.000
294.000	3111.733	40430.000
295.000	3111.735	39996.000
296.000	3111.738	40026.000
297.000	3111.740	38076.000
298.000	3111.742	36932.000
299.000	3111.745	36878.000
300.000	3111.747	36706.000
301.000	3111.750	32996.000
302.000	3111.753	33486.000
303.000	3111.755	32886.000
304.000	3111.758	32112.000
305.000	3111.760	30274.000
306.000	3111.762	29098.000
307.000	3111.765	28266.000
308.000	3111.767	28578.000
309.000	3111.770	27716.000
310.000	3111.773	27444.000
311.000	3111.775	26188.000
312.000	3111.778	26838.000
313.000	3111.780	25978.000
314.000	3111.782	26184.000
315.000	3111.785	25726.000
316.000	3111.787	26198.000
317.000	3111.790	26082.000
318.000	3111.793	26416.000
319.000	3111.795	26258.000
320.000	3111.798	25998.000
321.000	3111.800	27464.000
322.000	3111.802	26784.000
323.000	3111.805	29068.000
324.000	3111.807	28768.000
325.000	3111.810	30446.000
326.000	3111.812	31618.000
327.000	3111.815	32026.000
328.000	3111.818	33150.000
329.000	3111.820	35992.000
330.000	3111.823	38656.000
331.000	3111.825	39582.000
332.000	3111.827	40648.000
333.000	3111.830	47982.000
334.000	3111.832	54378.000
335.000	3111.835	55588.000
336.000	3111.838	64456.000
337.000	3111.840	65700.000
338.000	3111.843	66706.000
339.000	3111.845	66742.000
340.000	3111.847	67438.000
341.000	3111.850	82618.000
342.000	3111.852	92540.000
343.000	3111.855	93264.000
344.000	3111.858	101730.000
345.000	3111.860	123230.000
346.000	3111.863	137496.000
347.000	3111.865	146310.000
348.000	3111.867	165894.000
349.000	3111.870	174480.000
350.000	3111.872	190830.000
351.000	3111.875	193616.000
352.000	3111.878	200610.000
353.000	3111.880	216862.000
354.000	3111.883	217468.000
355.000	3111.885	232278.000
356.000	3111.887	232850.000
357.000	3111.890	237558.000
358.000	3111.892	238606.000
359.000	3111.895	236626.000
360.000	3111.898	236344.000
361.000	3111.900	234918.000
362.000	3111.903	229152.000
363.000	3111.905	227264.000
364.000	3111.907	225244.000
365.000	3111.910	218982.000
366.000	3111.912	215316.000
367.000	3111.915	206856.000
368.000	3111.918	206464.000
369.000	3111.920	198756.000
370.000	3111.923	190074.000
371.000	3111.925	184556.000
372.000	3111.927	184986.000
373.000	3111.930	174384.000
374.000	3111.932	164496.000
375.000	3111.935	160240.000
376.000	3111.937	157616.000
377.000	3111.940	144634.000
378.000	3111.943	140370.000
379.000	3111.945	136936.000
380.000	3111.948	133184.000
381.000	3111.950	132186.000
382.000	3111.952	129448.000
383.000	3111.955	131240.000
384.000	3111.957	131916.000
385.000	3111.960	127992.000
386.000	3111.963	123940.000
387.000	3111.965	123676.000
388.000	3111.968	122446.000
389.000	3111.970	115596.000
390.000	3111.972	112794.000
391.000	3111.975	109588.000
392.000	3111.977	103550.000
393.000	3111.980	101474.000
394.000	3111.983	97886.000
395.000	3111.985	96880.000
396.000	3111.988	95612.000
397.000	3111.990	89304.000
398.000	3111.992	88122.000
399.000	3111.995	87828.000
400.000	3111.997	88354.000
401.000	3112.000	84434.000
402.000	3112.003	83154.000
403.000	3112.005	84038.000
404.000	3112.008	83632.000
405.000	3112.010	84078.000
406.000	3112.012	81684.000
407.000	3112.015	81676.000
408.000	3112.017	81308.000
409.000	3112.020	76280.000
410.000	3112.023	74538.000
411.000	3112.025	71210.000
412.000	3112.028	68768.000
413.000	3112.030	64004.000
414.000	3112.032	63566.000
415.000	3112.035	61172.000
416.000	3112.037	59824.000
417.000	3112.040	55064.000
418.000	3112.043	52374.000
419.000	3112.045	52020.000
420.000	3112.048	50598.000
421.000	3112.050	46438.000
422.000	3112.052	45326.000
423.000	3112.055	43078.000
424.000	3112.057	41848.000
425.000	3112.060	38812.000
426.000	3112.062	37472.000
427.000	3112.065	36326.000
428.000	3112.068	35604.000
429.000	3112.070	31004.000
430.000	3112.073	29056.000
431.000	3112.075	27976.000
432.000	3112.077	27446.000
433.000	3112.080	24592.000
434.000	3112.082	22552.000
435.000	3112.085	21518.000
436.000	3112.088	20226.000
437.000	3112.090	18730.000
438.000	3112.093	16560.000
439.000	3112.095	15836.000
440.000	3112.097	14390.000
441.000	3112.100	12604.000
442.000	3112.102	11054.000
443.000	3112.105	10678.000
444.000	3112.108	10316.000
445.000	3112.110	8892.000
446.000	3112.113	8438.000
447.000	3112.115	8490.000
448.000	3112.117	7496.000
449.000	3112.120	7814.000
450.000	3112.122	6854.000
451.000	3112.125	6616.000
452.000	3112.128	6510.000
453.000	3112.130	5836.000
454.000	3112.133	5496.000
455.000	3112.135	5136.000
456.000	3112.137	4856.000
457.000	3112.140	4628.000
458.000	3112.142	4330.000
459.000	3112.145	4138.000
460.000	3112.148	3950.000
461.000	3112.150	3760.000
462.000	3112.153	3216.000
463.000	3112.155	3344.000
464.000	3112.157	3218.000
465.000	3112.160	3000.000
466.000	3112.162	2784.000
467.000	3112.165	2580.000
468.000	3112.168	2480.000
469.000	3112.170	2396.000
470.000	3112.173	2374.000
471.000	3112.175	2208.000
472.000	3112.177	2114.000
473.000	3112.180	2060.000
474.000	3112.182	1898.000
475.000	3112.185	1822.000
476.000	3112.187	1860.000
477.000	3112.190	1704.000
478.000	3112.193	1570.000
479.000	3112.195	1656.000
480.000	3112.198	1596.000
481.000	3112.200	1566.000
482.000	3112.202	1324.000
483.000	3112.205	1516.000
484.000	3112.207	1324.000
485.000	3112.210	1340.000
486.000	3112.213	1240.000
487.000	3112.215	1260.000
488.000	3112.218	1254.000
489.000	3112.220	1208.000
490.000	3112.222	1150.000
491.000	3112.225	1158.000
492.000	3112.227	1118.000
493.000	3112.230	1044.000
494.000	3112.233	1092.000
495.000	3112.235	1010.000
496.000	3112.238	1114.000
497.000	3112.240	1008.000
498.000	3112.242	1004.000
499.000	3112.245	1008.000
500.000	3112.247	918.000
501.000	3112.250	940.000
502.000	3112.253	906.000
503.000	3112.255	952.000
504.000	3112.258	954.000
505.000	3112.260	936.000
506.000	3112.262	924.000
507.000	3112.265	854.000
508.000	3112.267	968.000
509.000	3112.270	888.000
510.000	3112.273	900.000
511.000	3112.275	920.000
512.000	3112.278	926.000
513.000	3112.280	938.000
514.000	3112.282	830.000
515.000	3112.285	898.000
516.000	3112.287	944.000
517.000	3112.290	864.000
518.000	3112.293	830.000
519.000	3112.295	924.000
520.000	3112.298	830.000
521.000	3112.300	832.000
522.000	3112.302	884.000
523.000	3112.305	848.000
524.000	3112.307	814.000
525.000	3112.310	866.000
526.000	3112.312	804.000
527.000	3112.315	814.000
528.000	3112.318	828.000
529.000	3112.320	774.000
530.000	3112.323	836.000
531.000	3112.325	868.000
532.000	3112.327	854.000
533.000	3112.330	802.000
534.000	3112.332	824.000
535.000	3112.335	752.000
536.000	3112.338	806.000
537.000	3112.340	794.000
538.000	3112.343	706.000
539.000	3112.345	832.000
540.000	3112.347	774.000
541.000	3112.350	736.000
542.000	3112.352	740.000
543.000	3112.355	772.000
544.000	3112.358	702.000
545.000	3112.360	722.000
546.000	3112.363	700.000
547.000	3112.365	720.000
548.000	3112.367	724.000
549.000	3112.370	736.000
550.000	3112.372	708.000
551.000	3112.375	642.000
552.000	3112.378	682.000
553.000	3112.380	678.000
554.000	3112.383	656.000
555.000	3112.385	616.000
556.000	3112.387	750.000
557.000	3112.390	720.000
558.000	3112.392	746.000
559.000	3112.395	718.000
560.000	3112.398	700.000
561.000	3112.400	644.000
562.000	3112.403	596.000
563.000	3112.405	626.000
564.000	3112.407	618.000
565.000	3112.410	676.000
566.000	3112.412	628.000
567.000	3112.415	622.000
568.000	3112.418	624.000
569.000	3112.420	662.000
570.000	3112.423	614.000
571.000	3112.425	676.000
572.000	3112.427	624.000
573.000	3112.430	612.000
574.000	3112.432	620.000
575.000	3112.435	560.000
576.000	3112.437	616.000
577.000	3112.440	596.000
578.000	3112.443	546.000
579.000	3112.445	624.000
580.000	3112.448	634.000
581.000	3112.450	592.000
582.000	3112.452	518.000
583.000	3112.455	620.000
584.000	3112.457	604.000
585.000	3112.460	638.000
586.000	3112.463	638.000
587.000	3112.465	566.000
588.000	3112.468	600.000
589.000	3112.470	578.000
590.000	3112.472	622.000
591.000	3112.475	614.000
592.000	3112.477	552.000
593.000	3112.480	608.000
594.000	3112.483	590.000
595.000	3112.485	564.000
596.000	3112.488	586.000
597.000	3112.490	554.000
598.000	3112.492	532.000
599.000	3112.495	558.000
600.000	3112.497	622.000
601.000	3112.500	572.000
