1.000	3631.000	666.000
2.000	3631.003	648.000
3.000	3631.005	702.000
4.000	3631.008	664.000
5.000	3631.010	666.000
6.000	3631.012	642.000
7.000	3631.015	672.000
8.000	3631.017	604.000
9.000	3631.020	716.000
10.000	3631.023	656.000
11.000	3631.025	734.000
12.000	3631.028	778.000
13.000	3631.030	640.000
14.000	3631.032	622.000
15.000	3631.035	640.000
16.000	3631.037	718.000
17.000	3631.040	708.000
18.000	3631.043	626.000
19.000	3631.045	644.000
20.000	3631.048	652.000
21.000	3631.050	680.000
22.000	3631.052	634.000
23.000	3631.055	642.000
24.000	3631.057	678.000
25.000	3631.060	670.000
26.000	3631.062	652.000
27.000	3631.065	682.000
28.000	3631.068	704.000
29.000	3631.070	676.000
30.000	3631.073	614.000
31.000	3631.075	664.000
32.000	3631.077	650.000
33.000	3631.080	622.000
34.000	3631.082	650.000
35.000	3631.085	642.000
36.000	3631.088	620.000
37.000	3631.090	752.000
38.000	3631.093	658.000
39.000	3631.095	632.000
40.000	3631.097	696.000
41.000	3631.100	680.000
42.000	3631.102	624.000
43.000	3631.105	652.000
44.000	3631.108	694.000
45.000	3631.110	656.000
46.000	3631.113	704.000
47.000	3631.115	692.000
48.000	3631.117	776.000
49.000	3631.120	676.000
50.000	3631.122	622.000
51.000	3631.125	718.000
52.000	3631.128	672.000
53.000	3631.130	646.000
54.000	3631.133	756.000
55.000	3631.135	682.000
56.000	3631.137	668.000
57.000	3631.140	644.000
58.000	3631.142	670.000
59.000	3631.145	626.000
60.000	3631.148	724.000
61.000	3631.150	640.000
62.000	3631.153	688.000
63.000	3631.155	636.000
64.000	3631.157	700.000
65.000	3631.160	660.000
66.000	3631.162	748.000
67.000	3631.165	668.000
68.000	3631.168	690.000
69.000	3631.170	712.000
70.000	3631.173	696.000
71.000	3631.175	718.000
72.000	3631.177	712.000
73.000	3631.180	736.000
74.000	3631.182	726.000
75.000	3631.185	724.000
76.000	3631.187	648.000
77.000	3631.190	784.000
78.000	3631.193	734.000
79.000	3631.195	722.000
80.000	3631.198	742.000
81.000	3631.200	700.000
82.000	3631.202	754.000
83.000	3631.205	750.000
84.000	3631.207	756.000
85.000	3631.210	800.000
86.000	3631.213	724.000
87.000	3631.215	770.000
88.000	3631.218	724.000
89.000	3631.220	700.000
90.000	3631.222	750.000
91.000	3631.225	776.000
92.000	3631.227	830.000
93.000	3631.230	738.000
94.000	3631.233	740.000
95.000	3631.235	732.000
96.000	3631.238	706.000
97.000	3631.240	772.000
98.000	3631.242	738.000
99.000	3631.245	734.000
100.000	3631.247	708.000
101.000	3631.250	760.000
102.000	3631.253	846.000
103.000	3631.255	734.000
104.000	3631.258	680.000
105.000	3631.260	796.000
106.000	3631.262	678.000
107.000	3631.265	806.000
108.000	3631.267	750.000
109.000	3631.270	872.000
110.000	3631.273	704.000
111.000	3631.275	752.000
112.000	3631.278	782.000
113.000	3631.280	792.000
114.000	3631.282	846.000
115.000	3631.285	840.000
116.000	3631.287	800.000
117.000	3631.290	732.000
118.000	3631.293	804.000
119.000	3631.295	774.000
120.000	3631.298	778.000
121.000	3631.300	762.000
122.000	3631.302	792.000
123.000	3631.305	822.000
124.000	3631.307	776.000
125.000	3631.310	906.000
126.000	3631.312	868.000
127.000	3631.315	844.000
128.000	3631.318	856.000
129.000	3631.320	814.000
130.000	3631.323	828.000
131.000	3631.325	842.000
132.000	3631.327	874.000
133.000	3631.330	788.000
134.000	3631.332	802.000
135.000	3631.335	830.000
136.000	3631.338	904.000
137.000	3631.340	754.000
138.000	3631.343	786.000
139.000	3631.345	900.000
140.000	3631.347	824.000
141.000	3631.350	824.000
142.000	3631.352	892.000
143.000	3631.355	864.000
144.000	3631.358	836.000
145.000	3631.360	848.000
146.000	3631.363	866.000
147.000	3631.365	826.000
148.000	3631.367	924.000
149.000	3631.370	848.000
150.000	3631.372	852.000
151.000	3631.375	986.000
152.000	3631.378	944.000
153.000	3631.380	1020.000
154.000	3631.383	1042.000
155.000	3631.385	962.000
156.000	3631.387	996.000
157.000	3631.390	986.000
158.000	3631.392	1014.000
159.000	3631.395	1038.000
160.000	3631.398	1052.000
161.000	3631.400	1084.000
162.000	3631.403	1078.000
163.000	3631.405	1092.000
164.000	3631.407	1072.000
165.000	3631.410	1078.000
166.000	3631.412	1020.000
167.000	3631.415	1152.000
168.000	3631.418	1074.000
169.000	3631.420	1070.000
170.000	3631.423	1138.000
171.000	3631.425	1184.000
172.000	3631.427	1152.000
173.000	3631.430	1206.000
174.000	3631.432	1164.000
175.000	3631.435	1148.000
176.000	3631.437	1248.000
177.000	3631.440	1350.000
178.000	3631.443	1158.000
179.000	3631.445	1290.000
180.000	3631.448	1234.000
181.000	3631.450	1406.000
182.000	3631.452	1352.000
183.000	3631.455	1344.000
184.000	3631.457	1274.000
185.000	3631.460	1278.000
186.000	3631.463	1322.000
187.000	3631.465	1320.000
188.000	3631.468	1394.000
189.000	3631.470	1320.000
190.000	3631.472	1350.000
191.000	3631.475	1368.000
192.000	3631.477	1388.000
193.000	3631.480	1514.000
194.000	3631.483	1420.000
195.000	3631.485	1436.000
196.000	3631.488	1412.000
197.000	3631.490	1446.000
198.000	3631.492	1512.000
199.000	3631.495	1546.000
200.000	3631.497	1532.000
201.000	3631.500	1526.000
202.000	3631.503	1666.000
203.000	3631.505	1500.000
204.000	3631.508	1544.000
205.000	3631.510	1588.000
206.000	3631.512	1692.000
207.000	3631.515	1790.000
208.000	3631.517	1742.000
209.000	3631.520	1840.000
210.000	3631.523	1798.000
211.000	3631.525	1844.000
212.000	3631.528	1742.000
213.000	3631.530	2046.000
214.000	3631.532	2030.000
215.000	3631.535	1962.000
216.000	3631.537	2092.000
217.000	3631.540	2218.000
218.000	3631.543	2270.000
219.000	3631.545	2298.000
220.000	3631.548	2416.000
221.000	3631.550	2538.000
222.000	3631.552	2498.000
223.000	3631.555	2578.000
224.000	3631.557	2666.000
225.000	3631.560	2788.000
226.000	3631.562	3016.000
227.000	3631.565	3106.000
228.000	3631.568	3096.000
229.000	3631.570	3428.000
230.000	3631.573	3630.000
231.000	3631.575	3570.000
232.000	3631.577	3598.000
233.000	3631.580	3862.000
234.000	3631.582	4172.000
235.000	3631.585	3886.000
236.000	3631.588	4294.000
237.000	3631.590	4234.000
238.000	3631.593	4858.000
239.000	3631.595	4828.000
240.000	3631.597	4728.000
241.000	3631.600	5240.000
242.000	3631.602	5668.000
243.000	3631.605	5788.000
244.000	3631.608	5596.000
245.000	3631.610	5786.000
246.000	3631.613	6566.000
247.000	3631.615	6792.000
248.000	3631.617	6944.000
249.000	3631.620	7922.000
250.000	3631.622	7912.000
251.000	3631.625	8008.000
252.000	3631.628	8414.000
253.000	3631.630	9562.000
254.000	3631.633	10218.000
255.000	3631.635	10142.000
256.000	3631.637	10360.000
257.000	3631.640	11630.000
258.000	3631.642	12922.000
259.000	3631.645	13262.000
260.000	3631.648	13186.000
261.000	3631.650	14510.000
262.000	3631.653	15992.000
263.000	3631.655	16114.000
264.000	3631.657	16474.000
265.000	3631.660	18124.000
266.000	3631.662	19216.000
267.000	3631.665	19214.000
268.000	3631.668	19866.000
269.000	3631.670	24228.000
270.000	3631.673	25196.000
271.000	3631.675	26030.000
272.000	3631.677	26564.000
273.000	3631.680	30200.000
274.000	3631.682	31802.000
275.000	3631.685	32598.000
276.000	3631.687	32840.000
277.000	3631.690	35466.000
278.000	3631.693	38684.000
279.000	3631.695	38344.000
280.000	3631.698	39524.000
281.000	3631.700	45596.000
282.000	3631.702	47038.000
283.000	3631.705	47622.000
284.000	3631.707	48638.000
285.000	3631.710	53752.000
286.000	3631.713	55920.000
287.000	3631.715	56630.000
288.000	3631.718	57512.000
289.000	3631.720	61826.000
290.000	3631.722	64404.000
291.000	3631.725	66132.000
292.000	3631.727	66044.000
293.000	3631.730	70576.000
294.000	3631.733	73200.000
295.000	3631.735	74250.000
296.000	3631.738	74882.000
297.000	3631.740	77376.000
298.000	3631.742	81578.000
299.000	3631.745	81614.000
300.000	3631.747	83298.000
301.000	3631.750	92344.000
302.000	3631.753	96564.000
303.000	3631.755	99518.000
304.000	3631.758	103206.000
305.000	3631.760	116394.000
306.000	3631.762	126982.000
307.000	3631.765	130700.000
308.000	3631.767	135336.000
309.000	3631.770	146570.000
310.000	3631.773	159394.000
311.000	3631.775	165796.000
312.000	3631.778	176070.000
313.000	3631.780	193572.000
314.000	3631.782	202758.000
315.000	3631.785	206998.000
316.000	3631.787	209526.000
317.000	3631.790	222606.000
318.000	3631.793	225250.000
319.000	3631.795	225252.000
320.000	3631.798	226364.000
321.000	3631.800	235584.000
322.000	3631.802	240812.000
323.000	3631.805	241368.000
324.000	3631.807	241708.000
325.000	3631.810	246610.000
326.000	3631.812	248016.000
327.000	3631.815	247994.000
328.000	3631.818	250868.000
329.000	3631.820	247542.000
330.000	3631.823	249780.000
331.000	3631.825	247222.000
332.000	3631.827	248192.000
333.000	3631.830	239610.000
334.000	3631.832	232988.000
335.000	3631.835	233198.000
336.000	3631.838	233348.000
337.000	3631.840	226172.000
338.000	3631.843	220540.000
339.000	3631.845	217198.000
340.000	3631.847	216016.000
341.000	3631.850	206980.000
342.000	3631.852	196264.000
343.000	3631.855	192816.000
344.000	3631.858	188702.000
345.000	3631.860	178802.000
346.000	3631.863	170912.000
347.000	3631.865	167590.000
348.000	3631.867	166112.000
349.000	3631.870	156696.000
350.000	3631.872	154500.000
351.000	3631.875	152094.000
352.000	3631.878	152084.000
353.000	3631.880	146724.000
354.000	3631.883	140946.000
355.000	3631.885	139128.000
356.000	3631.887	138012.000
357.000	3631.890	133730.000
358.000	3631.892	128322.000
359.000	3631.895	128496.000
360.000	3631.898	128930.000
361.000	3631.900	125924.000
362.000	3631.903	122240.000
363.000	3631.905	121542.000
364.000	3631.907	120342.000
365.000	3631.910	115656.000
366.000	3631.912	110204.000
367.000	3631.915	108960.000
368.000	3631.918	107204.000
369.000	3631.920	100194.000
370.000	3631.923	94296.000
371.000	3631.925	91414.000
372.000	3631.927	90756.000
373.000	3631.930	84964.000
374.000	3631.932	79898.000
375.000	3631.935	78206.000
376.000	3631.937	76260.000
377.000	3631.940	69540.000
378.000	3631.943	65708.000
379.000	3631.945	64712.000
380.000	3631.948	62854.000
381.000	3631.950	58482.000
382.000	3631.952	55812.000
383.000	3631.955	53684.000
384.000	3631.957	53474.000
385.000	3631.960	49240.000
386.000	3631.963	44908.000
387.000	3631.965	43932.000
388.000	3631.968	43718.000
389.000	3631.970	41516.000
390.000	3631.972	40066.000
391.000	3631.975	39026.000
392.000	3631.977	38014.000
393.000	3631.980	36162.000
394.000	3631.983	34256.000
395.000	3631.985	34674.000
396.000	3631.988	33712.000
397.000	3631.990	29840.000
398.000	3631.992	28346.000
399.000	3631.995	28044.000
400.000	3631.997	27326.000
401.000	3632.000	24724.000
402.000	3632.003	23854.000
403.000	3632.005	23026.000
404.000	3632.008	22296.000
405.000	3632.010	21696.000
406.000	3632.012	20098.000
407.000	3632.015	18938.000
408.000	3632.017	18638.000
409.000	3632.020	16580.000
410.000	3632.023	15632.000
411.000	3632.025	15062.000
412.000	3632.028	15064.000
413.000	3632.030	13248.000
414.000	3632.032	12710.000
415.000	3632.035	12634.000
416.000	3632.037	11960.000
417.000	3632.040	11042.000
418.000	3632.043	10468.000
419.000	3632.045	10040.000
420.000	3632.048	9986.000
421.000	3632.050	9180.000
422.000	3632.052	8932.000
423.000	3632.055	8458.000
424.000	3632.057	8898.000
425.000	3632.060	7786.000
426.000	3632.062	7406.000
427.000	3632.065	7170.000
428.000	3632.068	7286.000
429.000	3632.070	6184.000
430.000	3632.073	5724.000
431.000	3632.075	5330.000
432.000	3632.077	5326.000
433.000	3632.080	5022.000
434.000	3632.082	4422.000
435.000	3632.085	4506.000
436.000	3632.088	4366.000
437.000	3632.090	3966.000
438.000	3632.093	3848.000
439.000	3632.095	3626.000
440.000	3632.097	3558.000
441.000	3632.100	3318.000
442.000	3632.102	3076.000
443.000	3632.105	2990.000
444.000	3632.108	2814.000
445.000	3632.110	2776.000
446.000	3632.113	2624.000
447.000	3632.115	2398.000
448.000	3632.117	2440.000
449.000	3632.120	2300.000
450.000	3632.122	2074.000
451.000	3632.125	1988.000
452.000	3632.128	2146.000
453.000	3632.130	1840.000
454.000	3632.133	1896.000
455.000	3632.135	1686.000
456.000	3632.137	1776.000
457.000	3632.140	1652.000
458.000	3632.142	1592.000
459.000	3632.145	1588.000
460.000	3632.148	1630.000
461.000	3632.150	1412.000
462.000	3632.153	1554.000
463.000	3632.155	1342.000
464.000	3632.157	1360.000
465.000	3632.160	1336.000
466.000	3632.162	1212.000
467.000	3632.165	1358.000
468.000	3632.168	1314.000
469.000	3632.170	1332.000
470.000	3632.173	1270.000
471.000	3632.175	1206.000
472.000	3632.177	1198.000
473.000	3632.180	1098.000
474.000	3632.182	1242.000
475.000	3632.185	1168.000
476.000	3632.187	1144.000
477.000	3632.190	1212.000
478.000	3632.193	1034.000
479.000	3632.195	1092.000
480.000	3632.198	1008.000
481.000	3632.200	930.000
482.000	3632.202	1066.000
483.000	3632.205	1042.000
484.000	3632.207	960.000
485.000	3632.210	970.000
486.000	3632.213	1030.000
487.000	3632.215	910.000
488.000	3632.218	920.000
489.000	3632.220	998.000
490.000	3632.222	980.000
491.000	3632.225	976.000
492.000	3632.227	942.000
493.000	3632.230	1022.000
494.000	3632.233	892.000
495.000	3632.235	900.000
496.000	3632.238	888.000
497.000	3632.240	894.000
498.000	3632.242	948.000
499.000	3632.245	946.000
500.000	3632.247	936.000
501.000	3632.250	826.000
502.000	3632.253	904.000
503.000	3632.255	870.000
504.000	3632.258	904.000
505.000	3632.260	828.000
506.000	3632.262	868.000
507.000	3632.265	976.000
508.000	3632.267	756.000
509.000	3632.270	804.000
510.000	3632.273	806.000
511.000	3632.275	782.000
512.000	3632.278	822.000
513.000	3632.280	686.000
514.000	3632.282	898.000
515.000	3632.285	748.000
516.000	3632.287	872.000
517.000	3632.290	866.000
518.000	3632.293	714.000
519.000	3632.295	884.000
520.000	3632.298	740.000
521.000	3632.300	760.000
522.000	3632.302	776.000
523.000	3632.305	776.000
524.000	3632.307	702.000
525.000	3632.310	830.000
526.000	3632.312	780.000
527.000	3632.315	744.000
528.000	3632.318	800.000
529.000	3632.320	752.000
530.000	3632.323	768.000
531.000	3632.325	720.000
532.000	3632.327	732.000
533.000	3632.330	794.000
534.000	3632.332	718.000
535.000	3632.335	768.000
536.000	3632.338	752.000
537.000	3632.340	746.000
538.000	3632.343	714.000
539.000	3632.345	734.000
540.000	3632.347	708.000
541.000	3632.350	700.000
542.000	3632.352	740.000
543.000	3632.355	694.000
544.000	3632.358	778.000
545.000	3632.360	760.000
546.000	3632.363	700.000
547.000	3632.365	682.000
548.000	3632.367	662.000
549.000	3632.370	664.000
550.000	3632.372	702.000
551.000	3632.375	656.000
552.000	3632.378	680.000
553.000	3632.380	682.000
554.000	3632.383	678.000
555.000	3632.385	676.000
556.000	3632.387	650.000
557.000	3632.390	678.000
558.000	3632.392	640.000
559.000	3632.395	712.000
560.000	3632.398	656.000
561.000	3632.400	590.000
562.000	3632.403	588.000
563.000	3632.405	606.000
564.000	3632.407	660.000
565.000	3632.410	678.000
566.000	3632.412	644.000
567.000	3632.415	662.000
568.000	3632.418	598.000
569.000	3632.420	696.000
570.000	3632.423	606.000
571.000	3632.425	550.000
572.000	3632.427	640.000
573.000	3632.430	636.000
574.000	3632.432	576.000
575.000	3632.435	622.000
576.000	3632.437	674.000
577.000	3632.440	642.000
578.000	3632.443	562.000
579.000	3632.445	668.000
580.000	3632.448	666.000
581.000	3632.450	668.000
582.000	3632.452	576.000
583.000	3632.455	654.000
584.000	3632.457	598.000
585.000	3632.460	586.000
586.000	3632.463	610.000
587.000	3632.465	578.000
588.000	3632.468	604.000
589.000	3632.470	596.000
590.000	3632.472	646.000
591.000	3632.475	606.000
592.000	3632.477	608.000
593.000	3632.480	594.000
594.000	3632.483	576.000
595.000	3632.485	640.000
596.000	3632.488	578.000
597.000	3632.490	564.000
598.000	3632.492	540.000
599.000	3632.495	614.000
600.000	3632.497	592.000
601.000	3632.500	656.000
