1.000	6510.000	270.000
2.000	6510.010	325.000
3.000	6510.020	320.000
4.000	6510.030	350.000
5.000	6510.040	440.000
6.000	6510.050	295.000
7.000	6510.060	325.000
8.000	6510.070	315.000
9.000	6510.080	260.000
10.000	6510.090	360.000
11.000	6510.100	315.000
12.000	6510.110	310.000
13.000	6510.120	250.000
14.000	6510.130	270.000
15.000	6510.140	320.000
16.000	6510.150	265.000
17.000	6510.160	285.000
18.000	6510.170	275.000
19.000	6510.180	275.000
20.000	6510.190	290.000
21.000	6510.200	310.000
22.000	6510.210	280.000
23.000	6510.220	445.000
24.000	6510.230	325.000
25.000	6510.240	380.000
26.000	6510.250	330.000
27.000	6510.260	300.000
28.000	6510.270	275.000
29.000	6510.280	330.000
30.000	6510.290	270.000
31.000	6510.300	370.000
32.000	6510.310	345.000
33.000	6510.320	350.000
34.000	6510.330	330.000
35.000	6510.340	285.000
36.000	6510.350	250.000
37.000	6510.360	370.000
38.000	6510.370	315.000
39.000	6510.380	290.000
40.000	6510.390	360.000
41.000	6510.400	350.000
42.000	6510.410	360.000
43.000	6510.420	385.000
44.000	6510.430	335.000
45.000	6510.440	275.000
46.000	6510.450	360.000
47.000	6510.460	365.000
48.000	6510.470	400.000
49.000	6510.480	340.000
50.000	6510.490	350.000
51.000	6510.500	330.000
52.000	6510.510	305.000
53.000	6510.520	325.000
54.000	6510.530	320.000
55.000	6510.540	280.000
56.000	6510.550	345.000
57.000	6510.560	355.000
58.000	6510.570	370.000
59.000	6510.580	290.000
60.000	6510.590	305.000
61.000	6510.600	350.000
62.000	6510.610	365.000
63.000	6510.620	335.000
64.000	6510.630	295.000
65.000	6510.640	355.000
66.000	6510.650	305.000
67.000	6510.660	375.000
68.000	6510.670	265.000
69.000	6510.680	315.000
70.000	6510.690	340.000
71.000	6510.700	300.000
72.000	6510.710	400.000
73.000	6510.720	335.000
74.000	6510.730	380.000
75.000	6510.740	320.000
76.000	6510.750	340.000
77.000	6510.760	340.000
78.000	6510.770	310.000
79.000	6510.780	335.000
80.000	6510.790	315.000
81.000	6510.800	360.000
82.000	6510.810	260.000
83.000	6510.820	355.000
84.000	6510.830	310.000
85.000	6510.840	365.000
86.000	6510.850	375.000
87.000	6510.860	295.000
88.000	6510.870	485.000
89.000	6510.880	310.000
90.000	6510.890	355.000
91.000	6510.900	490.000
92.000	6510.910	385.000
93.000	6510.920	330.000
94.000	6510.930	395.000
95.000	6510.940	415.000
96.000	6510.950	395.000
97.000	6510.960	360.000
98.000	6510.970	325.000
99.000	6510.980	345.000
100.000	6510.990	380.000
101.000	6511.000	415.000
102.000	6511.010	400.000
103.000	6511.020	380.000
104.000	6511.030	485.000
105.000	6511.040	425.000
106.000	6511.050	400.000
107.000	6511.060	350.000
108.000	6511.070	430.000
109.000	6511.080	355.000
110.000	6511.090	395.000
111.000	6511.100	345.000
112.000	6511.110	405.000
113.000	6511.120	415.000
114.000	6511.130	395.000
115.000	6511.140	460.000
116.000	6511.150	365.000
117.000	6511.160	350.000
118.000	6511.170	385.000
119.000	6511.180	390.000
120.000	6511.190	410.000
121.000	6511.200	410.000
122.000	6511.210	415.000
123.000	6511.220	385.000
124.000	6511.230	450.000
125.000	6511.240	475.000
126.000	6511.250	285.000
127.000	6511.260	490.000
128.000	6511.270	395.000
129.000	6511.280	380.000
130.000	6511.290	435.000
131.000	6511.300	440.000
132.000	6511.310	455.000
133.000	6511.320	480.000
134.000	6511.330	435.000
135.000	6511.340	400.000
136.000	6511.350	435.000
137.000	6511.360	450.000
138.000	6511.370	465.000
139.000	6511.380	430.000
140.000	6511.390	440.000
141.000	6511.400	400.000
142.000	6511.410	465.000
143.000	6511.420	350.000
144.000	6511.430	515.000
145.000	6511.440	415.000
146.000	6511.450	460.000
147.000	6511.460	350.000
148.000	6511.470	380.000
149.000	6511.480	405.000
150.000	6511.490	465.000
151.000	6511.500	500.000
152.000	6511.510	520.000
153.000	6511.520	430.000
154.000	6511.530	415.000
155.000	6511.540	530.000
156.000	6511.550	460.000
157.000	6511.560	525.000
158.000	6511.570	490.000
159.000	6511.580	445.000
160.000	6511.590	460.000
161.000	6511.600	410.000
162.000	6511.610	475.000
163.000	6511.620	495.000
164.000	6511.630	545.000
165.000	6511.640	450.000
166.000	6511.650	395.000
167.000	6511.660	535.000
168.000	6511.670	505.000
169.000	6511.680	630.000
170.000	6511.690	445.000
171.000	6511.700	475.000
172.000	6511.710	590.000
173.000	6511.720	560.000
174.000	6511.730	540.000
175.000	6511.740	615.000
176.000	6511.750	575.000
177.000	6511.760	645.000
178.000	6511.770	505.000
179.000	6511.780	435.000
180.000	6511.790	580.000
181.000	6511.800	555.000
182.000	6511.810	610.000
183.000	6511.820	730.000
184.000	6511.830	670.000
185.000	6511.840	655.000
186.000	6511.850	745.000
187.000	6511.860	635.000
188.000	6511.870	645.000
189.000	6511.880	735.000
190.000	6511.890	700.000
191.000	6511.900	790.000
192.000	6511.910	835.000
193.000	6511.920	700.000
194.000	6511.930	705.000
195.000	6511.940	800.000
196.000	6511.950	730.000
197.000	6511.960	735.000
198.000	6511.970	830.000
199.000	6511.980	665.000
200.000	6511.990	915.000
201.000	6512.000	835.000
202.000	6512.010	785.000
203.000	6512.020	765.000
204.000	6512.030	945.000
205.000	6512.040	935.000
206.000	6512.050	955.000
207.000	6512.060	1145.000
208.000	6512.070	1060.000
209.000	6512.080	1040.000
210.000	6512.090	1215.000
211.000	6512.100	1045.000
212.000	6512.110	1180.000
213.000	6512.120	1275.000
214.000	6512.130	1220.000
215.000	6512.140	1085.000
216.000	6512.150	1375.000
217.000	6512.160	1365.000
218.000	6512.170	1320.000
219.000	6512.180	1330.000
220.000	6512.190	1595.000
221.000	6512.200	1350.000
222.000	6512.210	1575.000
223.000	6512.220	1350.000
224.000	6512.230	1770.000
225.000	6512.240	1620.000
226.000	6512.250	1955.000
227.000	6512.260	1855.000
228.000	6512.270	1780.000
229.000	6512.280	1915.000
230.000	6512.290	2245.000
231.000	6512.300	2115.000
232.000	6512.310	2475.000
233.000	6512.320	2700.000
234.000	6512.330	2685.000
235.000	6512.340	2835.000
236.000	6512.350	2735.000
237.000	6512.360	2960.000
238.000	6512.370	3610.000
239.000	6512.380	3170.000
240.000	6512.390	3730.000
241.000	6512.400	3845.000
242.000	6512.410	3900.000
243.000	6512.420	4230.000
244.000	6512.430	5085.000
245.000	6512.440	4735.000
246.000	6512.450	5415.000
247.000	6512.460	5725.000
248.000	6512.470	6165.000
249.000	6512.480	6800.000
250.000	6512.490	7525.000
251.000	6512.500	7790.000
252.000	6512.510	8280.000
253.000	6512.520	9080.000
254.000	6512.530	10780.000
255.000	6512.540	11270.000
256.000	6512.550	11970.000
257.000	6512.560	14120.000
258.000	6512.570	15590.000
259.000	6512.580	16735.000
260.000	6512.590	18850.000
261.000	6512.600	19820.000
262.000	6512.610	23690.000
263.000	6512.620	25605.000
264.000	6512.630	26920.000
265.000	6512.640	31420.000
266.000	6512.650	33485.000
267.000	6512.660	37515.000
268.000	6512.670	42100.000
269.000	6512.680	43970.000
270.000	6512.690	53730.000
271.000	6512.700	54170.000
272.000	6512.710	58070.000
273.000	6512.720	67785.000
274.000	6512.730	66020.000
275.000	6512.740	76010.000
276.000	6512.750	79520.000
277.000	6512.760	78490.000
278.000	6512.770	83590.000
279.000	6512.780	87125.000
280.000	6512.790	86065.000
281.000	6512.800	89670.000
282.000	6512.810	94730.000
283.000	6512.820	93330.000
284.000	6512.830	102875.000
285.000	6512.840	104920.000
286.000	6512.850	101875.000
287.000	6512.860	95195.000
288.000	6512.870	99900.000
289.000	6512.880	99325.000
290.000	6512.890	95465.000
291.000	6512.900	92950.000
292.000	6512.910	91620.000
293.000	6512.920	92670.000
294.000	6512.930	90820.000
295.000	6512.940	86980.000
296.000	6512.950	84055.000
297.000	6512.960	78680.000
298.000	6512.970	75010.000
299.000	6512.980	71900.000
300.000	6512.990	70220.000
301.000	6513.000	64005.000
302.000	6513.010	57380.000
303.000	6513.020	53540.000
304.000	6513.030	50255.000
305.000	6513.040	45545.000
306.000	6513.050	40175.000
307.000	6513.060	39920.000
308.000	6513.070	33730.000
309.000	6513.080	29815.000
310.000	6513.090	25595.000
311.000	6513.100	25870.000
312.000	6513.110	21965.000
313.000	6513.120	21690.000
314.000	6513.130	18475.000
315.000	6513.140	16910.000
316.000	6513.150	14890.000
317.000	6513.160	13575.000
318.000	6513.170	12365.000
319.000	6513.180	11625.000
320.000	6513.190	10150.000
321.000	6513.200	8810.000
322.000	6513.210	8260.000
323.000	6513.220	7285.000
324.000	6513.230	6460.000
325.000	6513.240	6025.000
326.000	6513.250	5515.000
327.000	6513.260	5160.000
328.000	6513.270	4695.000
329.000	6513.280	4905.000
330.000	6513.290	4070.000
331.000	6513.300	3900.000
332.000	6513.310	3680.000
333.000	6513.320	3565.000
334.000	6513.330	3115.000
335.000	6513.340	3075.000
336.000	6513.350	3135.000
337.000	6513.360	2750.000
338.000	6513.370	2795.000
339.000	6513.380	2300.000
340.000	6513.390	2440.000
341.000	6513.400	2380.000
342.000	6513.410	2310.000
343.000	6513.420	2065.000
344.000	6513.430	1940.000
345.000	6513.440	1805.000
346.000	6513.450	1915.000
347.000	6513.460	1765.000
348.000	6513.470	1475.000
349.000	6513.480	1755.000
350.000	6513.490	1390.000
351.000	6513.500	1305.000
352.000	6513.510	1395.000
353.000	6513.520	1375.000
354.000	6513.530	1435.000
355.000	6513.540	1310.000
356.000	6513.550	1345.000
357.000	6513.560	1225.000
358.000	6513.570	1155.000
359.000	6513.580	1280.000
360.000	6513.590	1165.000
361.000	6513.600	1130.000
362.000	6513.610	975.000
363.000	6513.620	1090.000
364.000	6513.630	1070.000
365.000	6513.640	975.000
366.000	6513.650	875.000
367.000	6513.660	1010.000
368.000	6513.670	850.000
369.000	6513.680	815.000
370.000	6513.690	790.000
371.000	6513.700	885.000
372.000	6513.710	960.000
373.000	6513.720	925.000
374.000	6513.730	750.000
375.000	6513.740	855.000
376.000	6513.750	720.000
377.000	6513.760	830.000
378.000	6513.770	785.000
379.000	6513.780	870.000
380.000	6513.790	840.000
381.000	6513.800	790.000
382.000	6513.810	675.000
383.000	6513.820	665.000
384.000	6513.830	755.000
385.000	6513.840	605.000
386.000	6513.850	750.000
387.000	6513.860	705.000
388.000	6513.870	670.000
389.000	6513.880	555.000
390.000	6513.890	655.000
391.000	6513.900	595.000
392.000	6513.910	485.000
393.000	6513.920	650.000
394.000	6513.930	680.000
395.000	6513.940	645.000
396.000	6513.950	625.000
397.000	6513.960	585.000
398.000	6513.970	615.000
399.000	6513.980	580.000
400.000	6513.990	595.000
401.000	6514.000	440.000
