1.000	4826.000	210.000
2.000	4826.050	260.000
3.000	4826.100	230.000
4.000	4826.150	250.000
5.000	4826.200	340.000
6.000	4826.250	400.000
7.000	4826.300	330.000
8.000	4826.350	340.000
9.000	4826.400	340.000
10.000	4826.450	440.000
11.000	4826.500	260.000
12.000	4826.550	350.000
13.000	4826.600	280.000
14.000	4826.650	280.000
15.000	4826.700	250.000
16.000	4826.750	350.000
17.000	4826.800	350.000
18.000	4826.850	280.000
19.000	4826.900	370.000
20.000	4826.950	300.000
21.000	4827.000	260.000
22.000	4827.050	210.000
23.000	4827.100	270.000
24.000	4827.150	240.000
25.000	4827.200	280.000
26.000	4827.250	330.000
27.000	4827.300	220.000
28.000	4827.350	470.000
29.000	4827.400	430.000
30.000	4827.450	340.000
31.000	4827.500	300.000
32.000	4827.550	340.000
33.000	4827.600	270.000
34.000	4827.650	360.000
35.000	4827.700	360.000
36.000	4827.750	280.000
37.000	4827.800	330.000
38.000	4827.850	330.000
39.000	4827.900	480.000
40.000	4827.950	450.000
41.000	4828.000	320.000
42.000	4828.050	350.000
43.000	4828.100	400.000
44.000	4828.150	420.000
45.000	4828.200	690.000
46.000	4828.250	620.000
47.000	4828.300	460.000
48.000	4828.350	420.000
49.000	4828.400	320.000
50.000	4828.450	440.000
51.000	4828.500	420.000
52.000	4828.550	670.000
53.000	4828.600	750.000
54.000	4828.650	580.000
55.000	4828.700	820.000
56.000	4828.750	800.000
57.000	4828.800	970.000
58.000	4828.850	1120.000
59.000	4828.900	940.000
60.000	4828.950	1730.000
61.000	4829.000	1900.000
62.000	4829.050	2830.000
63.000	4829.100	4390.000
64.000	4829.150	5840.000
65.000	4829.200	5510.000
66.000	4829.250	12760.000
67.000	4829.300	19250.000
68.000	4829.350	17690.000
69.000	4829.400	28920.000
70.000	4829.450	28360.000
71.000	4829.500	35890.000
72.000	4829.550	25480.000
73.000	4829.600	15800.000
74.000	4829.650	9610.000
75.000	4829.700	6600.000
76.000	4829.750	5340.000
77.000	4829.800	3680.000
78.000	4829.850	3100.000
79.000	4829.900	2270.000
80.000	4829.950	1600.000
81.000	4830.000	1260.000
