1.000	4020.000	28715.000
2.000	4020.500	28780.000
3.000	4021.000	26395.000
4.000	4021.500	26900.000
5.000	4022.000	27800.000
6.000	4022.500	36540.000
7.000	4023.000	68140.000
8.000	4023.500	26650.000
9.000	4024.000	28040.000
10.000	4024.500	24890.000
11.000	4025.000	27095.000
12.000	4025.500	31790.000
13.000	4026.000	27265.000
14.000	4026.500	25280.000
15.000	4027.000	24475.000
16.000	4027.500	23015.000
17.000	4028.000	27685.000
18.000	4028.500	29865.000
19.000	4029.000	26600.000
20.000	4029.500	42550.000
21.000	4030.000	30650.000
22.000	4030.500	32940.000
23.000	4031.000	31120.000
24.000	4031.500	29090.000
25.000	4032.000	30920.000
26.000	4032.500	24535.000
27.000	4033.000	27625.000
28.000	4033.500	28380.000
29.000	4034.000	25095.000
30.000	4034.500	24390.000
31.000	4035.000	25650.000
32.000	4035.500	28165.000
33.000	4036.000	23915.000
34.000	4036.500	102965.000
35.000	4037.000	91325.000
36.000	4037.500	41725.000
37.000	4038.000	59835.000
38.000	4038.500	24910.000
39.000	4039.000	23915.000
40.000	4039.500	27480.000
41.000	4040.000	38720.000
42.000	4040.500	34355.000
43.000	4041.000	129525.000
44.000	4041.500	57180.000
45.000	4042.000	24255.000
46.000	4042.500	23065.000
47.000	4043.000	24295.000
48.000	4043.500	42410.000
49.000	4044.000	162730.000
50.000	4044.500	30875.000
51.000	4045.000	25190.000
52.000	4045.500	84810.000
53.000	4046.000	31040.000
54.000	4046.500	25655.000
55.000	4047.000	37410.000
56.000	4047.500	29210.000
57.000	4048.000	40220.000
58.000	4048.500	48135.000
59.000	4049.000	28285.000
60.000	4049.500	24935.000
61.000	4050.000	23320.000
62.000	4050.500	22270.000
63.000	4051.000	26095.000
64.000	4051.500	23120.000
65.000	4052.000	24450.000
66.000	4052.500	25210.000
67.000	4053.000	94655.000
68.000	4053.500	28680.000
69.000	4054.000	24430.000
70.000	4054.500	26335.000
71.000	4055.000	24990.000
72.000	4055.500	27790.000
73.000	4056.000	33515.000
74.000	4056.500	47115.000
75.000	4057.000	33760.000
76.000	4057.500	28005.000
77.000	4058.000	36650.000
78.000	4058.500	28520.000
79.000	4059.000	28900.000
80.000	4059.500	54105.000
81.000	4060.000	26270.000
82.000	4060.500	25515.000
83.000	4061.000	28540.000
84.000	4061.500	24990.000
85.000	4062.000	92970.000
86.000	4062.500	26695.000
87.000	4063.000	28800.000
88.000	4063.500	26410.000
89.000	4064.000	25095.000
90.000	4064.500	24850.000
91.000	4065.000	26400.000
92.000	4065.500	25910.000
93.000	4066.000	28080.000
94.000	4066.500	25585.000
95.000	4067.000	27550.000
96.000	4067.500	25150.000
97.000	4068.000	26130.000
98.000	4068.500	30680.000
99.000	4069.000	23875.000
100.000	4069.500	30825.000
101.000	4070.000	34275.000
102.000	4070.500	28855.000
103.000	4071.000	25985.000
104.000	4071.500	38335.000
105.000	4072.000	36625.000
106.000	4072.500	26270.000
107.000	4073.000	23830.000
108.000	4073.500	24880.000
109.000	4074.000	25710.000
110.000	4074.500	27535.000
111.000	4075.000	36155.000
112.000	4075.500	120640.000
113.000	4076.000	437810.000
114.000	4076.500	65485.000
115.000	4077.000	31125.000
116.000	4077.500	23240.000
117.000	4078.000	24265.000
118.000	4078.500	23050.000
119.000	4079.000	23580.000
120.000	4079.500	25685.000
121.000	4080.000	26485.000
122.000	4080.500	35890.000
123.000	4081.000	23850.000
124.000	4081.500	23305.000
125.000	4082.000	41045.000
126.000	4082.500	23800.000
127.000	4083.000	23480.000
128.000	4083.500	30545.000
129.000	4084.000	28215.000
130.000	4084.500	25675.000
131.000	4085.000	27940.000
132.000	4085.500	23930.000
133.000	4086.000	23075.000
134.000	4086.500	22565.000
135.000	4087.000	22270.000
136.000	4087.500	29925.000
137.000	4088.000	25350.000
138.000	4088.500	21960.000
139.000	4089.000	22365.000
140.000	4089.500	22790.000
141.000	4090.000	29570.000
142.000	4090.500	24895.000
143.000	4091.000	22115.000
144.000	4091.500	21750.000
145.000	4092.000	22570.000
146.000	4092.500	21560.000
147.000	4093.000	23075.000
148.000	4093.500	23345.000
149.000	4094.000	23025.000
150.000	4094.500	23795.000
151.000	4095.000	22765.000
152.000	4095.500	23150.000
153.000	4096.000	23320.000
154.000	4096.500	22115.000
155.000	4097.000	24665.000
156.000	4097.500	24135.000
157.000	4098.000	21700.000
158.000	4098.500	21395.000
159.000	4099.000	22680.000
160.000	4099.500	23190.000
161.000	4100.000	21375.000
162.000	4100.500	22265.000
163.000	4101.000	21000.000
164.000	4101.500	21915.000
165.000	4102.000	22635.000
166.000	4102.500	21660.000
167.000	4103.000	22365.000
168.000	4103.500	24155.000
169.000	4104.000	21260.000
170.000	4104.500	22320.000
171.000	4105.000	24680.000
172.000	4105.500	35515.000
173.000	4106.000	31770.000
174.000	4106.500	22080.000
175.000	4107.000	23855.000
176.000	4107.500	28795.000
177.000	4108.000	31270.000
178.000	4108.500	22965.000
179.000	4109.000	24020.000
180.000	4109.500	21515.000
181.000	4110.000	24015.000
182.000	4110.500	20540.000
183.000	4111.000	21965.000
184.000	4111.500	21510.000
185.000	4112.000	24380.000
186.000	4112.500	20710.000
187.000	4113.000	22525.000
188.000	4113.500	24375.000
189.000	4114.000	21220.000
190.000	4114.500	23195.000
191.000	4115.000	21495.000
192.000	4115.500	21930.000
193.000	4116.000	23980.000
194.000	4116.500	24355.000
195.000	4117.000	23730.000
196.000	4117.500	24120.000
197.000	4118.000	21400.000
198.000	4118.500	21915.000
199.000	4119.000	23410.000
200.000	4119.500	32425.000
201.000	4120.000	30270.000
