1.000	4310.000	280.000
2.000	4310.100	400.000
3.000	4310.200	300.000
4.000	4310.300	480.000
5.000	4310.400	710.000
6.000	4310.500	7330.000
7.000	4310.600	630.000
8.000	4310.700	360.000
9.000	4310.800	320.000
10.000	4310.900	320.000
11.000	4311.000	410.000
12.000	4311.100	390.000
13.000	4311.200	340.000
14.000	4311.300	360.000
15.000	4311.400	350.000
16.000	4311.500	440.000
17.000	4311.600	400.000
18.000	4311.700	300.000
19.000	4311.800	360.000
20.000	4311.900	360.000
21.000	4312.000	390.000
22.000	4312.100	620.000
23.000	4312.200	680.000
24.000	4312.300	670.000
25.000	4312.400	1110.000
26.000	4312.500	2070.000
27.000	4312.600	3400.000
28.000	4312.700	6620.000
29.000	4312.800	8880.000
30.000	4312.900	7160.000
31.000	4313.000	3950.000
32.000	4313.100	1790.000
33.000	4313.200	1020.000
34.000	4313.300	750.000
35.000	4313.400	560.000
36.000	4313.500	400.000
37.000	4313.600	360.000
38.000	4313.700	410.000
39.000	4313.800	490.000
40.000	4313.900	400.000
41.000	4314.000	400.000
