1.000	4312.000	476.000
2.000	4312.002	494.000
3.000	4312.005	402.000
4.000	4312.007	496.000
5.000	4312.010	458.000
6.000	4312.012	520.000
7.000	4312.015	448.000
8.000	4312.017	542.000
9.000	4312.020	472.000
10.000	4312.023	456.000
11.000	4312.025	514.000
12.000	4312.028	404.000
13.000	4312.030	436.000
14.000	4312.033	466.000
15.000	4312.035	492.000
16.000	4312.038	504.000
17.000	4312.040	452.000
18.000	4312.042	476.000
19.000	4312.045	440.000
20.000	4312.047	440.000
21.000	4312.050	468.000
22.000	4312.052	478.000
23.000	4312.055	536.000
24.000	4312.057	456.000
25.000	4312.060	514.000
26.000	4312.062	520.000
27.000	4312.065	490.000
28.000	4312.068	494.000
29.000	4312.070	480.000
30.000	4312.073	458.000
31.000	4312.075	468.000
32.000	4312.078	476.000
33.000	4312.080	506.000
34.000	4312.083	590.000
35.000	4312.085	446.000
36.000	4312.087	448.000
37.000	4312.090	498.000
38.000	4312.092	500.000
39.000	4312.095	490.000
40.000	4312.097	500.000
41.000	4312.100	498.000
42.000	4312.102	514.000
43.000	4312.105	494.000
44.000	4312.108	476.000
45.000	4312.110	514.000
46.000	4312.113	476.000
47.000	4312.115	532.000
48.000	4312.118	574.000
49.000	4312.120	536.000
50.000	4312.123	596.000
51.000	4312.125	460.000
52.000	4312.127	544.000
53.000	4312.130	520.000
54.000	4312.132	586.000
55.000	4312.135	544.000
56.000	4312.137	492.000
57.000	4312.140	550.000
58.000	4312.142	492.000
59.000	4312.145	556.000
60.000	4312.148	516.000
61.000	4312.150	514.000
62.000	4312.153	516.000
63.000	4312.155	544.000
64.000	4312.158	440.000
65.000	4312.160	524.000
66.000	4312.163	548.000
67.000	4312.165	540.000
68.000	4312.167	590.000
69.000	4312.170	606.000
70.000	4312.172	508.000
71.000	4312.175	550.000
72.000	4312.177	502.000
73.000	4312.180	500.000
74.000	4312.182	574.000
75.000	4312.185	606.000
76.000	4312.187	550.000
77.000	4312.190	530.000
78.000	4312.193	536.000
79.000	4312.195	504.000
80.000	4312.198	548.000
81.000	4312.200	600.000
82.000	4312.203	594.000
83.000	4312.205	576.000
84.000	4312.208	528.000
85.000	4312.210	576.000
86.000	4312.212	556.000
87.000	4312.215	616.000
88.000	4312.217	560.000
89.000	4312.220	550.000
90.000	4312.222	546.000
91.000	4312.225	572.000
92.000	4312.227	584.000
93.000	4312.230	632.000
94.000	4312.233	670.000
95.000	4312.235	536.000
96.000	4312.238	544.000
97.000	4312.240	518.000
98.000	4312.243	596.000
99.000	4312.245	686.000
100.000	4312.248	538.000
101.000	4312.250	548.000
102.000	4312.252	604.000
103.000	4312.255	584.000
104.000	4312.257	616.000
105.000	4312.260	610.000
106.000	4312.262	566.000
107.000	4312.265	616.000
108.000	4312.267	644.000
109.000	4312.270	662.000
110.000	4312.273	634.000
111.000	4312.275	590.000
112.000	4312.278	544.000
113.000	4312.280	584.000
114.000	4312.283	604.000
115.000	4312.285	604.000
116.000	4312.288	572.000
117.000	4312.290	556.000
118.000	4312.292	548.000
119.000	4312.295	654.000
120.000	4312.297	612.000
121.000	4312.300	616.000
122.000	4312.302	608.000
123.000	4312.305	704.000
124.000	4312.307	592.000
125.000	4312.310	614.000
126.000	4312.312	690.000
127.000	4312.315	664.000
128.000	4312.318	620.000
129.000	4312.320	662.000
130.000	4312.323	682.000
131.000	4312.325	698.000
132.000	4312.328	648.000
133.000	4312.330	642.000
134.000	4312.333	628.000
135.000	4312.335	654.000
136.000	4312.337	652.000
137.000	4312.340	674.000
138.000	4312.342	708.000
139.000	4312.345	682.000
140.000	4312.347	726.000
141.000	4312.350	770.000
142.000	4312.352	826.000
143.000	4312.355	722.000
144.000	4312.358	676.000
145.000	4312.360	718.000
146.000	4312.363	748.000
147.000	4312.365	744.000
148.000	4312.368	752.000
149.000	4312.370	688.000
150.000	4312.373	772.000
151.000	4312.375	780.000
152.000	4312.377	692.000
153.000	4312.380	846.000
154.000	4312.382	796.000
155.000	4312.385	674.000
156.000	4312.387	832.000
157.000	4312.390	742.000
158.000	4312.392	804.000
159.000	4312.395	742.000
160.000	4312.398	726.000
161.000	4312.400	814.000
162.000	4312.403	796.000
163.000	4312.405	796.000
164.000	4312.408	808.000
165.000	4312.410	798.000
166.000	4312.413	830.000
167.000	4312.415	798.000
168.000	4312.417	830.000
169.000	4312.420	864.000
170.000	4312.422	768.000
171.000	4312.425	838.000
172.000	4312.427	790.000
173.000	4312.430	864.000
174.000	4312.432	880.000
175.000	4312.435	908.000
176.000	4312.437	920.000
177.000	4312.440	886.000
178.000	4312.443	846.000
179.000	4312.445	916.000
180.000	4312.448	882.000
181.000	4312.450	920.000
182.000	4312.453	858.000
183.000	4312.455	944.000
184.000	4312.458	946.000
185.000	4312.460	828.000
186.000	4312.462	922.000
187.000	4312.465	854.000
188.000	4312.467	856.000
189.000	4312.470	944.000
190.000	4312.472	914.000
191.000	4312.475	1056.000
192.000	4312.477	1012.000
193.000	4312.480	966.000
194.000	4312.483	906.000
195.000	4312.485	952.000
196.000	4312.488	984.000
197.000	4312.490	994.000
198.000	4312.493	1086.000
199.000	4312.495	996.000
200.000	4312.498	1106.000
201.000	4312.500	1156.000
202.000	4312.502	1114.000
203.000	4312.505	1190.000
204.000	4312.507	1294.000
205.000	4312.510	1094.000
206.000	4312.512	1220.000
207.000	4312.515	1108.000
208.000	4312.517	1118.000
209.000	4312.520	1190.000
210.000	4312.523	1182.000
211.000	4312.525	1254.000
212.000	4312.528	1264.000
213.000	4312.530	1182.000
214.000	4312.533	1118.000
215.000	4312.535	1278.000
216.000	4312.538	1258.000
217.000	4312.540	1210.000
218.000	4312.542	1294.000
219.000	4312.545	1272.000
220.000	4312.547	1214.000
221.000	4312.550	1256.000
222.000	4312.552	1272.000
223.000	4312.555	1296.000
224.000	4312.557	1226.000
225.000	4312.560	1300.000
226.000	4312.562	1248.000
227.000	4312.565	1328.000
228.000	4312.568	1344.000
229.000	4312.570	1416.000
230.000	4312.573	1506.000
231.000	4312.575	1476.000
232.000	4312.578	1496.000
233.000	4312.580	1696.000
234.000	4312.583	1624.000
235.000	4312.585	1576.000
236.000	4312.587	1504.000
237.000	4312.590	1748.000
238.000	4312.592	1812.000
239.000	4312.595	1686.000
240.000	4312.597	1842.000
241.000	4312.600	1640.000
242.000	4312.602	1692.000
243.000	4312.605	1858.000
244.000	4312.608	1874.000
245.000	4312.610	1672.000
246.000	4312.613	1754.000
247.000	4312.615	1764.000
248.000	4312.618	1724.000
249.000	4312.620	1888.000
250.000	4312.623	1910.000
251.000	4312.625	1928.000
252.000	4312.627	2040.000
253.000	4312.630	2102.000
254.000	4312.632	2086.000
255.000	4312.635	2106.000
256.000	4312.637	2130.000
257.000	4312.640	2074.000
258.000	4312.642	2310.000
259.000	4312.645	2186.000
260.000	4312.648	2008.000
261.000	4312.650	2140.000
262.000	4312.653	2146.000
263.000	4312.655	2032.000
264.000	4312.658	2296.000
265.000	4312.660	2568.000
266.000	4312.663	2846.000
267.000	4312.665	2740.000
268.000	4312.667	2876.000
269.000	4312.670	2858.000
270.000	4312.672	2722.000
271.000	4312.675	2570.000
272.000	4312.677	2606.000
273.000	4312.680	2684.000
274.000	4312.682	2958.000
275.000	4312.685	2910.000
276.000	4312.687	2996.000
277.000	4312.690	2784.000
278.000	4312.693	2892.000
279.000	4312.695	3124.000
280.000	4312.698	3182.000
281.000	4312.700	3066.000
282.000	4312.703	2846.000
283.000	4312.705	3196.000
284.000	4312.708	3296.000
285.000	4312.710	3360.000
286.000	4312.712	3948.000
287.000	4312.715	3608.000
288.000	4312.717	3104.000
289.000	4312.720	3256.000
290.000	4312.722	3646.000
291.000	4312.725	3440.000
292.000	4312.727	3640.000
293.000	4312.730	3560.000
294.000	4312.733	3210.000
295.000	4312.735	3586.000
296.000	4312.738	4104.000
297.000	4312.740	4544.000
298.000	4312.743	4312.000
299.000	4312.745	4588.000
300.000	4312.748	4472.000
301.000	4312.750	4864.000
302.000	4312.752	4594.000
303.000	4312.755	4848.000
304.000	4312.757	4946.000
305.000	4312.760	5180.000
306.000	4312.762	5464.000
307.000	4312.765	5420.000
308.000	4312.767	5502.000
309.000	4312.770	5244.000
310.000	4312.773	5384.000
311.000	4312.775	5094.000
312.000	4312.778	5394.000
313.000	4312.780	5828.000
314.000	4312.783	6042.000
315.000	4312.785	6100.000
316.000	4312.788	6108.000
317.000	4312.790	5972.000
318.000	4312.792	6168.000
319.000	4312.795	6352.000
320.000	4312.797	5932.000
321.000	4312.800	6208.000
322.000	4312.802	5830.000
323.000	4312.805	6064.000
324.000	4312.807	6274.000
325.000	4312.810	6424.000
326.000	4312.812	6852.000
327.000	4312.815	6174.000
328.000	4312.818	6170.000
329.000	4312.820	6940.000
330.000	4312.823	7660.000
331.000	4312.825	7216.000
332.000	4312.828	7338.000
333.000	4312.830	7454.000
334.000	4312.833	7964.000
335.000	4312.835	7804.000
336.000	4312.837	7664.000
337.000	4312.840	7476.000
338.000	4312.842	8008.000
339.000	4312.845	7766.000
340.000	4312.847	7952.000
341.000	4312.850	7890.000
342.000	4312.852	7982.000
343.000	4312.855	7638.000
344.000	4312.858	7142.000
345.000	4312.860	7862.000
346.000	4312.863	8018.000
347.000	4312.865	8384.000
348.000	4312.868	7464.000
349.000	4312.870	7774.000
350.000	4312.873	8264.000
351.000	4312.875	8204.000
352.000	4312.877	8302.000
353.000	4312.880	8266.000
354.000	4312.882	8596.000
355.000	4312.885	8434.000
356.000	4312.887	8076.000
357.000	4312.890	8012.000
358.000	4312.892	8282.000
359.000	4312.895	8116.000
360.000	4312.898	8156.000
361.000	4312.900	8576.000
362.000	4312.903	7882.000
363.000	4312.905	8168.000
364.000	4312.908	7994.000
365.000	4312.910	8052.000
366.000	4312.913	8346.000
367.000	4312.915	8508.000
368.000	4312.917	8038.000
369.000	4312.920	7770.000
370.000	4312.922	8174.000
371.000	4312.925	7750.000
372.000	4312.927	7658.000
373.000	4312.930	7306.000
374.000	4312.932	8054.000
375.000	4312.935	8358.000
376.000	4312.937	8436.000
377.000	4312.940	8460.000
378.000	4312.943	7844.000
379.000	4312.945	8938.000
380.000	4312.948	7924.000
381.000	4312.950	8446.000
382.000	4312.953	8036.000
383.000	4312.955	7878.000
384.000	4312.958	7468.000
385.000	4312.960	7666.000
386.000	4312.962	7548.000
387.000	4312.965	7854.000
388.000	4312.967	7892.000
389.000	4312.970	7586.000
390.000	4312.972	6748.000
391.000	4312.975	7552.000
392.000	4312.977	7426.000
393.000	4312.980	7758.000
394.000	4312.983	7164.000
395.000	4312.985	7092.000
396.000	4312.988	7166.000
397.000	4312.990	6116.000
398.000	4312.993	6140.000
399.000	4312.995	5886.000
400.000	4312.998	6008.000
401.000	4313.000	5450.000
402.000	4313.002	6120.000
403.000	4313.005	5210.000
404.000	4313.007	5282.000
405.000	4313.010	5242.000
406.000	4313.012	5410.000
407.000	4313.015	4830.000
408.000	4313.017	5216.000
409.000	4313.020	5304.000
410.000	4313.023	4866.000
411.000	4313.025	5522.000
412.000	4313.028	5744.000
413.000	4313.030	5556.000
414.000	4313.033	5200.000
415.000	4313.035	4564.000
416.000	4313.038	4888.000
417.000	4313.040	5132.000
418.000	4313.042	4850.000
419.000	4313.045	4610.000
420.000	4313.047	4460.000
421.000	4313.050	4266.000
422.000	4313.052	4822.000
423.000	4313.055	4656.000
424.000	4313.057	4594.000
425.000	4313.060	3736.000
426.000	4313.062	4258.000
427.000	4313.065	4340.000
428.000	4313.068	4164.000
429.000	4313.070	3934.000
430.000	4313.073	4036.000
431.000	4313.075	3608.000
432.000	4313.078	2920.000
433.000	4313.080	2842.000
434.000	4313.083	2904.000
435.000	4313.085	2952.000
436.000	4313.087	3114.000
437.000	4313.090	2756.000
438.000	4313.092	2734.000
439.000	4313.095	2400.000
440.000	4313.097	2532.000
441.000	4313.100	2862.000
442.000	4313.102	2574.000
443.000	4313.105	3002.000
444.000	4313.108	2614.000
445.000	4313.110	2414.000
446.000	4313.113	2580.000
447.000	4313.115	2520.000
448.000	4313.118	2316.000
449.000	4313.120	2308.000
450.000	4313.123	2258.000
451.000	4313.125	2180.000
452.000	4313.127	2232.000
453.000	4313.130	2286.000
454.000	4313.132	2340.000
455.000	4313.135	2210.000
456.000	4313.137	2220.000
457.000	4313.140	2236.000
458.000	4313.142	2166.000
459.000	4313.145	2012.000
460.000	4313.148	2318.000
461.000	4313.150	2024.000
462.000	4313.153	1862.000
463.000	4313.155	1940.000
464.000	4313.158	1974.000
465.000	4313.160	1776.000
466.000	4313.163	1782.000
467.000	4313.165	1574.000
468.000	4313.167	1520.000
469.000	4313.170	1676.000
470.000	4313.172	1572.000
471.000	4313.175	1432.000
472.000	4313.177	1612.000
473.000	4313.180	1608.000
474.000	4313.182	1492.000
475.000	4313.185	1462.000
476.000	4313.187	1388.000
477.000	4313.190	1554.000
478.000	4313.193	1386.000
479.000	4313.195	1548.000
480.000	4313.198	1350.000
481.000	4313.200	1322.000
482.000	4313.203	1396.000
483.000	4313.205	1356.000
484.000	4313.208	1248.000
485.000	4313.210	1476.000
486.000	4313.212	1260.000
487.000	4313.215	1316.000
488.000	4313.217	1340.000
489.000	4313.220	1260.000
490.000	4313.222	1202.000
491.000	4313.225	1212.000
492.000	4313.227	1278.000
493.000	4313.230	1178.000
494.000	4313.233	1076.000
495.000	4313.235	1104.000
496.000	4313.238	1018.000
497.000	4313.240	1048.000
498.000	4313.243	1128.000
499.000	4313.245	1222.000
500.000	4313.248	1072.000
501.000	4313.250	952.000
502.000	4313.252	1008.000
503.000	4313.255	890.000
504.000	4313.257	970.000
505.000	4313.260	952.000
506.000	4313.262	962.000
507.000	4313.265	1062.000
508.000	4313.267	922.000
509.000	4313.270	960.000
510.000	4313.273	938.000
511.000	4313.275	984.000
512.000	4313.278	1034.000
513.000	4313.280	902.000
514.000	4313.283	908.000
515.000	4313.285	968.000
516.000	4313.288	884.000
517.000	4313.290	898.000
518.000	4313.292	922.000
519.000	4313.295	776.000
520.000	4313.297	992.000
521.000	4313.300	922.000
522.000	4313.302	866.000
523.000	4313.305	788.000
524.000	4313.307	788.000
525.000	4313.310	858.000
526.000	4313.312	738.000
527.000	4313.315	828.000
528.000	4313.318	758.000
529.000	4313.320	872.000
530.000	4313.323	674.000
531.000	4313.325	622.000
532.000	4313.328	694.000
533.000	4313.330	666.000
534.000	4313.333	666.000
535.000	4313.335	732.000
536.000	4313.337	708.000
537.000	4313.340	686.000
538.000	4313.342	810.000
539.000	4313.345	602.000
540.000	4313.347	708.000
541.000	4313.350	592.000
542.000	4313.352	708.000
543.000	4313.355	658.000
544.000	4313.358	636.000
545.000	4313.360	642.000
546.000	4313.363	618.000
547.000	4313.365	556.000
548.000	4313.368	598.000
549.000	4313.370	666.000
550.000	4313.373	632.000
551.000	4313.375	618.000
552.000	4313.377	650.000
553.000	4313.380	630.000
554.000	4313.382	596.000
555.000	4313.385	718.000
556.000	4313.387	688.000
557.000	4313.390	546.000
558.000	4313.392	634.000
559.000	4313.395	678.000
560.000	4313.398	560.000
561.000	4313.400	552.000
