1.000	5700.000	370.000
2.000	5701.000	380.000
3.000	5702.000	320.000
4.000	5703.000	300.000
5.000	5704.000	360.000
6.000	5705.000	420.000
7.000	5706.000	230.000
8.000	5707.000	340.000
9.000	5708.000	440.000
10.000	5709.000	260.000
11.000	5710.000	250.000
12.000	5711.000	430.000
13.000	5712.000	320.000
14.000	5713.000	370.000
15.000	5714.000	220.000
16.000	5715.000	300.000
17.000	5716.000	350.000
18.000	5717.000	320.000
19.000	5718.000	270.000
20.000	5719.000	370.000
21.000	5720.000	310.000
22.000	5721.000	290.000
23.000	5722.000	410.000
24.000	5723.000	390.000
25.000	5724.000	270.000
26.000	5725.000	470.000
27.000	5726.000	250.000
28.000	5727.000	330.000
29.000	5728.000	390.000
30.000	5729.000	29800.000
31.000	5730.000	420.000
32.000	5731.000	330.000
33.000	5732.000	410.000
34.000	5733.000	320.000
35.000	5734.000	400.000
36.000	5735.000	360.000
37.000	5736.000	310.000
38.000	5737.000	520.000
39.000	5738.000	240.000
40.000	5739.000	280.000
41.000	5740.000	260.000
42.000	5741.000	260.000
43.000	5742.000	430.000
44.000	5743.000	440.000
45.000	5744.000	270.000
46.000	5745.000	310.000
47.000	5746.000	440.000
48.000	5747.000	490.000
49.000	5748.000	420.000
50.000	5749.000	1140.000
51.000	5750.000	27600.000
52.000	5751.000	480.000
53.000	5752.000	360.000
54.000	5753.000	280.000
55.000	5754.000	340.000
56.000	5755.000	480.000
57.000	5756.000	320.000
58.000	5757.000	340.000
59.000	5758.000	310.000
60.000	5759.000	310.000
61.000	5760.000	300.000
62.000	5761.000	280.000
63.000	5762.000	270.000
64.000	5763.000	360.000
65.000	5764.000	410.000
66.000	5765.000	270.000
67.000	5766.000	260.000
68.000	5767.000	310.000
69.000	5768.000	240.000
70.000	5769.000	310.000
71.000	5770.000	180.000
72.000	5771.000	280.000
73.000	5772.000	200.000
74.000	5773.000	260.000
75.000	5774.000	240.000
76.000	5775.000	320.000
77.000	5776.000	340.000
78.000	5777.000	270.000
79.000	5778.000	280.000
80.000	5779.000	260.000
81.000	5780.000	360.000
82.000	5781.000	300.000
83.000	5782.000	190.000
84.000	5783.000	320.000
85.000	5784.000	260.000
86.000	5785.000	280.000
87.000	5786.000	380.000
88.000	5787.000	240.000
89.000	5788.000	260.000
90.000	5789.000	380.000
91.000	5790.000	330.000
92.000	5791.000	210.000
93.000	5792.000	290.000
94.000	5793.000	470.000
95.000	5794.000	280.000
96.000	5795.000	310.000
97.000	5796.000	400.000
98.000	5797.000	270.000
99.000	5798.000	250.000
100.000	5799.000	260.000
101.000	5800.000	280.000
