1.000	3800.000	450.000
2.000	3801.000	260.000
3.000	3802.000	410.000
4.000	3803.000	320.000
5.000	3804.000	320.000
6.000	3805.000	510.000
7.000	3806.000	290.000
8.000	3807.000	440.000
9.000	3808.000	300.000
10.000	3809.000	420.000
11.000	3810.000	290.000
12.000	3811.000	420.000
13.000	3812.000	390.000
14.000	3813.000	340.000
15.000	3814.000	330.000
16.000	3815.000	440.000
17.000	3816.000	410.000
18.000	3817.000	370.000
19.000	3818.000	430.000
20.000	3819.000	340.000
21.000	3820.000	400.000
22.000	3821.000	340.000
23.000	3822.000	470.000
24.000	3823.000	370.000
25.000	3824.000	340.000
26.000	3825.000	380.000
27.000	3826.000	410.000
28.000	3827.000	360.000
29.000	3828.000	340.000
30.000	3829.000	240.000
31.000	3830.000	300.000
32.000	3831.000	330.000
33.000	3832.000	550.000
34.000	3833.000	370.000
35.000	3834.000	320.000
36.000	3835.000	410.000
37.000	3836.000	390.000
38.000	3837.000	370.000
39.000	3838.000	300.000
40.000	3839.000	320.000
41.000	3840.000	350.000
42.000	3841.000	350.000
43.000	3842.000	510.000
44.000	3843.000	360.000
45.000	3844.000	450.000
46.000	3845.000	360.000
47.000	3846.000	460.000
48.000	3847.000	340.000
49.000	3848.000	270.000
50.000	3849.000	260.000
51.000	3850.000	340.000
52.000	3851.000	310.000
53.000	3852.000	330.000
54.000	3853.000	450.000
55.000	3854.000	410.000
56.000	3855.000	410.000
57.000	3856.000	450.000
58.000	3857.000	330.000
59.000	3858.000	270.000
60.000	3859.000	440.000
61.000	3860.000	300.000
62.000	3861.000	340.000
63.000	3862.000	220.000
64.000	3863.000	260.000
65.000	3864.000	400.000
66.000	3865.000	390.000
67.000	3866.000	340.000
68.000	3867.000	330.000
69.000	3868.000	360.000
70.000	3869.000	380.000
71.000	3870.000	380.000
72.000	3871.000	300.000
73.000	3872.000	430.000
74.000	3873.000	300.000
75.000	3874.000	310.000
76.000	3875.000	340.000
77.000	3876.000	460.000
78.000	3877.000	320.000
79.000	3878.000	330.000
80.000	3879.000	310.000
81.000	3880.000	330.000
82.000	3881.000	510.000
83.000	3882.000	1650.000
84.000	3883.000	330.000
85.000	3884.000	350.000
86.000	3885.000	350.000
87.000	3886.000	320.000
88.000	3887.000	400.000
89.000	3888.000	390.000
90.000	3889.000	270.000
91.000	3890.000	430.000
92.000	3891.000	400.000
93.000	3892.000	350.000
94.000	3893.000	310.000
95.000	3894.000	360.000
96.000	3895.000	430.000
97.000	3896.000	510.000
98.000	3897.000	390.000
99.000	3898.000	470.000
100.000	3899.000	320.000
101.000	3900.000	370.000
102.000	3901.000	400.000
103.000	3902.000	420.000
104.000	3903.000	420.000
105.000	3904.000	290.000
106.000	3905.000	390.000
107.000	3906.000	210.000
108.000	3907.000	370.000
109.000	3908.000	470.000
110.000	3909.000	360.000
111.000	3910.000	330.000
112.000	3911.000	470.000
113.000	3912.000	280.000
114.000	3913.000	310.000
115.000	3914.000	300.000
116.000	3915.000	420.000
117.000	3916.000	390.000
118.000	3917.000	340.000
119.000	3918.000	580.000
120.000	3919.000	340.000
121.000	3920.000	350.000
122.000	3921.000	410.000
123.000	3922.000	510.000
124.000	3923.000	590.000
125.000	3924.000	650.000
126.000	3925.000	410.000
127.000	3926.000	360.000
128.000	3927.000	430.000
129.000	3928.000	330.000
130.000	3929.000	460.000
131.000	3930.000	420.000
132.000	3931.000	290.000
133.000	3932.000	340.000
134.000	3933.000	460.000
135.000	3934.000	520.000
136.000	3935.000	360.000
137.000	3936.000	370.000
138.000	3937.000	330.000
139.000	3938.000	610.000
140.000	3939.000	250.000
141.000	3940.000	490.000
142.000	3941.000	470.000
143.000	3942.000	470.000
144.000	3943.000	290.000
145.000	3944.000	260.000
146.000	3945.000	360.000
147.000	3946.000	320.000
148.000	3947.000	310.000
149.000	3948.000	360.000
150.000	3949.000	590.000
151.000	3950.000	380.000
152.000	3951.000	510.000
153.000	3952.000	390.000
154.000	3953.000	430.000
155.000	3954.000	410.000
156.000	3955.000	380.000
157.000	3956.000	500.000
158.000	3957.000	380.000
159.000	3958.000	420.000
160.000	3959.000	600.000
161.000	3960.000	320.000
162.000	3961.000	360.000
163.000	3962.000	350.000
164.000	3963.000	370.000
165.000	3964.000	410.000
166.000	3965.000	440.000
167.000	3966.000	210.000
168.000	3967.000	330.000
169.000	3968.000	370.000
170.000	3969.000	380.000
171.000	3970.000	390.000
172.000	3971.000	420.000
173.000	3972.000	410.000
174.000	3973.000	320.000
175.000	3974.000	470.000
176.000	3975.000	450.000
177.000	3976.000	470.000
178.000	3977.000	310.000
179.000	3978.000	520.000
180.000	3979.000	430.000
181.000	3980.000	540.000
182.000	3981.000	440.000
183.000	3982.000	360.000
184.000	3983.000	340.000
185.000	3984.000	530.000
186.000	3985.000	470.000
187.000	3986.000	370.000
188.000	3987.000	520.000
189.000	3988.000	330.000
190.000	3989.000	410.000
191.000	3990.000	380.000
192.000	3991.000	530.000
193.000	3992.000	310.000
194.000	3993.000	380.000
195.000	3994.000	420.000
196.000	3995.000	490.000
197.000	3996.000	310.000
198.000	3997.000	340.000
199.000	3998.000	450.000
200.000	3999.000	340.000
201.000	4000.000	310.000
202.000	4001.000	370.000
203.000	4002.000	400.000
204.000	4003.000	320.000
205.000	4004.000	380.000
206.000	4005.000	660.000
207.000	4006.000	280.000
208.000	4007.000	350.000
209.000	4008.000	620.000
210.000	4009.000	340.000
211.000	4010.000	460.000
212.000	4011.000	420.000
213.000	4012.000	360.000
214.000	4013.000	380.000
215.000	4014.000	490.000
216.000	4015.000	290.000
217.000	4016.000	520.000
218.000	4017.000	450.000
219.000	4018.000	480.000
220.000	4019.000	2140.000
221.000	4020.000	1160.000
222.000	4021.000	198570.000
223.000	4022.000	810.000
224.000	4023.000	530.000
225.000	4024.000	450.000
226.000	4025.000	560.000
227.000	4026.000	440.000
228.000	4027.000	400.000
229.000	4028.000	410.000
230.000	4029.000	500.000
231.000	4030.000	340.000
232.000	4031.000	450.000
233.000	4032.000	340.000
234.000	4033.000	400.000
235.000	4034.000	350.000
236.000	4035.000	320.000
237.000	4036.000	280.000
238.000	4037.000	410.000
239.000	4038.000	280.000
240.000	4039.000	540.000
241.000	4040.000	420.000
242.000	4041.000	370.000
243.000	4042.000	500.000
244.000	4043.000	440.000
245.000	4044.000	300.000
246.000	4045.000	440.000
247.000	4046.000	400.000
248.000	4047.000	310.000
249.000	4048.000	370.000
250.000	4049.000	410.000
251.000	4050.000	480.000
252.000	4051.000	460.000
253.000	4052.000	11710.000
254.000	4053.000	360.000
255.000	4054.000	300.000
256.000	4055.000	290.000
257.000	4056.000	460.000
258.000	4057.000	250.000
259.000	4058.000	310.000
260.000	4059.000	340.000
261.000	4060.000	360.000
262.000	4061.000	460.000
263.000	4062.000	400.000
264.000	4063.000	290.000
265.000	4064.000	340.000
266.000	4065.000	360.000
267.000	4066.000	280.000
268.000	4067.000	370.000
269.000	4068.000	410.000
270.000	4069.000	400.000
271.000	4070.000	280.000
272.000	4071.000	410.000
273.000	4072.000	370.000
274.000	4073.000	290.000
275.000	4074.000	380.000
276.000	4075.000	220.000
277.000	4076.000	350.000
278.000	4077.000	430.000
279.000	4078.000	340.000
280.000	4079.000	350.000
281.000	4080.000	400.000
282.000	4081.000	340.000
283.000	4082.000	580.000
284.000	4083.000	320.000
285.000	4084.000	470.000
286.000	4085.000	290.000
287.000	4086.000	400.000
288.000	4087.000	320.000
289.000	4088.000	530.000
290.000	4089.000	350.000
291.000	4090.000	320.000
292.000	4091.000	390.000
293.000	4092.000	480.000
294.000	4093.000	300.000
295.000	4094.000	360.000
296.000	4095.000	340.000
297.000	4096.000	430.000
298.000	4097.000	310.000
299.000	4098.000	270.000
300.000	4099.000	320.000
301.000	4100.000	290.000
302.000	4101.000	220.000
303.000	4102.000	340.000
304.000	4103.000	410.000
305.000	4104.000	390.000
306.000	4105.000	430.000
307.000	4106.000	360.000
308.000	4107.000	440.000
309.000	4108.000	440.000
310.000	4109.000	410.000
311.000	4110.000	460.000
312.000	4111.000	490.000
313.000	4112.000	320.000
314.000	4113.000	440.000
315.000	4114.000	340.000
316.000	4115.000	420.000
317.000	4116.000	440.000
318.000	4117.000	290.000
319.000	4118.000	340.000
320.000	4119.000	420.000
321.000	4120.000	360.000
322.000	4121.000	360.000
323.000	4122.000	250.000
324.000	4123.000	370.000
325.000	4124.000	400.000
326.000	4125.000	390.000
327.000	4126.000	560.000
328.000	4127.000	310.000
329.000	4128.000	420.000
330.000	4129.000	390.000
331.000	4130.000	410.000
332.000	4131.000	290.000
333.000	4132.000	930.000
334.000	4133.000	370.000
335.000	4134.000	330.000
336.000	4135.000	360.000
337.000	4136.000	290.000
338.000	4137.000	390.000
339.000	4138.000	1790.000
340.000	4139.000	450.000
341.000	4140.000	340.000
342.000	4141.000	450.000
343.000	4142.000	300.000
344.000	4143.000	280.000
345.000	4144.000	300.000
346.000	4145.000	410.000
347.000	4146.000	420.000
348.000	4147.000	340.000
349.000	4148.000	360.000
350.000	4149.000	400.000
351.000	4150.000	300.000
352.000	4151.000	430.000
353.000	4152.000	390.000
354.000	4153.000	490.000
355.000	4154.000	320.000
356.000	4155.000	410.000
357.000	4156.000	240.000
358.000	4157.000	440.000
359.000	4158.000	400.000
360.000	4159.000	480.000
361.000	4160.000	490.000
362.000	4161.000	330.000
363.000	4162.000	360.000
364.000	4163.000	330.000
365.000	4164.000	1130.000
366.000	4165.000	420.000
367.000	4166.000	290.000
368.000	4167.000	460.000
369.000	4168.000	370.000
370.000	4169.000	340.000
371.000	4170.000	480.000
372.000	4171.000	420.000
373.000	4172.000	2690.000
374.000	4173.000	370.000
375.000	4174.000	5840.000
376.000	4175.000	430.000
377.000	4176.000	360.000
378.000	4177.000	320.000
379.000	4178.000	360.000
380.000	4179.000	310.000
381.000	4180.000	290.000
382.000	4181.000	470.000
383.000	4182.000	420.000
384.000	4183.000	370.000
385.000	4184.000	300.000
386.000	4185.000	190.000
387.000	4186.000	330.000
388.000	4187.000	560.000
389.000	4188.000	350.000
390.000	4189.000	290.000
391.000	4190.000	310.000
392.000	4191.000	270.000
393.000	4192.000	460.000
394.000	4193.000	390.000
395.000	4194.000	250.000
396.000	4195.000	370.000
397.000	4196.000	440.000
398.000	4197.000	400.000
399.000	4198.000	390.000
400.000	4199.000	410.000
401.000	4200.000	410.000
402.000	4201.000	430.000
403.000	4202.000	310.000
404.000	4203.000	330.000
405.000	4204.000	440.000
406.000	4205.000	440.000
407.000	4206.000	510.000
408.000	4207.000	450.000
409.000	4208.000	240.000
410.000	4209.000	340.000
411.000	4210.000	320.000
412.000	4211.000	330.000
413.000	4212.000	480.000
414.000	4213.000	280.000
415.000	4214.000	350.000
416.000	4215.000	430.000
417.000	4216.000	220.000
418.000	4217.000	410.000
419.000	4218.000	250.000
420.000	4219.000	280.000
421.000	4220.000	470.000
422.000	4221.000	370.000
423.000	4222.000	410.000
424.000	4223.000	410.000
425.000	4224.000	620.000
426.000	4225.000	340.000
427.000	4226.000	270.000
428.000	4227.000	380.000
429.000	4228.000	410.000
430.000	4229.000	320.000
431.000	4230.000	330.000
432.000	4231.000	390.000
433.000	4232.000	680.000
434.000	4233.000	520.000
435.000	4234.000	340.000
436.000	4235.000	370.000
437.000	4236.000	430.000
438.000	4237.000	360.000
439.000	4238.000	310.000
440.000	4239.000	1170.000
441.000	4240.000	330.000
442.000	4241.000	340.000
443.000	4242.000	370.000
444.000	4243.000	460.000
445.000	4244.000	340.000
446.000	4245.000	2390.000
447.000	4246.000	360.000
448.000	4247.000	510.000
449.000	4248.000	290.000
450.000	4249.000	370.000
451.000	4250.000	290.000
452.000	4251.000	390.000
453.000	4252.000	300.000
454.000	4253.000	400.000
455.000	4254.000	380.000
456.000	4255.000	300.000
457.000	4256.000	360.000
458.000	4257.000	290.000
459.000	4258.000	390.000
460.000	4259.000	270.000
461.000	4260.000	360.000
462.000	4261.000	410.000
463.000	4262.000	420.000
464.000	4263.000	530.000
465.000	4264.000	390.000
466.000	4265.000	420.000
467.000	4266.000	400.000
468.000	4267.000	440.000
469.000	4268.000	380.000
470.000	4269.000	330.000
471.000	4270.000	330.000
472.000	4271.000	280.000
473.000	4272.000	410.000
474.000	4273.000	2960.000
475.000	4274.000	420.000
476.000	4275.000	380.000
477.000	4276.000	460.000
478.000	4277.000	320.000
479.000	4278.000	290.000
480.000	4279.000	360.000
481.000	4280.000	300.000
482.000	4281.000	370.000
483.000	4282.000	410.000
484.000	4283.000	550.000
485.000	4284.000	450.000
486.000	4285.000	380.000
487.000	4286.000	470.000
488.000	4287.000	280.000
489.000	4288.000	290.000
490.000	4289.000	470.000
491.000	4290.000	390.000
492.000	4291.000	430.000
493.000	4292.000	550.000
494.000	4293.000	460.000
495.000	4294.000	350.000
496.000	4295.000	300.000
497.000	4296.000	400.000
498.000	4297.000	400.000
499.000	4298.000	420.000
500.000	4299.000	340.000
501.000	4300.000	400.000
502.000	4301.000	410.000
503.000	4302.000	320.000
504.000	4303.000	500.000
505.000	4304.000	430.000
506.000	4305.000	410.000
507.000	4306.000	2620.000
508.000	4307.000	370.000
509.000	4308.000	830.000
510.000	4309.000	380.000
511.000	4310.000	410.000
512.000	4311.000	540.000
513.000	4312.000	1540.000
514.000	4313.000	460.000
515.000	4314.000	340.000
516.000	4315.000	300.000
517.000	4316.000	460.000
518.000	4317.000	350.000
519.000	4318.000	630.000
520.000	4319.000	420.000
521.000	4320.000	9030.000
522.000	4321.000	440.000
523.000	4322.000	470.000
524.000	4323.000	410.000
525.000	4324.000	550.000
526.000	4325.000	380.000
527.000	4326.000	540.000
528.000	4327.000	360.000
529.000	4328.000	670.000
530.000	4329.000	1080.000
531.000	4330.000	4420.000
532.000	4331.000	329720.000
533.000	4332.000	1060.000
534.000	4333.000	700.000
535.000	4334.000	570.000
536.000	4335.000	630.000
537.000	4336.000	560.000
538.000	4337.000	620.000
539.000	4338.000	450.000
540.000	4339.000	610.000
541.000	4340.000	390.000
542.000	4341.000	430.000
543.000	4342.000	470.000
544.000	4343.000	440.000
545.000	4344.000	330.000
546.000	4345.000	320.000
547.000	4346.000	390.000
548.000	4347.000	330.000
549.000	4348.000	370.000
550.000	4349.000	320.000
551.000	4350.000	460.000
552.000	4351.000	460.000
553.000	4352.000	360.000
554.000	4353.000	420.000
555.000	4354.000	330.000
556.000	4355.000	380.000
557.000	4356.000	380.000
558.000	4357.000	240.000
559.000	4358.000	340.000
560.000	4359.000	450.000
561.000	4360.000	260.000
562.000	4361.000	550.000
563.000	4362.000	320.000
564.000	4363.000	540.000
565.000	4364.000	370.000
566.000	4365.000	330.000
567.000	4366.000	420.000
568.000	4367.000	400.000
569.000	4368.000	340.000
570.000	4369.000	390.000
571.000	4370.000	430.000
572.000	4371.000	320.000
573.000	4372.000	460.000
574.000	4373.000	280.000
575.000	4374.000	410.000
576.000	4375.000	330.000
577.000	4376.000	220.000
578.000	4377.000	410.000
579.000	4378.000	280.000
580.000	4379.000	340.000
581.000	4380.000	290.000
582.000	4381.000	510.000
583.000	4382.000	360.000
584.000	4383.000	240.000
585.000	4384.000	440.000
586.000	4385.000	480.000
587.000	4386.000	380.000
588.000	4387.000	440.000
589.000	4388.000	410.000
590.000	4389.000	550.000
591.000	4390.000	350.000
592.000	4391.000	360.000
593.000	4392.000	300.000
594.000	4393.000	360.000
595.000	4394.000	350.000
596.000	4395.000	420.000
597.000	4396.000	420.000
598.000	4397.000	390.000
599.000	4398.000	480.000
600.000	4399.000	510.000
601.000	4400.000	340.000
602.000	4401.000	300.000
603.000	4402.000	400.000
604.000	4403.000	470.000
605.000	4404.000	380.000
606.000	4405.000	370.000
607.000	4406.000	270.000
608.000	4407.000	340.000
609.000	4408.000	440.000
610.000	4409.000	320.000
611.000	4410.000	400.000
612.000	4411.000	370.000
613.000	4412.000	370.000
614.000	4413.000	430.000
615.000	4414.000	320.000
616.000	4415.000	440.000
617.000	4416.000	400.000
618.000	4417.000	260.000
619.000	4418.000	340.000
620.000	4419.000	230.000
621.000	4420.000	410.000
622.000	4421.000	430.000
623.000	4422.000	360.000
624.000	4423.000	370.000
625.000	4424.000	310.000
626.000	4425.000	250.000
627.000	4426.000	430.000
628.000	4427.000	290.000
629.000	4428.000	270.000
630.000	4429.000	370.000
631.000	4430.000	340.000
632.000	4431.000	340.000
633.000	4432.000	380.000
634.000	4433.000	350.000
635.000	4434.000	350.000
636.000	4435.000	400.000
637.000	4436.000	330.000
638.000	4437.000	350.000
639.000	4438.000	220.000
640.000	4439.000	440.000
641.000	4440.000	290.000
642.000	4441.000	320.000
643.000	4442.000	160.000
644.000	4443.000	290.000
645.000	4444.000	290.000
646.000	4445.000	390.000
647.000	4446.000	400.000
648.000	4447.000	480.000
649.000	4448.000	350.000
650.000	4449.000	410.000
651.000	4450.000	280.000
652.000	4451.000	240.000
653.000	4452.000	450.000
654.000	4453.000	380.000
655.000	4454.000	340.000
656.000	4455.000	380.000
657.000	4456.000	470.000
658.000	4457.000	300.000
659.000	4458.000	350.000
660.000	4459.000	450.000
661.000	4460.000	430.000
662.000	4461.000	320.000
663.000	4462.000	520.000
664.000	4463.000	430.000
665.000	4464.000	300.000
666.000	4465.000	330.000
667.000	4466.000	360.000
668.000	4467.000	470.000
669.000	4468.000	450.000
670.000	4469.000	370.000
671.000	4470.000	340.000
672.000	4471.000	230.000
673.000	4472.000	350.000
674.000	4473.000	470.000
675.000	4474.000	340.000
676.000	4475.000	470.000
677.000	4476.000	370.000
678.000	4477.000	360.000
679.000	4478.000	420.000
680.000	4479.000	260.000
681.000	4480.000	380.000
682.000	4481.000	280.000
683.000	4482.000	1630.000
684.000	4483.000	360.000
685.000	4484.000	410.000
686.000	4485.000	270.000
687.000	4486.000	300.000
688.000	4487.000	340.000
689.000	4488.000	340.000
690.000	4489.000	380.000
691.000	4490.000	290.000
692.000	4491.000	520.000
693.000	4492.000	490.000
694.000	4493.000	490.000
695.000	4494.000	360.000
696.000	4495.000	260.000
697.000	4496.000	460.000
698.000	4497.000	300.000
699.000	4498.000	360.000
700.000	4499.000	310.000
701.000	4500.000	340.000
702.000	4501.000	360.000
703.000	4502.000	290.000
704.000	4503.000	440.000
705.000	4504.000	410.000
706.000	4505.000	270.000
707.000	4506.000	380.000
708.000	4507.000	380.000
709.000	4508.000	440.000
710.000	4509.000	310.000
711.000	4510.000	370.000
712.000	4511.000	160.000
713.000	4512.000	410.000
714.000	4513.000	340.000
715.000	4514.000	470.000
716.000	4515.000	400.000
717.000	4516.000	300.000
718.000	4517.000	440.000
719.000	4518.000	410.000
720.000	4519.000	490.000
721.000	4520.000	350.000
722.000	4521.000	350.000
723.000	4522.000	300.000
724.000	4523.000	310.000
725.000	4524.000	340.000
726.000	4525.000	280.000
727.000	4526.000	340.000
728.000	4527.000	280.000
729.000	4528.000	350.000
730.000	4529.000	320.000
731.000	4530.000	330.000
732.000	4531.000	340.000
733.000	4532.000	360.000
734.000	4533.000	450.000
735.000	4534.000	410.000
736.000	4535.000	410.000
737.000	4536.000	450.000
738.000	4537.000	350.000
739.000	4538.000	310.000
740.000	4539.000	260.000
741.000	4540.000	410.000
742.000	4541.000	440.000
743.000	4542.000	290.000
744.000	4543.000	270.000
745.000	4544.000	340.000
746.000	4545.000	240.000
747.000	4546.000	400.000
748.000	4547.000	280.000
749.000	4548.000	370.000
750.000	4549.000	340.000
751.000	4550.000	340.000
752.000	4551.000	320.000
753.000	4552.000	340.000
754.000	4553.000	310.000
755.000	4554.000	380.000
756.000	4555.000	380.000
757.000	4556.000	340.000
758.000	4557.000	360.000
759.000	4558.000	470.000
760.000	4559.000	320.000
761.000	4560.000	420.000
762.000	4561.000	390.000
763.000	4562.000	390.000
764.000	4563.000	240.000
765.000	4564.000	380.000
766.000	4565.000	360.000
767.000	4566.000	420.000
768.000	4567.000	380.000
769.000	4568.000	450.000
770.000	4569.000	390.000
771.000	4570.000	380.000
772.000	4571.000	360.000
773.000	4572.000	390.000
774.000	4573.000	460.000
775.000	4574.000	270.000
776.000	4575.000	360.000
777.000	4576.000	350.000
778.000	4577.000	370.000
779.000	4578.000	240.000
780.000	4579.000	360.000
781.000	4580.000	370.000
782.000	4581.000	330.000
783.000	4582.000	300.000
784.000	4583.000	290.000
785.000	4584.000	350.000
786.000	4585.000	350.000
787.000	4586.000	380.000
788.000	4587.000	470.000
789.000	4588.000	390.000
790.000	4589.000	420.000
791.000	4590.000	460.000
792.000	4591.000	350.000
793.000	4592.000	270.000
794.000	4593.000	400.000
795.000	4594.000	450.000
796.000	4595.000	340.000
797.000	4596.000	370.000
798.000	4597.000	410.000
799.000	4598.000	380.000
800.000	4599.000	430.000
801.000	4600.000	340.000
