1.000	3109.500	345.333
2.000	3109.503	346.667
3.000	3109.505	320.667
4.000	3109.508	327.333
5.000	3109.510	370.667
6.000	3109.512	341.333
7.000	3109.515	323.333
8.000	3109.517	300.000
9.000	3109.520	329.333
10.000	3109.523	341.333
11.000	3109.525	377.333
12.000	3109.528	338.667
13.000	3109.530	363.333
14.000	3109.532	357.333
15.000	3109.535	322.667
16.000	3109.537	304.667
17.000	3109.540	318.667
18.000	3109.543	312.000
19.000	3109.545	344.667
20.000	3109.548	316.667
21.000	3109.550	340.000
22.000	3109.552	334.667
23.000	3109.555	320.667
24.000	3109.557	283.333
25.000	3109.560	332.000
26.000	3109.562	356.000
27.000	3109.565	304.667
28.000	3109.568	340.000
29.000	3109.570	318.000
30.000	3109.573	352.000
31.000	3109.575	319.333
32.000	3109.577	320.000
33.000	3109.580	301.333
34.000	3109.582	324.667
35.000	3109.585	334.000
36.000	3109.588	326.667
37.000	3109.590	328.667
38.000	3109.593	338.000
39.000	3109.595	318.667
40.000	3109.597	358.000
41.000	3109.600	324.000
42.000	3109.602	320.667
43.000	3109.605	307.333
44.000	3109.608	334.667
45.000	3109.610	340.000
46.000	3109.613	332.000
47.000	3109.615	325.333
48.000	3109.617	318.000
49.000	3109.620	360.000
50.000	3109.622	335.333
51.000	3109.625	320.000
52.000	3109.628	310.000
53.000	3109.630	342.667
54.000	3109.633	325.333
55.000	3109.635	342.667
56.000	3109.637	330.000
57.000	3109.640	318.667
58.000	3109.642	351.333
59.000	3109.645	329.333
60.000	3109.648	348.000
61.000	3109.650	351.333
62.000	3109.653	324.667
63.000	3109.655	326.000
64.000	3109.657	302.667
65.000	3109.660	352.000
66.000	3109.662	298.667
67.000	3109.665	318.667
68.000	3109.668	346.000
69.000	3109.670	333.333
70.000	3109.673	364.667
71.000	3109.675	353.333
72.000	3109.677	335.333
73.000	3109.680	338.000
74.000	3109.682	360.000
75.000	3109.685	339.333
76.000	3109.687	340.667
77.000	3109.690	354.000
78.000	3109.693	320.667
79.000	3109.695	332.667
80.000	3109.698	320.667
81.000	3109.700	324.000
82.000	3109.702	303.333
83.000	3109.705	312.000
84.000	3109.707	314.667
85.000	3109.710	297.333
86.000	3109.713	342.000
87.000	3109.715	308.000
88.000	3109.718	346.000
89.000	3109.720	293.333
90.000	3109.722	313.333
91.000	3109.725	340.667
92.000	3109.727	330.000
93.000	3109.730	330.667
94.000	3109.733	301.333
95.000	3109.735	307.333
96.000	3109.738	356.667
97.000	3109.740	319.333
98.000	3109.742	304.000
99.000	3109.745	340.667
100.000	3109.747	328.000
101.000	3109.750	348.000
102.000	3109.753	294.667
103.000	3109.755	324.000
104.000	3109.758	314.667
105.000	3109.760	305.333
106.000	3109.762	299.333
107.000	3109.765	358.000
108.000	3109.767	322.000
109.000	3109.770	358.667
110.000	3109.773	310.667
111.000	3109.775	344.000
112.000	3109.778	309.333
113.000	3109.780	330.667
114.000	3109.782	358.000
115.000	3109.785	332.667
116.000	3109.787	324.000
117.000	3109.790	316.667
118.000	3109.793	315.333
119.000	3109.795	330.667
120.000	3109.798	346.667
121.000	3109.800	332.667
122.000	3109.802	350.667
123.000	3109.805	331.333
124.000	3109.807	312.667
125.000	3109.810	336.667
126.000	3109.812	343.333
127.000	3109.815	338.000
128.000	3109.818	352.667
129.000	3109.820	357.333
130.000	3109.823	326.667
131.000	3109.825	300.000
132.000	3109.827	330.000
133.000	3109.830	304.000
134.000	3109.832	329.333
135.000	3109.835	344.667
136.000	3109.838	340.667
137.000	3109.840	329.333
138.000	3109.843	313.333
139.000	3109.845	342.000
140.000	3109.847	348.000
141.000	3109.850	341.333
142.000	3109.852	314.667
143.000	3109.855	316.667
144.000	3109.858	301.333
145.000	3109.860	324.667
146.000	3109.863	326.000
147.000	3109.865	322.000
148.000	3109.867	299.333
149.000	3109.870	345.333
150.000	3109.872	329.333
151.000	3109.875	340.667
152.000	3109.878	324.000
153.000	3109.880	341.333
154.000	3109.883	348.000
155.000	3109.885	313.333
156.000	3109.887	312.000
157.000	3109.890	331.333
158.000	3109.892	343.333
159.000	3109.895	331.333
160.000	3109.898	326.667
161.000	3109.900	322.667
162.000	3109.903	304.667
163.000	3109.905	294.667
164.000	3109.907	349.333
165.000	3109.910	316.000
166.000	3109.912	333.333
167.000	3109.915	337.333
168.000	3109.918	332.667
169.000	3109.920	329.333
170.000	3109.923	348.000
171.000	3109.925	295.333
172.000	3109.927	338.667
173.000	3109.930	345.333
174.000	3109.932	332.667
175.000	3109.935	356.000
176.000	3109.937	325.333
177.000	3109.940	314.000
178.000	3109.943	322.000
179.000	3109.945	339.333
180.000	3109.948	346.000
181.000	3109.950	336.000
182.000	3109.952	342.000
183.000	3109.955	330.667
184.000	3109.957	322.667
185.000	3109.960	346.667
186.000	3109.963	294.000
187.000	3109.965	344.000
188.000	3109.968	338.667
189.000	3109.970	333.333
190.000	3109.972	355.333
191.000	3109.975	333.333
192.000	3109.977	322.000
193.000	3109.980	324.000
194.000	3109.983	347.333
195.000	3109.985	304.667
196.000	3109.988	310.667
197.000	3109.990	342.000
198.000	3109.992	312.667
199.000	3109.995	354.000
200.000	3109.997	305.333
201.000	3110.000	348.667
