1.000	3109.000	350.000
2.000	3109.010	360.000
3.000	3109.020	350.000
4.000	3109.030	320.000
5.000	3109.040	315.000
6.000	3109.050	305.000
7.000	3109.060	420.000
8.000	3109.070	350.000
9.000	3109.080	295.000
10.000	3109.090	350.000
11.000	3109.100	345.000
12.000	3109.110	270.000
13.000	3109.120	245.000
14.000	3109.130	330.000
15.000	3109.140	305.000
16.000	3109.150	340.000
17.000	3109.160	305.000
18.000	3109.170	305.000
19.000	3109.180	390.000
20.000	3109.190	260.000
21.000	3109.200	270.000
22.000	3109.210	245.000
23.000	3109.220	410.000
24.000	3109.230	345.000
25.000	3109.240	260.000
26.000	3109.250	340.000
27.000	3109.260	380.000
28.000	3109.270	315.000
29.000	3109.280	370.000
30.000	3109.290	330.000
31.000	3109.300	360.000
32.000	3109.310	410.000
33.000	3109.320	340.000
34.000	3109.330	410.000
35.000	3109.340	320.000
36.000	3109.350	360.000
37.000	3109.360	305.000
38.000	3109.370	305.000
39.000	3109.380	330.000
40.000	3109.390	360.000
41.000	3109.400	300.000
42.000	3109.410	300.000
43.000	3109.420	185.000
44.000	3109.430	340.000
45.000	3109.440	345.000
46.000	3109.450	310.000
47.000	3109.460	295.000
48.000	3109.470	325.000
49.000	3109.480	320.000
50.000	3109.490	295.000
51.000	3109.500	345.000
52.000	3109.510	370.000
53.000	3109.520	315.000
54.000	3109.530	355.000
55.000	3109.540	380.000
56.000	3109.550	430.000
57.000	3109.560	305.000
58.000	3109.570	355.000
59.000	3109.580	345.000
60.000	3109.590	340.000
61.000	3109.600	305.000
62.000	3109.610	360.000
63.000	3109.620	350.000
64.000	3109.630	305.000
65.000	3109.640	280.000
66.000	3109.650	315.000
67.000	3109.660	390.000
68.000	3109.670	370.000
69.000	3109.680	380.000
70.000	3109.690	395.000
71.000	3109.700	350.000
72.000	3109.710	385.000
73.000	3109.720	330.000
74.000	3109.730	470.000
75.000	3109.740	340.000
76.000	3109.750	355.000
77.000	3109.760	355.000
78.000	3109.770	265.000
79.000	3109.780	340.000
80.000	3109.790	325.000
81.000	3109.800	285.000
82.000	3109.810	345.000
83.000	3109.820	315.000
84.000	3109.830	305.000
85.000	3109.840	320.000
86.000	3109.850	340.000
87.000	3109.860	295.000
88.000	3109.870	335.000
89.000	3109.880	375.000
90.000	3109.890	305.000
91.000	3109.900	305.000
92.000	3109.910	315.000
93.000	3109.920	315.000
94.000	3109.930	295.000
95.000	3109.940	360.000
96.000	3109.950	330.000
97.000	3109.960	380.000
98.000	3109.970	320.000
99.000	3109.980	435.000
100.000	3109.990	325.000
101.000	3110.000	400.000
102.000	3110.010	345.000
103.000	3110.020	340.000
104.000	3110.030	260.000
105.000	3110.040	300.000
106.000	3110.050	300.000
107.000	3110.060	235.000
108.000	3110.070	380.000
109.000	3110.080	300.000
110.000	3110.090	310.000
111.000	3110.100	295.000
112.000	3110.110	320.000
113.000	3110.120	310.000
114.000	3110.130	340.000
115.000	3110.140	280.000
116.000	3110.150	360.000
117.000	3110.160	365.000
118.000	3110.170	290.000
119.000	3110.180	290.000
120.000	3110.190	285.000
121.000	3110.200	340.000
122.000	3110.210	375.000
123.000	3110.220	265.000
124.000	3110.230	300.000
125.000	3110.240	275.000
126.000	3110.250	310.000
127.000	3110.260	250.000
128.000	3110.270	370.000
129.000	3110.280	360.000
130.000	3110.290	275.000
131.000	3110.300	320.000
132.000	3110.310	295.000
133.000	3110.320	280.000
134.000	3110.330	275.000
135.000	3110.340	390.000
136.000	3110.350	325.000
137.000	3110.360	275.000
138.000	3110.370	410.000
139.000	3110.380	285.000
140.000	3110.390	355.000
141.000	3110.400	265.000
142.000	3110.410	305.000
143.000	3110.420	295.000
144.000	3110.430	300.000
145.000	3110.440	305.000
146.000	3110.450	380.000
147.000	3110.460	430.000
148.000	3110.470	390.000
149.000	3110.480	300.000
150.000	3110.490	360.000
151.000	3110.500	305.000
152.000	3110.510	330.000
153.000	3110.520	330.000
154.000	3110.530	300.000
155.000	3110.540	270.000
156.000	3110.550	310.000
157.000	3110.560	200.000
158.000	3110.570	300.000
159.000	3110.580	300.000
160.000	3110.590	410.000
161.000	3110.600	280.000
162.000	3110.610	380.000
163.000	3110.620	400.000
164.000	3110.630	310.000
165.000	3110.640	250.000
166.000	3110.650	465.000
167.000	3110.660	340.000
168.000	3110.670	260.000
169.000	3110.680	375.000
170.000	3110.690	285.000
171.000	3110.700	290.000
172.000	3110.710	290.000
173.000	3110.720	465.000
174.000	3110.730	375.000
175.000	3110.740	325.000
176.000	3110.750	410.000
177.000	3110.760	240.000
178.000	3110.770	365.000
179.000	3110.780	320.000
180.000	3110.790	320.000
181.000	3110.800	370.000
182.000	3110.810	445.000
183.000	3110.820	280.000
184.000	3110.830	290.000
185.000	3110.840	385.000
186.000	3110.850	280.000
187.000	3110.860	285.000
188.000	3110.870	400.000
189.000	3110.880	360.000
190.000	3110.890	310.000
191.000	3110.900	270.000
192.000	3110.910	315.000
193.000	3110.920	365.000
194.000	3110.930	320.000
195.000	3110.940	235.000
196.000	3110.950	310.000
197.000	3110.960	310.000
198.000	3110.970	240.000
199.000	3110.980	335.000
200.000	3110.990	440.000
201.000	3111.000	330.000
202.000	3111.010	380.000
203.000	3111.020	370.000
204.000	3111.030	360.000
205.000	3111.040	280.000
206.000	3111.050	355.000
207.000	3111.060	310.000
208.000	3111.070	345.000
209.000	3111.080	415.000
210.000	3111.090	335.000
211.000	3111.100	275.000
212.000	3111.110	200.000
213.000	3111.120	300.000
214.000	3111.130	345.000
215.000	3111.140	340.000
216.000	3111.150	275.000
217.000	3111.160	305.000
218.000	3111.170	350.000
219.000	3111.180	335.000
220.000	3111.190	295.000
221.000	3111.200	400.000
222.000	3111.210	290.000
223.000	3111.220	370.000
224.000	3111.230	320.000
225.000	3111.240	305.000
226.000	3111.250	325.000
227.000	3111.260	300.000
228.000	3111.270	390.000
229.000	3111.280	330.000
230.000	3111.290	350.000
231.000	3111.300	420.000
232.000	3111.310	355.000
233.000	3111.320	310.000
234.000	3111.330	310.000
235.000	3111.340	405.000
236.000	3111.350	365.000
237.000	3111.360	335.000
238.000	3111.370	365.000
239.000	3111.380	325.000
240.000	3111.390	340.000
241.000	3111.400	370.000
242.000	3111.410	385.000
243.000	3111.420	420.000
244.000	3111.430	330.000
245.000	3111.440	260.000
246.000	3111.450	370.000
247.000	3111.460	305.000
248.000	3111.470	380.000
249.000	3111.480	280.000
250.000	3111.490	330.000
251.000	3111.500	310.000
252.000	3111.510	330.000
253.000	3111.520	265.000
254.000	3111.530	285.000
255.000	3111.540	300.000
256.000	3111.550	310.000
257.000	3111.560	280.000
258.000	3111.570	385.000
259.000	3111.580	325.000
260.000	3111.590	385.000
261.000	3111.600	340.000
262.000	3111.610	300.000
263.000	3111.620	350.000
264.000	3111.630	320.000
265.000	3111.640	345.000
266.000	3111.650	345.000
267.000	3111.660	405.000
268.000	3111.670	305.000
269.000	3111.680	330.000
270.000	3111.690	385.000
271.000	3111.700	285.000
272.000	3111.710	280.000
273.000	3111.720	330.000
274.000	3111.730	320.000
275.000	3111.740	425.000
276.000	3111.750	295.000
277.000	3111.760	385.000
278.000	3111.770	375.000
279.000	3111.780	300.000
280.000	3111.790	320.000
281.000	3111.800	300.000
282.000	3111.810	330.000
283.000	3111.820	335.000
284.000	3111.830	285.000
285.000	3111.840	375.000
286.000	3111.850	340.000
287.000	3111.860	335.000
288.000	3111.870	300.000
289.000	3111.880	320.000
290.000	3111.890	295.000
291.000	3111.900	360.000
292.000	3111.910	320.000
293.000	3111.920	305.000
294.000	3111.930	350.000
295.000	3111.940	300.000
296.000	3111.950	315.000
297.000	3111.960	330.000
298.000	3111.970	285.000
299.000	3111.980	345.000
300.000	3111.990	315.000
301.000	3112.000	370.000
302.000	3112.010	355.000
303.000	3112.020	365.000
304.000	3112.030	330.000
305.000	3112.040	280.000
306.000	3112.050	340.000
307.000	3112.060	345.000
308.000	3112.070	320.000
309.000	3112.080	365.000
310.000	3112.090	250.000
311.000	3112.100	265.000
312.000	3112.110	290.000
313.000	3112.120	345.000
314.000	3112.130	275.000
315.000	3112.140	325.000
316.000	3112.150	350.000
317.000	3112.160	325.000
318.000	3112.170	370.000
319.000	3112.180	300.000
320.000	3112.190	370.000
321.000	3112.200	280.000
322.000	3112.210	360.000
323.000	3112.220	305.000
324.000	3112.230	255.000
325.000	3112.240	365.000
326.000	3112.250	355.000
327.000	3112.260	370.000
328.000	3112.270	345.000
329.000	3112.280	220.000
330.000	3112.290	265.000
331.000	3112.300	340.000
332.000	3112.310	250.000
333.000	3112.320	320.000
334.000	3112.330	345.000
335.000	3112.340	410.000
336.000	3112.350	290.000
337.000	3112.360	330.000
338.000	3112.370	395.000
339.000	3112.380	315.000
340.000	3112.390	265.000
341.000	3112.400	345.000
342.000	3112.410	365.000
343.000	3112.420	340.000
344.000	3112.430	360.000
345.000	3112.440	285.000
346.000	3112.450	275.000
347.000	3112.460	290.000
348.000	3112.470	320.000
349.000	3112.480	360.000
350.000	3112.490	340.000
351.000	3112.500	370.000
352.000	3112.510	275.000
353.000	3112.520	295.000
354.000	3112.530	335.000
355.000	3112.540	350.000
356.000	3112.550	305.000
357.000	3112.560	325.000
358.000	3112.570	280.000
359.000	3112.580	320.000
360.000	3112.590	320.000
361.000	3112.600	370.000
362.000	3112.610	260.000
363.000	3112.620	315.000
364.000	3112.630	340.000
365.000	3112.640	360.000
366.000	3112.650	275.000
367.000	3112.660	310.000
368.000	3112.670	355.000
369.000	3112.680	325.000
370.000	3112.690	330.000
371.000	3112.700	290.000
372.000	3112.710	360.000
373.000	3112.720	335.000
374.000	3112.730	370.000
375.000	3112.740	345.000
376.000	3112.750	350.000
377.000	3112.760	300.000
378.000	3112.770	350.000
379.000	3112.780	350.000
380.000	3112.790	315.000
381.000	3112.800	310.000
382.000	3112.810	290.000
383.000	3112.820	345.000
384.000	3112.830	290.000
385.000	3112.840	305.000
386.000	3112.850	275.000
387.000	3112.860	330.000
388.000	3112.870	350.000
389.000	3112.880	280.000
390.000	3112.890	335.000
391.000	3112.900	275.000
392.000	3112.910	385.000
393.000	3112.920	250.000
394.000	3112.930	300.000
395.000	3112.940	380.000
396.000	3112.950	290.000
397.000	3112.960	280.000
398.000	3112.970	295.000
399.000	3112.980	340.000
400.000	3112.990	380.000
401.000	3113.000	360.000
