1.000	5422.000	236.000
2.000	5422.002	256.000
3.000	5422.005	256.000
4.000	5422.007	278.000
5.000	5422.010	272.000
6.000	5422.012	262.000
7.000	5422.015	242.000
8.000	5422.017	314.000
9.000	5422.020	262.000
10.000	5422.023	264.000
11.000	5422.025	244.000
12.000	5422.028	268.000
13.000	5422.030	246.000
14.000	5422.033	258.000
15.000	5422.035	246.000
16.000	5422.038	302.000
17.000	5422.040	302.000
18.000	5422.042	282.000
19.000	5422.045	242.000
20.000	5422.047	234.000
21.000	5422.050	278.000
22.000	5422.052	258.000
23.000	5422.055	288.000
24.000	5422.057	252.000
25.000	5422.060	216.000
26.000	5422.062	292.000
27.000	5422.065	306.000
28.000	5422.068	266.000
29.000	5422.070	272.000
30.000	5422.073	276.000
31.000	5422.075	258.000
32.000	5422.078	278.000
33.000	5422.080	252.000
34.000	5422.083	212.000
35.000	5422.085	250.000
36.000	5422.087	250.000
37.000	5422.090	262.000
38.000	5422.092	280.000
39.000	5422.095	286.000
40.000	5422.097	248.000
41.000	5422.100	244.000
42.000	5422.102	250.000
43.000	5422.105	264.000
44.000	5422.108	260.000
45.000	5422.110	260.000
46.000	5422.113	248.000
47.000	5422.115	288.000
48.000	5422.118	286.000
49.000	5422.120	254.000
50.000	5422.123	240.000
51.000	5422.125	180.000
52.000	5422.127	270.000
53.000	5422.130	256.000
54.000	5422.132	260.000
55.000	5422.135	266.000
56.000	5422.137	198.000
57.000	5422.140	248.000
58.000	5422.142	306.000
59.000	5422.145	294.000
60.000	5422.148	266.000
61.000	5422.150	262.000
62.000	5422.153	276.000
63.000	5422.155	304.000
64.000	5422.158	276.000
65.000	5422.160	278.000
66.000	5422.163	240.000
67.000	5422.165	278.000
68.000	5422.167	280.000
69.000	5422.170	284.000
70.000	5422.172	300.000
71.000	5422.175	250.000
72.000	5422.177	242.000
73.000	5422.180	266.000
74.000	5422.182	274.000
75.000	5422.185	222.000
76.000	5422.187	208.000
77.000	5422.190	316.000
78.000	5422.193	300.000
79.000	5422.195	254.000
80.000	5422.198	264.000
81.000	5422.200	256.000
82.000	5422.203	240.000
83.000	5422.205	268.000
84.000	5422.208	242.000
85.000	5422.210	280.000
86.000	5422.212	282.000
87.000	5422.215	294.000
88.000	5422.217	294.000
89.000	5422.220	270.000
90.000	5422.222	256.000
91.000	5422.225	272.000
92.000	5422.227	276.000
93.000	5422.230	272.000
94.000	5422.233	300.000
95.000	5422.235	254.000
96.000	5422.238	256.000
97.000	5422.240	280.000
98.000	5422.243	284.000
99.000	5422.245	206.000
100.000	5422.248	288.000
101.000	5422.250	192.000
102.000	5422.252	274.000
103.000	5422.255	252.000
104.000	5422.257	284.000
105.000	5422.260	290.000
106.000	5422.262	286.000
107.000	5422.265	294.000
108.000	5422.267	286.000
109.000	5422.270	296.000
110.000	5422.273	252.000
111.000	5422.275	282.000
112.000	5422.278	248.000
113.000	5422.280	252.000
114.000	5422.283	248.000
115.000	5422.285	224.000
116.000	5422.288	218.000
117.000	5422.290	294.000
118.000	5422.292	254.000
119.000	5422.295	252.000
120.000	5422.297	266.000
121.000	5422.300	278.000
122.000	5422.302	260.000
123.000	5422.305	252.000
124.000	5422.307	220.000
125.000	5422.310	308.000
126.000	5422.312	272.000
127.000	5422.315	310.000
128.000	5422.318	248.000
129.000	5422.320	250.000
130.000	5422.323	288.000
131.000	5422.325	286.000
132.000	5422.328	268.000
133.000	5422.330	236.000
134.000	5422.333	274.000
135.000	5422.335	266.000
136.000	5422.337	256.000
137.000	5422.340	294.000
138.000	5422.342	270.000
139.000	5422.345	292.000
140.000	5422.347	262.000
141.000	5422.350	272.000
142.000	5422.352	286.000
143.000	5422.355	312.000
144.000	5422.358	216.000
145.000	5422.360	282.000
146.000	5422.363	256.000
147.000	5422.365	314.000
148.000	5422.368	276.000
149.000	5422.370	244.000
150.000	5422.373	256.000
151.000	5422.375	278.000
152.000	5422.377	300.000
153.000	5422.380	264.000
154.000	5422.382	260.000
155.000	5422.385	252.000
156.000	5422.387	240.000
157.000	5422.390	258.000
158.000	5422.392	294.000
159.000	5422.395	264.000
160.000	5422.398	272.000
161.000	5422.400	206.000
162.000	5422.403	304.000
163.000	5422.405	312.000
164.000	5422.408	232.000
165.000	5422.410	218.000
166.000	5422.413	270.000
167.000	5422.415	278.000
168.000	5422.417	256.000
169.000	5422.420	284.000
170.000	5422.422	280.000
171.000	5422.425	296.000
172.000	5422.427	286.000
173.000	5422.430	282.000
174.000	5422.432	306.000
175.000	5422.435	260.000
176.000	5422.437	208.000
177.000	5422.440	244.000
178.000	5422.443	298.000
179.000	5422.445	262.000
180.000	5422.448	298.000
181.000	5422.450	274.000
182.000	5422.453	278.000
183.000	5422.455	266.000
184.000	5422.458	270.000
185.000	5422.460	216.000
186.000	5422.462	240.000
187.000	5422.465	268.000
188.000	5422.467	296.000
189.000	5422.470	218.000
190.000	5422.472	224.000
191.000	5422.475	232.000
192.000	5422.477	266.000
193.000	5422.480	264.000
194.000	5422.483	284.000
195.000	5422.485	262.000
196.000	5422.488	226.000
197.000	5422.490	284.000
198.000	5422.493	238.000
199.000	5422.495	260.000
200.000	5422.498	240.000
201.000	5422.500	234.000
202.000	5422.502	288.000
203.000	5422.505	282.000
204.000	5422.507	270.000
205.000	5422.510	262.000
206.000	5422.512	270.000
207.000	5422.515	276.000
208.000	5422.517	240.000
209.000	5422.520	226.000
210.000	5422.523	298.000
211.000	5422.525	320.000
212.000	5422.528	272.000
213.000	5422.530	262.000
214.000	5422.533	260.000
215.000	5422.535	280.000
216.000	5422.538	262.000
217.000	5422.540	254.000
218.000	5422.542	290.000
219.000	5422.545	334.000
220.000	5422.547	250.000
221.000	5422.550	272.000
222.000	5422.552	256.000
223.000	5422.555	240.000
224.000	5422.557	302.000
225.000	5422.560	274.000
226.000	5422.562	292.000
227.000	5422.565	268.000
228.000	5422.568	250.000
229.000	5422.570	270.000
230.000	5422.573	300.000
231.000	5422.575	306.000
232.000	5422.578	278.000
233.000	5422.580	270.000
234.000	5422.583	246.000
235.000	5422.585	344.000
236.000	5422.587	256.000
237.000	5422.590	284.000
238.000	5422.592	230.000
239.000	5422.595	278.000
240.000	5422.597	276.000
241.000	5422.600	254.000
242.000	5422.602	270.000
243.000	5422.605	290.000
244.000	5422.608	260.000
245.000	5422.610	282.000
246.000	5422.613	260.000
247.000	5422.615	292.000
248.000	5422.618	256.000
249.000	5422.620	296.000
250.000	5422.623	274.000
251.000	5422.625	260.000
252.000	5422.627	266.000
253.000	5422.630	318.000
254.000	5422.632	242.000
255.000	5422.635	240.000
256.000	5422.637	254.000
257.000	5422.640	230.000
258.000	5422.642	294.000
259.000	5422.645	258.000
260.000	5422.648	286.000
261.000	5422.650	276.000
262.000	5422.653	262.000
263.000	5422.655	270.000
264.000	5422.658	284.000
265.000	5422.660	294.000
266.000	5422.663	264.000
267.000	5422.665	268.000
268.000	5422.667	288.000
269.000	5422.670	274.000
270.000	5422.672	240.000
271.000	5422.675	262.000
272.000	5422.677	286.000
273.000	5422.680	258.000
274.000	5422.682	292.000
275.000	5422.685	298.000
276.000	5422.687	276.000
277.000	5422.690	260.000
278.000	5422.693	324.000
279.000	5422.695	290.000
280.000	5422.698	296.000
281.000	5422.700	278.000
282.000	5422.703	250.000
283.000	5422.705	264.000
284.000	5422.708	298.000
285.000	5422.710	284.000
286.000	5422.712	244.000
287.000	5422.715	232.000
288.000	5422.717	278.000
289.000	5422.720	300.000
290.000	5422.722	266.000
291.000	5422.725	296.000
292.000	5422.727	252.000
293.000	5422.730	308.000
294.000	5422.733	270.000
295.000	5422.735	314.000
296.000	5422.738	304.000
297.000	5422.740	270.000
298.000	5422.743	276.000
299.000	5422.745	316.000
300.000	5422.748	318.000
301.000	5422.750	338.000
302.000	5422.752	224.000
303.000	5422.755	306.000
304.000	5422.757	320.000
305.000	5422.760	296.000
306.000	5422.762	300.000
307.000	5422.765	310.000
308.000	5422.767	282.000
309.000	5422.770	272.000
310.000	5422.773	296.000
311.000	5422.775	292.000
312.000	5422.778	324.000
313.000	5422.780	264.000
314.000	5422.783	272.000
315.000	5422.785	270.000
316.000	5422.788	286.000
317.000	5422.790	360.000
318.000	5422.792	336.000
319.000	5422.795	330.000
320.000	5422.797	310.000
321.000	5422.800	304.000
322.000	5422.802	282.000
323.000	5422.805	276.000
324.000	5422.807	286.000
325.000	5422.810	332.000
326.000	5422.812	296.000
327.000	5422.815	294.000
328.000	5422.818	294.000
329.000	5422.820	286.000
330.000	5422.823	264.000
331.000	5422.825	298.000
332.000	5422.828	250.000
333.000	5422.830	318.000
334.000	5422.833	318.000
335.000	5422.835	326.000
336.000	5422.837	294.000
337.000	5422.840	316.000
338.000	5422.842	364.000
339.000	5422.845	288.000
340.000	5422.847	298.000
341.000	5422.850	268.000
342.000	5422.852	318.000
343.000	5422.855	322.000
344.000	5422.858	308.000
345.000	5422.860	318.000
346.000	5422.863	296.000
347.000	5422.865	294.000
348.000	5422.868	340.000
349.000	5422.870	310.000
350.000	5422.873	306.000
351.000	5422.875	322.000
352.000	5422.877	302.000
353.000	5422.880	338.000
354.000	5422.882	344.000
355.000	5422.885	314.000
356.000	5422.887	336.000
357.000	5422.890	334.000
358.000	5422.892	332.000
359.000	5422.895	368.000
360.000	5422.898	384.000
361.000	5422.900	366.000
362.000	5422.903	406.000
363.000	5422.905	326.000
364.000	5422.908	336.000
365.000	5422.910	394.000
366.000	5422.913	334.000
367.000	5422.915	382.000
368.000	5422.917	394.000
369.000	5422.920	398.000
370.000	5422.922	342.000
371.000	5422.925	380.000
372.000	5422.927	396.000
373.000	5422.930	420.000
374.000	5422.932	436.000
375.000	5422.935	412.000
376.000	5422.937	354.000
377.000	5422.940	428.000
378.000	5422.943	394.000
379.000	5422.945	414.000
380.000	5422.948	458.000
381.000	5422.950	462.000
382.000	5422.953	424.000
383.000	5422.955	480.000
384.000	5422.958	444.000
385.000	5422.960	520.000
386.000	5422.962	470.000
387.000	5422.965	480.000
388.000	5422.967	522.000
389.000	5422.970	406.000
390.000	5422.972	488.000
391.000	5422.975	510.000
392.000	5422.977	490.000
393.000	5422.980	476.000
394.000	5422.983	500.000
395.000	5422.985	492.000
396.000	5422.988	514.000
397.000	5422.990	606.000
398.000	5422.993	574.000
399.000	5422.995	612.000
400.000	5422.998	534.000
401.000	5423.000	548.000
402.000	5423.002	624.000
403.000	5423.005	512.000
404.000	5423.007	630.000
405.000	5423.010	556.000
406.000	5423.012	642.000
407.000	5423.015	564.000
408.000	5423.017	588.000
409.000	5423.020	610.000
410.000	5423.023	744.000
411.000	5423.025	686.000
412.000	5423.028	692.000
413.000	5423.030	778.000
414.000	5423.033	752.000
415.000	5423.035	722.000
416.000	5423.038	756.000
417.000	5423.040	804.000
418.000	5423.042	832.000
419.000	5423.045	770.000
420.000	5423.047	766.000
421.000	5423.050	928.000
422.000	5423.052	988.000
423.000	5423.055	968.000
424.000	5423.057	912.000
425.000	5423.060	936.000
426.000	5423.062	1038.000
427.000	5423.065	1030.000
428.000	5423.068	952.000
429.000	5423.070	1142.000
430.000	5423.073	1194.000
431.000	5423.075	1210.000
432.000	5423.078	1088.000
433.000	5423.080	1224.000
434.000	5423.083	1266.000
435.000	5423.085	1226.000
436.000	5423.087	1194.000
437.000	5423.090	1362.000
438.000	5423.092	1464.000
439.000	5423.095	1492.000
440.000	5423.097	1452.000
441.000	5423.100	1584.000
442.000	5423.102	1606.000
443.000	5423.105	1626.000
444.000	5423.108	1748.000
445.000	5423.110	2008.000
446.000	5423.113	2214.000
447.000	5423.115	2330.000
448.000	5423.118	2270.000
449.000	5423.120	2420.000
450.000	5423.123	2592.000
451.000	5423.125	2612.000
452.000	5423.127	2666.000
453.000	5423.130	2776.000
454.000	5423.132	2864.000
455.000	5423.135	2910.000
456.000	5423.137	2924.000
457.000	5423.140	3464.000
458.000	5423.142	3882.000
459.000	5423.145	3508.000
460.000	5423.148	3744.000
461.000	5423.150	3956.000
462.000	5423.153	4324.000
463.000	5423.155	4124.000
464.000	5423.158	4276.000
465.000	5423.160	4226.000
466.000	5423.163	4566.000
467.000	5423.165	4614.000
468.000	5423.167	4770.000
469.000	5423.170	4952.000
470.000	5423.172	5442.000
471.000	5423.175	5296.000
472.000	5423.177	5224.000
473.000	5423.180	5204.000
474.000	5423.182	5372.000
475.000	5423.185	5508.000
476.000	5423.187	5546.000
477.000	5423.190	5688.000
478.000	5423.193	5970.000
479.000	5423.195	5934.000
480.000	5423.198	5900.000
481.000	5423.200	6398.000
482.000	5423.203	6520.000
483.000	5423.205	6474.000
484.000	5423.208	6576.000
485.000	5423.210	6684.000
486.000	5423.212	6836.000
487.000	5423.215	6792.000
488.000	5423.217	6942.000
489.000	5423.220	7382.000
490.000	5423.222	7588.000
491.000	5423.225	7670.000
492.000	5423.227	7376.000
493.000	5423.230	7918.000
494.000	5423.233	8374.000
495.000	5423.235	8046.000
496.000	5423.238	8158.000
497.000	5423.240	8234.000
498.000	5423.243	8488.000
499.000	5423.245	8618.000
500.000	5423.248	9124.000
501.000	5423.250	9196.000
502.000	5423.252	9266.000
503.000	5423.255	9562.000
504.000	5423.257	9552.000
505.000	5423.260	9888.000
506.000	5423.262	9432.000
507.000	5423.265	9610.000
508.000	5423.267	9778.000
509.000	5423.270	9928.000
510.000	5423.273	10276.000
511.000	5423.275	10280.000
512.000	5423.278	10418.000
513.000	5423.280	10122.000
514.000	5423.283	9846.000
515.000	5423.285	10234.000
516.000	5423.288	10080.000
517.000	5423.290	10012.000
518.000	5423.292	9792.000
519.000	5423.295	9618.000
520.000	5423.297	9726.000
521.000	5423.300	9742.000
522.000	5423.302	9060.000
523.000	5423.305	8648.000
524.000	5423.307	8636.000
525.000	5423.310	8562.000
526.000	5423.312	8482.000
527.000	5423.315	8134.000
528.000	5423.318	8082.000
529.000	5423.320	7856.000
530.000	5423.323	7488.000
531.000	5423.325	7380.000
532.000	5423.328	7192.000
533.000	5423.330	7032.000
534.000	5423.333	6756.000
535.000	5423.335	6544.000
536.000	5423.337	6512.000
537.000	5423.340	5926.000
538.000	5423.342	5808.000
539.000	5423.345	5898.000
540.000	5423.347	5728.000
541.000	5423.350	5528.000
542.000	5423.352	4856.000
543.000	5423.355	4884.000
544.000	5423.358	4886.000
545.000	5423.360	4672.000
546.000	5423.363	4250.000
547.000	5423.365	4200.000
548.000	5423.368	4426.000
549.000	5423.370	4070.000
550.000	5423.373	3896.000
551.000	5423.375	3818.000
552.000	5423.377	3890.000
553.000	5423.380	3428.000
554.000	5423.382	3210.000
555.000	5423.385	3288.000
556.000	5423.387	3242.000
557.000	5423.390	3148.000
558.000	5423.392	2846.000
559.000	5423.395	2812.000
560.000	5423.398	2818.000
561.000	5423.400	2670.000
562.000	5423.403	2266.000
563.000	5423.405	2382.000
564.000	5423.408	2562.000
565.000	5423.410	2062.000
566.000	5423.413	1944.000
567.000	5423.415	2010.000
568.000	5423.417	2000.000
569.000	5423.420	1704.000
570.000	5423.422	1714.000
571.000	5423.425	1684.000
572.000	5423.427	1644.000
573.000	5423.430	1394.000
574.000	5423.432	1234.000
575.000	5423.435	1178.000
576.000	5423.437	1148.000
577.000	5423.440	1206.000
578.000	5423.443	1094.000
579.000	5423.445	1016.000
580.000	5423.448	1086.000
581.000	5423.450	988.000
582.000	5423.453	944.000
583.000	5423.455	954.000
584.000	5423.458	862.000
585.000	5423.460	768.000
586.000	5423.462	746.000
587.000	5423.465	744.000
588.000	5423.467	718.000
589.000	5423.470	736.000
590.000	5423.472	742.000
591.000	5423.475	660.000
592.000	5423.477	686.000
593.000	5423.480	674.000
594.000	5423.483	642.000
595.000	5423.485	660.000
596.000	5423.488	622.000
597.000	5423.490	562.000
598.000	5423.493	522.000
599.000	5423.495	584.000
600.000	5423.498	488.000
601.000	5423.500	468.000
602.000	5423.502	528.000
603.000	5423.505	524.000
604.000	5423.507	476.000
605.000	5423.510	466.000
606.000	5423.512	426.000
607.000	5423.515	458.000
608.000	5423.517	432.000
609.000	5423.520	416.000
610.000	5423.523	388.000
611.000	5423.525	422.000
612.000	5423.528	356.000
613.000	5423.530	402.000
614.000	5423.533	350.000
615.000	5423.535	474.000
616.000	5423.538	428.000
617.000	5423.540	392.000
618.000	5423.542	358.000
619.000	5423.545	322.000
620.000	5423.547	336.000
621.000	5423.550	390.000
622.000	5423.552	290.000
623.000	5423.555	334.000
624.000	5423.557	330.000
625.000	5423.560	372.000
626.000	5423.562	312.000
627.000	5423.565	362.000
628.000	5423.568	356.000
629.000	5423.570	324.000
630.000	5423.573	308.000
631.000	5423.575	302.000
632.000	5423.578	316.000
633.000	5423.580	286.000
634.000	5423.583	332.000
635.000	5423.585	308.000
636.000	5423.587	380.000
637.000	5423.590	300.000
638.000	5423.592	340.000
639.000	5423.595	304.000
640.000	5423.597	288.000
641.000	5423.600	306.000
642.000	5423.602	302.000
643.000	5423.605	300.000
644.000	5423.608	344.000
645.000	5423.610	260.000
646.000	5423.613	326.000
647.000	5423.615	318.000
648.000	5423.618	260.000
649.000	5423.620	278.000
650.000	5423.623	282.000
651.000	5423.625	284.000
652.000	5423.627	280.000
653.000	5423.630	234.000
654.000	5423.632	304.000
655.000	5423.635	300.000
656.000	5423.637	314.000
657.000	5423.640	282.000
658.000	5423.642	324.000
659.000	5423.645	304.000
660.000	5423.648	266.000
661.000	5423.650	270.000
662.000	5423.653	272.000
663.000	5423.655	328.000
664.000	5423.658	272.000
665.000	5423.660	292.000
666.000	5423.663	264.000
667.000	5423.665	290.000
668.000	5423.667	302.000
669.000	5423.670	276.000
670.000	5423.672	350.000
671.000	5423.675	256.000
672.000	5423.677	238.000
673.000	5423.680	276.000
674.000	5423.682	276.000
675.000	5423.685	308.000
676.000	5423.687	282.000
677.000	5423.690	324.000
678.000	5423.693	304.000
679.000	5423.695	284.000
680.000	5423.698	238.000
681.000	5423.700	262.000
682.000	5423.703	264.000
683.000	5423.705	268.000
684.000	5423.708	276.000
685.000	5423.710	262.000
686.000	5423.712	250.000
687.000	5423.715	232.000
688.000	5423.717	310.000
689.000	5423.720	270.000
690.000	5423.722	330.000
691.000	5423.725	226.000
692.000	5423.727	330.000
693.000	5423.730	320.000
694.000	5423.733	308.000
695.000	5423.735	262.000
696.000	5423.738	258.000
697.000	5423.740	302.000
698.000	5423.743	276.000
699.000	5423.745	318.000
700.000	5423.748	288.000
701.000	5423.750	264.000
702.000	5423.752	266.000
703.000	5423.755	276.000
704.000	5423.757	280.000
705.000	5423.760	296.000
706.000	5423.762	262.000
707.000	5423.765	280.000
708.000	5423.767	256.000
709.000	5423.770	278.000
710.000	5423.773	240.000
711.000	5423.775	276.000
712.000	5423.778	258.000
713.000	5423.780	286.000
714.000	5423.783	278.000
715.000	5423.785	292.000
716.000	5423.788	292.000
717.000	5423.790	260.000
718.000	5423.792	228.000
719.000	5423.795	276.000
720.000	5423.797	276.000
721.000	5423.800	346.000
722.000	5423.802	264.000
723.000	5423.805	250.000
724.000	5423.807	262.000
725.000	5423.810	268.000
726.000	5423.812	298.000
727.000	5423.815	274.000
728.000	5423.818	302.000
729.000	5423.820	238.000
730.000	5423.823	264.000
731.000	5423.825	266.000
732.000	5423.828	254.000
733.000	5423.830	288.000
734.000	5423.833	286.000
735.000	5423.835	248.000
736.000	5423.837	278.000
737.000	5423.840	274.000
738.000	5423.842	272.000
739.000	5423.845	266.000
740.000	5423.847	280.000
741.000	5423.850	306.000
742.000	5423.852	268.000
743.000	5423.855	286.000
744.000	5423.858	272.000
745.000	5423.860	276.000
746.000	5423.863	294.000
747.000	5423.865	266.000
748.000	5423.868	296.000
749.000	5423.870	256.000
750.000	5423.873	228.000
751.000	5423.875	306.000
752.000	5423.877	304.000
753.000	5423.880	266.000
754.000	5423.882	310.000
755.000	5423.885	246.000
756.000	5423.887	272.000
757.000	5423.890	274.000
758.000	5423.892	280.000
759.000	5423.895	270.000
760.000	5423.898	270.000
761.000	5423.900	246.000
762.000	5423.903	270.000
763.000	5423.905	252.000
764.000	5423.908	274.000
765.000	5423.910	252.000
766.000	5423.913	248.000
767.000	5423.915	254.000
768.000	5423.917	234.000
769.000	5423.920	254.000
770.000	5423.922	306.000
771.000	5423.925	262.000
772.000	5423.927	284.000
773.000	5423.930	300.000
774.000	5423.932	246.000
775.000	5423.935	274.000
776.000	5423.937	220.000
777.000	5423.940	318.000
778.000	5423.943	212.000
779.000	5423.945	254.000
780.000	5423.948	276.000
781.000	5423.950	272.000
782.000	5423.953	278.000
783.000	5423.955	254.000
784.000	5423.958	286.000
785.000	5423.960	280.000
786.000	5423.962	256.000
787.000	5423.965	282.000
788.000	5423.967	310.000
789.000	5423.970	284.000
790.000	5423.972	274.000
791.000	5423.975	278.000
792.000	5423.977	206.000
793.000	5423.980	242.000
794.000	5423.983	212.000
795.000	5423.985	248.000
796.000	5423.988	264.000
797.000	5423.990	292.000
798.000	5423.993	276.000
799.000	5423.995	264.000
800.000	5423.998	270.000
801.000	5424.000	234.000
