1.000	5748.500	270.000
2.000	5748.502	258.000
3.000	5748.505	314.000
4.000	5748.507	290.000
5.000	5748.510	294.000
6.000	5748.512	274.000
7.000	5748.515	242.000
8.000	5748.517	322.000
9.000	5748.520	280.000
10.000	5748.523	254.000
11.000	5748.525	302.000
12.000	5748.528	294.000
13.000	5748.530	226.000
14.000	5748.533	260.000
15.000	5748.535	280.000
16.000	5748.538	288.000
17.000	5748.540	260.000
18.000	5748.542	258.000
19.000	5748.545	232.000
20.000	5748.547	248.000
21.000	5748.550	266.000
22.000	5748.552	230.000
23.000	5748.555	232.000
24.000	5748.557	266.000
25.000	5748.560	288.000
26.000	5748.562	292.000
27.000	5748.565	226.000
28.000	5748.568	248.000
29.000	5748.570	254.000
30.000	5748.573	288.000
31.000	5748.575	254.000
32.000	5748.578	252.000
33.000	5748.580	300.000
34.000	5748.583	224.000
35.000	5748.585	258.000
36.000	5748.587	236.000
37.000	5748.590	288.000
38.000	5748.592	246.000
39.000	5748.595	240.000
40.000	5748.597	262.000
41.000	5748.600	272.000
42.000	5748.602	276.000
43.000	5748.605	278.000
44.000	5748.608	272.000
45.000	5748.610	226.000
46.000	5748.613	256.000
47.000	5748.615	272.000
48.000	5748.618	268.000
49.000	5748.620	232.000
50.000	5748.623	232.000
51.000	5748.625	250.000
52.000	5748.627	270.000
53.000	5748.630	252.000
54.000	5748.632	266.000
55.000	5748.635	248.000
56.000	5748.637	240.000
57.000	5748.640	248.000
58.000	5748.642	260.000
59.000	5748.645	236.000
60.000	5748.648	272.000
61.000	5748.650	244.000
62.000	5748.653	254.000
63.000	5748.655	252.000
64.000	5748.658	266.000
65.000	5748.660	254.000
66.000	5748.663	254.000
67.000	5748.665	308.000
68.000	5748.667	284.000
69.000	5748.670	258.000
70.000	5748.672	264.000
71.000	5748.675	282.000
72.000	5748.677	224.000
73.000	5748.680	276.000
74.000	5748.682	288.000
75.000	5748.685	236.000
76.000	5748.687	254.000
77.000	5748.690	270.000
78.000	5748.693	290.000
79.000	5748.695	244.000
80.000	5748.698	306.000
81.000	5748.700	242.000
82.000	5748.703	290.000
83.000	5748.705	266.000
84.000	5748.708	262.000
85.000	5748.710	312.000
86.000	5748.712	264.000
87.000	5748.715	244.000
88.000	5748.717	280.000
89.000	5748.720	272.000
90.000	5748.722	276.000
91.000	5748.725	268.000
92.000	5748.727	304.000
93.000	5748.730	252.000
94.000	5748.733	264.000
95.000	5748.735	212.000
96.000	5748.738	226.000
97.000	5748.740	266.000
98.000	5748.743	242.000
99.000	5748.745	240.000
100.000	5748.748	326.000
101.000	5748.750	266.000
102.000	5748.752	274.000
103.000	5748.755	268.000
104.000	5748.757	202.000
105.000	5748.760	208.000
106.000	5748.762	312.000
107.000	5748.765	230.000
108.000	5748.767	282.000
109.000	5748.770	262.000
110.000	5748.773	242.000
111.000	5748.775	268.000
112.000	5748.778	298.000
113.000	5748.780	312.000
114.000	5748.783	282.000
115.000	5748.785	268.000
116.000	5748.788	242.000
117.000	5748.790	284.000
118.000	5748.792	254.000
119.000	5748.795	240.000
120.000	5748.797	226.000
121.000	5748.800	314.000
122.000	5748.802	252.000
123.000	5748.805	302.000
124.000	5748.807	244.000
125.000	5748.810	286.000
126.000	5748.812	262.000
127.000	5748.815	308.000
128.000	5748.818	222.000
129.000	5748.820	278.000
130.000	5748.823	274.000
131.000	5748.825	278.000
132.000	5748.828	256.000
133.000	5748.830	312.000
134.000	5748.833	304.000
135.000	5748.835	282.000
136.000	5748.837	272.000
137.000	5748.840	250.000
138.000	5748.842	250.000
139.000	5748.845	312.000
140.000	5748.847	270.000
141.000	5748.850	290.000
142.000	5748.852	324.000
143.000	5748.855	282.000
144.000	5748.858	312.000
145.000	5748.860	258.000
146.000	5748.863	260.000
147.000	5748.865	274.000
148.000	5748.868	286.000
149.000	5748.870	270.000
150.000	5748.873	258.000
151.000	5748.875	248.000
152.000	5748.877	248.000
153.000	5748.880	340.000
154.000	5748.882	350.000
155.000	5748.885	220.000
156.000	5748.887	280.000
157.000	5748.890	280.000
158.000	5748.892	280.000
159.000	5748.895	248.000
160.000	5748.898	240.000
161.000	5748.900	246.000
162.000	5748.903	286.000
163.000	5748.905	256.000
164.000	5748.908	210.000
165.000	5748.910	244.000
166.000	5748.913	292.000
167.000	5748.915	304.000
168.000	5748.917	278.000
169.000	5748.920	296.000
170.000	5748.922	274.000
171.000	5748.925	250.000
172.000	5748.927	308.000
173.000	5748.930	234.000
174.000	5748.932	248.000
175.000	5748.935	278.000
176.000	5748.937	282.000
177.000	5748.940	258.000
178.000	5748.943	282.000
179.000	5748.945	224.000
180.000	5748.948	224.000
181.000	5748.950	288.000
182.000	5748.953	246.000
183.000	5748.955	292.000
184.000	5748.958	226.000
185.000	5748.960	268.000
186.000	5748.962	250.000
187.000	5748.965	304.000
188.000	5748.967	250.000
189.000	5748.970	300.000
190.000	5748.972	268.000
191.000	5748.975	244.000
192.000	5748.977	274.000
193.000	5748.980	298.000
194.000	5748.983	238.000
195.000	5748.985	218.000
196.000	5748.988	284.000
197.000	5748.990	280.000
198.000	5748.993	274.000
199.000	5748.995	222.000
200.000	5748.998	266.000
201.000	5749.000	288.000
202.000	5749.002	234.000
203.000	5749.005	278.000
204.000	5749.007	276.000
205.000	5749.010	246.000
206.000	5749.012	242.000
207.000	5749.015	266.000
208.000	5749.017	264.000
209.000	5749.020	256.000
210.000	5749.023	282.000
211.000	5749.025	294.000
212.000	5749.028	230.000
213.000	5749.030	202.000
214.000	5749.033	284.000
215.000	5749.035	254.000
216.000	5749.038	284.000
217.000	5749.040	250.000
218.000	5749.042	212.000
219.000	5749.045	228.000
220.000	5749.047	270.000
221.000	5749.050	236.000
222.000	5749.052	218.000
223.000	5749.055	258.000
224.000	5749.057	210.000
225.000	5749.060	284.000
226.000	5749.062	204.000
227.000	5749.065	256.000
228.000	5749.068	286.000
229.000	5749.070	288.000
230.000	5749.073	238.000
231.000	5749.075	268.000
232.000	5749.078	266.000
233.000	5749.080	276.000
234.000	5749.083	250.000
235.000	5749.085	244.000
236.000	5749.087	228.000
237.000	5749.090	230.000
238.000	5749.092	274.000
239.000	5749.095	248.000
240.000	5749.097	300.000
241.000	5749.100	236.000
242.000	5749.102	236.000
243.000	5749.105	246.000
244.000	5749.108	254.000
245.000	5749.110	284.000
246.000	5749.113	232.000
247.000	5749.115	300.000
248.000	5749.118	240.000
249.000	5749.120	282.000
250.000	5749.123	262.000
251.000	5749.125	260.000
252.000	5749.127	260.000
253.000	5749.130	226.000
254.000	5749.132	274.000
255.000	5749.135	264.000
256.000	5749.137	270.000
257.000	5749.140	310.000
258.000	5749.142	254.000
259.000	5749.145	258.000
260.000	5749.148	212.000
261.000	5749.150	210.000
262.000	5749.153	298.000
263.000	5749.155	264.000
264.000	5749.158	276.000
265.000	5749.160	266.000
266.000	5749.163	260.000
267.000	5749.165	252.000
268.000	5749.167	252.000
269.000	5749.170	270.000
270.000	5749.172	270.000
271.000	5749.175	222.000
272.000	5749.177	272.000
273.000	5749.180	262.000
274.000	5749.182	276.000
275.000	5749.185	238.000
276.000	5749.187	214.000
277.000	5749.190	222.000
278.000	5749.193	232.000
279.000	5749.195	244.000
280.000	5749.198	280.000
281.000	5749.200	280.000
282.000	5749.203	268.000
283.000	5749.205	296.000
284.000	5749.208	198.000
285.000	5749.210	268.000
286.000	5749.212	258.000
287.000	5749.215	276.000
288.000	5749.217	218.000
289.000	5749.220	226.000
290.000	5749.222	260.000
291.000	5749.225	250.000
292.000	5749.227	256.000
293.000	5749.230	244.000
294.000	5749.233	262.000
295.000	5749.235	230.000
296.000	5749.238	224.000
297.000	5749.240	266.000
298.000	5749.243	228.000
299.000	5749.245	276.000
300.000	5749.248	200.000
301.000	5749.250	234.000
302.000	5749.252	252.000
303.000	5749.255	288.000
304.000	5749.257	268.000
305.000	5749.260	250.000
306.000	5749.262	296.000
307.000	5749.265	236.000
308.000	5749.267	272.000
309.000	5749.270	256.000
310.000	5749.273	236.000
311.000	5749.275	244.000
312.000	5749.278	280.000
313.000	5749.280	308.000
314.000	5749.283	288.000
315.000	5749.285	276.000
316.000	5749.288	222.000
317.000	5749.290	282.000
318.000	5749.292	312.000
319.000	5749.295	264.000
320.000	5749.297	268.000
321.000	5749.300	212.000
322.000	5749.302	254.000
323.000	5749.305	262.000
324.000	5749.307	262.000
325.000	5749.310	280.000
326.000	5749.312	226.000
327.000	5749.315	274.000
328.000	5749.318	248.000
329.000	5749.320	236.000
330.000	5749.323	274.000
331.000	5749.325	274.000
332.000	5749.328	248.000
333.000	5749.330	292.000
334.000	5749.333	248.000
335.000	5749.335	286.000
336.000	5749.337	242.000
337.000	5749.340	274.000
338.000	5749.342	264.000
339.000	5749.345	286.000
340.000	5749.347	302.000
341.000	5749.350	214.000
342.000	5749.352	252.000
343.000	5749.355	248.000
344.000	5749.358	262.000
345.000	5749.360	236.000
346.000	5749.363	262.000
347.000	5749.365	254.000
348.000	5749.368	252.000
349.000	5749.370	262.000
350.000	5749.373	286.000
351.000	5749.375	292.000
352.000	5749.377	264.000
353.000	5749.380	232.000
354.000	5749.382	274.000
355.000	5749.385	280.000
356.000	5749.387	248.000
357.000	5749.390	236.000
358.000	5749.392	250.000
359.000	5749.395	250.000
360.000	5749.398	244.000
361.000	5749.400	266.000
362.000	5749.403	266.000
363.000	5749.405	198.000
364.000	5749.408	300.000
365.000	5749.410	292.000
366.000	5749.413	224.000
367.000	5749.415	228.000
368.000	5749.417	216.000
369.000	5749.420	296.000
370.000	5749.422	240.000
371.000	5749.425	220.000
372.000	5749.427	230.000
373.000	5749.430	274.000
374.000	5749.432	272.000
375.000	5749.435	256.000
376.000	5749.437	266.000
377.000	5749.440	234.000
378.000	5749.443	298.000
379.000	5749.445	246.000
380.000	5749.448	236.000
381.000	5749.450	260.000
382.000	5749.453	264.000
383.000	5749.455	236.000
384.000	5749.458	268.000
385.000	5749.460	300.000
386.000	5749.462	270.000
387.000	5749.465	262.000
388.000	5749.467	288.000
389.000	5749.470	256.000
390.000	5749.472	248.000
391.000	5749.475	254.000
392.000	5749.477	282.000
393.000	5749.480	266.000
394.000	5749.483	260.000
395.000	5749.485	266.000
396.000	5749.488	236.000
397.000	5749.490	264.000
398.000	5749.493	294.000
399.000	5749.495	308.000
400.000	5749.498	298.000
401.000	5749.500	266.000
402.000	5749.502	276.000
403.000	5749.505	266.000
404.000	5749.507	256.000
405.000	5749.510	230.000
406.000	5749.512	274.000
407.000	5749.515	310.000
408.000	5749.517	220.000
409.000	5749.520	266.000
410.000	5749.523	274.000
411.000	5749.525	310.000
412.000	5749.528	280.000
413.000	5749.530	284.000
414.000	5749.533	246.000
415.000	5749.535	266.000
416.000	5749.538	256.000
417.000	5749.540	316.000
418.000	5749.542	256.000
419.000	5749.545	278.000
420.000	5749.547	276.000
421.000	5749.550	226.000
422.000	5749.552	272.000
423.000	5749.555	270.000
424.000	5749.557	290.000
425.000	5749.560	286.000
426.000	5749.562	290.000
427.000	5749.565	270.000
428.000	5749.568	300.000
429.000	5749.570	300.000
430.000	5749.573	294.000
431.000	5749.575	218.000
432.000	5749.578	232.000
433.000	5749.580	240.000
434.000	5749.583	260.000
435.000	5749.585	282.000
436.000	5749.587	268.000
437.000	5749.590	280.000
438.000	5749.592	296.000
439.000	5749.595	316.000
440.000	5749.597	348.000
441.000	5749.600	306.000
442.000	5749.602	282.000
443.000	5749.605	292.000
444.000	5749.608	276.000
445.000	5749.610	298.000
446.000	5749.613	294.000
447.000	5749.615	318.000
448.000	5749.618	278.000
449.000	5749.620	300.000
450.000	5749.623	276.000
451.000	5749.625	290.000
452.000	5749.627	292.000
453.000	5749.630	298.000
454.000	5749.632	350.000
455.000	5749.635	282.000
456.000	5749.637	340.000
457.000	5749.640	276.000
458.000	5749.642	324.000
459.000	5749.645	318.000
460.000	5749.648	338.000
461.000	5749.650	360.000
462.000	5749.653	384.000
463.000	5749.655	312.000
464.000	5749.658	354.000
465.000	5749.660	332.000
466.000	5749.663	368.000
467.000	5749.665	400.000
468.000	5749.667	346.000
469.000	5749.670	336.000
470.000	5749.672	422.000
471.000	5749.675	346.000
472.000	5749.677	378.000
473.000	5749.680	358.000
474.000	5749.682	408.000
475.000	5749.685	402.000
476.000	5749.687	378.000
477.000	5749.690	400.000
478.000	5749.693	446.000
479.000	5749.695	406.000
480.000	5749.698	404.000
481.000	5749.700	442.000
482.000	5749.703	412.000
483.000	5749.705	496.000
484.000	5749.708	496.000
485.000	5749.710	452.000
486.000	5749.712	442.000
487.000	5749.715	530.000
488.000	5749.717	458.000
489.000	5749.720	476.000
490.000	5749.722	502.000
491.000	5749.725	506.000
492.000	5749.727	486.000
493.000	5749.730	456.000
494.000	5749.733	516.000
495.000	5749.735	500.000
496.000	5749.738	592.000
497.000	5749.740	630.000
498.000	5749.743	530.000
499.000	5749.745	496.000
500.000	5749.748	562.000
501.000	5749.750	594.000
502.000	5749.752	720.000
503.000	5749.755	606.000
504.000	5749.757	632.000
505.000	5749.760	706.000
506.000	5749.762	598.000
507.000	5749.765	596.000
508.000	5749.767	696.000
509.000	5749.770	642.000
510.000	5749.773	660.000
511.000	5749.775	694.000
512.000	5749.778	622.000
513.000	5749.780	646.000
514.000	5749.783	690.000
515.000	5749.785	728.000
516.000	5749.788	726.000
517.000	5749.790	768.000
518.000	5749.792	754.000
519.000	5749.795	784.000
520.000	5749.797	772.000
521.000	5749.800	712.000
522.000	5749.802	696.000
523.000	5749.805	752.000
524.000	5749.807	792.000
525.000	5749.810	782.000
526.000	5749.812	832.000
527.000	5749.815	794.000
528.000	5749.818	782.000
529.000	5749.820	784.000
530.000	5749.823	772.000
531.000	5749.825	800.000
532.000	5749.828	730.000
533.000	5749.830	902.000
534.000	5749.833	832.000
535.000	5749.835	832.000
536.000	5749.837	938.000
537.000	5749.840	996.000
538.000	5749.842	1010.000
539.000	5749.845	1092.000
540.000	5749.847	900.000
541.000	5749.850	938.000
542.000	5749.852	984.000
543.000	5749.855	1024.000
544.000	5749.858	1010.000
545.000	5749.860	1098.000
546.000	5749.863	1046.000
547.000	5749.865	1082.000
548.000	5749.868	1114.000
549.000	5749.870	1136.000
550.000	5749.873	1090.000
551.000	5749.875	996.000
552.000	5749.877	1144.000
553.000	5749.880	1000.000
554.000	5749.882	1030.000
555.000	5749.885	1050.000
556.000	5749.887	1062.000
557.000	5749.890	1080.000
558.000	5749.892	960.000
559.000	5749.895	938.000
560.000	5749.898	974.000
561.000	5749.900	920.000
562.000	5749.903	918.000
563.000	5749.905	978.000
564.000	5749.908	972.000
565.000	5749.910	848.000
566.000	5749.913	894.000
567.000	5749.915	874.000
568.000	5749.917	898.000
569.000	5749.920	804.000
570.000	5749.922	832.000
571.000	5749.925	764.000
572.000	5749.927	886.000
573.000	5749.930	746.000
574.000	5749.932	672.000
575.000	5749.935	738.000
576.000	5749.937	856.000
577.000	5749.940	660.000
578.000	5749.943	614.000
579.000	5749.945	700.000
580.000	5749.948	636.000
581.000	5749.950	642.000
582.000	5749.953	658.000
583.000	5749.955	706.000
584.000	5749.958	642.000
585.000	5749.960	602.000
586.000	5749.962	584.000
587.000	5749.965	616.000
588.000	5749.967	578.000
589.000	5749.970	532.000
590.000	5749.972	548.000
591.000	5749.975	598.000
592.000	5749.977	532.000
593.000	5749.980	556.000
594.000	5749.983	566.000
595.000	5749.985	552.000
596.000	5749.988	466.000
597.000	5749.990	504.000
598.000	5749.993	414.000
599.000	5749.995	480.000
600.000	5749.998	520.000
601.000	5750.000	494.000
602.000	5750.002	540.000
603.000	5750.005	464.000
604.000	5750.007	442.000
605.000	5750.010	496.000
606.000	5750.012	476.000
607.000	5750.015	454.000
608.000	5750.017	426.000
609.000	5750.020	486.000
610.000	5750.023	444.000
611.000	5750.025	432.000
612.000	5750.028	488.000
613.000	5750.030	428.000
614.000	5750.033	450.000
615.000	5750.035	416.000
616.000	5750.038	464.000
617.000	5750.040	392.000
618.000	5750.042	446.000
619.000	5750.045	410.000
620.000	5750.047	410.000
621.000	5750.050	374.000
622.000	5750.052	366.000
623.000	5750.055	378.000
624.000	5750.057	382.000
625.000	5750.060	376.000
626.000	5750.062	394.000
627.000	5750.065	354.000
628.000	5750.068	390.000
629.000	5750.070	392.000
630.000	5750.073	370.000
631.000	5750.075	388.000
632.000	5750.078	372.000
633.000	5750.080	360.000
634.000	5750.083	398.000
635.000	5750.085	302.000
636.000	5750.087	364.000
637.000	5750.090	360.000
638.000	5750.092	336.000
639.000	5750.095	358.000
640.000	5750.097	362.000
641.000	5750.100	352.000
642.000	5750.102	340.000
643.000	5750.105	360.000
644.000	5750.108	346.000
645.000	5750.110	320.000
646.000	5750.113	354.000
647.000	5750.115	352.000
648.000	5750.118	380.000
649.000	5750.120	296.000
650.000	5750.123	314.000
651.000	5750.125	362.000
652.000	5750.127	330.000
653.000	5750.130	324.000
654.000	5750.132	362.000
655.000	5750.135	366.000
656.000	5750.137	328.000
657.000	5750.140	340.000
658.000	5750.142	336.000
659.000	5750.145	274.000
660.000	5750.148	308.000
661.000	5750.150	316.000
662.000	5750.153	234.000
663.000	5750.155	292.000
664.000	5750.158	284.000
665.000	5750.160	314.000
666.000	5750.163	298.000
667.000	5750.165	326.000
668.000	5750.167	260.000
669.000	5750.170	268.000
670.000	5750.172	310.000
671.000	5750.175	272.000
672.000	5750.177	314.000
673.000	5750.180	282.000
674.000	5750.182	256.000
675.000	5750.185	288.000
676.000	5750.187	292.000
677.000	5750.190	296.000
678.000	5750.193	296.000
679.000	5750.195	286.000
680.000	5750.198	276.000
681.000	5750.200	300.000
682.000	5750.203	264.000
683.000	5750.205	326.000
684.000	5750.208	268.000
685.000	5750.210	238.000
686.000	5750.212	268.000
687.000	5750.215	254.000
688.000	5750.217	266.000
689.000	5750.220	256.000
690.000	5750.222	312.000
691.000	5750.225	270.000
692.000	5750.227	280.000
693.000	5750.230	260.000
694.000	5750.233	258.000
695.000	5750.235	290.000
696.000	5750.238	268.000
697.000	5750.240	304.000
698.000	5750.243	262.000
699.000	5750.245	286.000
700.000	5750.248	240.000
701.000	5750.250	270.000
702.000	5750.252	308.000
703.000	5750.255	280.000
704.000	5750.257	266.000
705.000	5750.260	322.000
706.000	5750.262	256.000
707.000	5750.265	224.000
708.000	5750.267	244.000
709.000	5750.270	262.000
710.000	5750.273	266.000
711.000	5750.275	252.000
712.000	5750.278	276.000
713.000	5750.280	230.000
714.000	5750.283	266.000
715.000	5750.285	280.000
716.000	5750.288	252.000
717.000	5750.290	256.000
718.000	5750.292	238.000
719.000	5750.295	250.000
720.000	5750.297	254.000
721.000	5750.300	292.000
722.000	5750.302	290.000
723.000	5750.305	252.000
724.000	5750.307	224.000
725.000	5750.310	322.000
726.000	5750.312	274.000
727.000	5750.315	254.000
728.000	5750.318	228.000
729.000	5750.320	282.000
730.000	5750.323	280.000
731.000	5750.325	274.000
732.000	5750.328	270.000
733.000	5750.330	212.000
734.000	5750.333	270.000
735.000	5750.335	334.000
736.000	5750.337	296.000
737.000	5750.340	262.000
738.000	5750.342	200.000
739.000	5750.345	306.000
740.000	5750.347	246.000
741.000	5750.350	276.000
742.000	5750.352	258.000
743.000	5750.355	248.000
744.000	5750.358	264.000
745.000	5750.360	304.000
746.000	5750.363	282.000
747.000	5750.365	282.000
748.000	5750.368	300.000
749.000	5750.370	234.000
750.000	5750.373	250.000
751.000	5750.375	302.000
752.000	5750.377	260.000
753.000	5750.380	274.000
754.000	5750.382	306.000
755.000	5750.385	204.000
756.000	5750.387	272.000
757.000	5750.390	304.000
758.000	5750.392	286.000
759.000	5750.395	248.000
760.000	5750.398	292.000
761.000	5750.400	240.000
762.000	5750.403	258.000
763.000	5750.405	228.000
764.000	5750.408	278.000
765.000	5750.410	264.000
766.000	5750.413	292.000
767.000	5750.415	300.000
768.000	5750.417	262.000
769.000	5750.420	250.000
770.000	5750.422	258.000
771.000	5750.425	252.000
772.000	5750.427	266.000
773.000	5750.430	308.000
774.000	5750.432	296.000
775.000	5750.435	304.000
776.000	5750.437	234.000
777.000	5750.440	264.000
778.000	5750.443	254.000
779.000	5750.445	258.000
780.000	5750.448	252.000
781.000	5750.450	292.000
782.000	5750.453	248.000
783.000	5750.455	300.000
784.000	5750.458	270.000
785.000	5750.460	294.000
786.000	5750.462	256.000
787.000	5750.465	250.000
788.000	5750.467	298.000
789.000	5750.470	266.000
790.000	5750.472	252.000
791.000	5750.475	280.000
792.000	5750.477	284.000
793.000	5750.480	252.000
794.000	5750.483	260.000
795.000	5750.485	248.000
796.000	5750.488	268.000
797.000	5750.490	296.000
798.000	5750.493	284.000
799.000	5750.495	310.000
800.000	5750.498	258.000
801.000	5750.500	264.000
