1.000	4090.000	590.000
2.000	4090.100	560.000
3.000	4090.200	890.000
4.000	4090.300	560.000
5.000	4090.400	570.000
6.000	4090.500	750.000
7.000	4090.600	600.000
8.000	4090.700	630.000
9.000	4090.800	490.000
10.000	4090.900	540.000
11.000	4091.000	490.000
12.000	4091.100	460.000
13.000	4091.200	460.000
14.000	4091.300	480.000
15.000	4091.400	500.000
16.000	4091.500	590.000
17.000	4091.600	800.000
18.000	4091.700	500.000
19.000	4091.800	610.000
20.000	4091.900	490.000
21.000	4092.000	570.000
22.000	4092.100	460.000
23.000	4092.200	520.000
24.000	4092.300	470.000
25.000	4092.400	580.000
26.000	4092.500	510.000
27.000	4092.600	420.000
28.000	4092.700	560.000
29.000	4092.800	560.000
30.000	4092.900	710.000
31.000	4093.000	590.000
32.000	4093.100	440.000
33.000	4093.200	520.000
34.000	4093.300	650.000
35.000	4093.400	600.000
36.000	4093.500	740.000
37.000	4093.600	630.000
38.000	4093.700	620.000
39.000	4093.800	630.000
40.000	4093.900	320.000
41.000	4094.000	370.000
42.000	4094.100	410.000
43.000	4094.200	530.000
44.000	4094.300	490.000
45.000	4094.400	630.000
46.000	4094.500	700.000
47.000	4094.600	670.000
48.000	4094.700	570.000
49.000	4094.800	770.000
50.000	4094.900	610.000
51.000	4095.000	530.000
52.000	4095.100	660.000
53.000	4095.200	700.000
54.000	4095.300	860.000
55.000	4095.400	720.000
56.000	4095.500	560.000
57.000	4095.600	760.000
58.000	4095.700	510.000
59.000	4095.800	620.000
60.000	4095.900	660.000
61.000	4096.000	560.000
62.000	4096.100	610.000
63.000	4096.200	490.000
64.000	4096.300	610.000
65.000	4096.400	620.000
66.000	4096.500	680.000
67.000	4096.600	570.000
68.000	4096.700	520.000
69.000	4096.800	460.000
70.000	4096.900	680.000
71.000	4097.000	780.000
72.000	4097.100	520.000
73.000	4097.200	540.000
74.000	4097.300	510.000
75.000	4097.400	750.000
76.000	4097.500	560.000
77.000	4097.600	640.000
78.000	4097.700	470.000
79.000	4097.800	570.000
80.000	4097.900	620.000
81.000	4098.000	520.000
82.000	4098.100	680.000
83.000	4098.200	740.000
84.000	4098.300	670.000
85.000	4098.400	580.000
86.000	4098.500	520.000
87.000	4098.600	540.000
88.000	4098.700	460.000
89.000	4098.800	520.000
90.000	4098.900	630.000
91.000	4099.000	720.000
92.000	4099.100	620.000
93.000	4099.200	620.000
94.000	4099.300	670.000
95.000	4099.400	550.000
96.000	4099.500	500.000
97.000	4099.600	560.000
98.000	4099.700	520.000
99.000	4099.800	570.000
100.000	4099.900	600.000
101.000	4100.000	720.000
102.000	4100.100	650.000
103.000	4100.200	890.000
104.000	4100.300	610.000
105.000	4100.400	880.000
106.000	4100.500	840.000
107.000	4100.600	910.000
108.000	4100.700	830.000
109.000	4100.800	740.000
110.000	4100.900	890.000
111.000	4101.000	850.000
112.000	4101.100	1000.000
113.000	4101.200	890.000
114.000	4101.300	680.000
115.000	4101.400	660.000
116.000	4101.500	610.000
117.000	4101.600	610.000
118.000	4101.700	430.000
119.000	4101.800	490.000
120.000	4101.900	460.000
121.000	4102.000	470.000
122.000	4102.100	470.000
123.000	4102.200	580.000
124.000	4102.300	560.000
125.000	4102.400	600.000
126.000	4102.500	670.000
127.000	4102.600	690.000
128.000	4102.700	430.000
129.000	4102.800	550.000
130.000	4102.900	580.000
131.000	4103.000	430.000
132.000	4103.100	530.000
133.000	4103.200	620.000
134.000	4103.300	690.000
135.000	4103.400	700.000
136.000	4103.500	620.000
137.000	4103.600	650.000
138.000	4103.700	690.000
139.000	4103.800	650.000
140.000	4103.900	570.000
141.000	4104.000	400.000
142.000	4104.100	520.000
143.000	4104.200	670.000
144.000	4104.300	610.000
145.000	4104.400	520.000
146.000	4104.500	530.000
147.000	4104.600	610.000
148.000	4104.700	710.000
149.000	4104.800	650.000
150.000	4104.900	1090.000
151.000	4105.000	990.000
152.000	4105.100	1100.000
153.000	4105.200	1200.000
154.000	4105.300	950.000
155.000	4105.400	820.000
156.000	4105.500	600.000
157.000	4105.600	680.000
158.000	4105.700	590.000
159.000	4105.800	660.000
160.000	4105.900	550.000
161.000	4106.000	600.000
162.000	4106.100	620.000
163.000	4106.200	650.000
164.000	4106.300	660.000
165.000	4106.400	660.000
166.000	4106.500	520.000
167.000	4106.600	500.000
168.000	4106.700	430.000
169.000	4106.800	570.000
170.000	4106.900	580.000
171.000	4107.000	600.000
172.000	4107.100	420.000
173.000	4107.200	440.000
174.000	4107.300	400.000
175.000	4107.400	530.000
176.000	4107.500	390.000
177.000	4107.600	690.000
178.000	4107.700	710.000
179.000	4107.800	790.000
180.000	4107.900	980.000
181.000	4108.000	1060.000
182.000	4108.100	1070.000
183.000	4108.200	870.000
184.000	4108.300	630.000
185.000	4108.400	560.000
186.000	4108.500	680.000
187.000	4108.600	660.000
188.000	4108.700	600.000
189.000	4108.800	590.000
190.000	4108.900	360.000
191.000	4109.000	470.000
192.000	4109.100	530.000
193.000	4109.200	470.000
194.000	4109.300	550.000
195.000	4109.400	480.000
196.000	4109.500	750.000
197.000	4109.600	640.000
198.000	4109.700	890.000
199.000	4109.800	920.000
200.000	4109.900	700.000
201.000	4110.000	920.000
202.000	4110.100	850.000
203.000	4110.200	540.000
204.000	4110.300	460.000
205.000	4110.400	520.000
206.000	4110.500	610.000
207.000	4110.600	440.000
208.000	4110.700	410.000
209.000	4110.800	530.000
210.000	4110.900	640.000
211.000	4111.000	760.000
212.000	4111.100	870.000
213.000	4111.200	720.000
214.000	4111.300	1080.000
215.000	4111.400	990.000
216.000	4111.500	630.000
217.000	4111.600	450.000
218.000	4111.700	530.000
219.000	4111.800	520.000
220.000	4111.900	580.000
221.000	4112.000	640.000
222.000	4112.100	750.000
223.000	4112.200	720.000
224.000	4112.300	610.000
225.000	4112.400	560.000
226.000	4112.500	700.000
227.000	4112.600	690.000
228.000	4112.700	510.000
229.000	4112.800	580.000
230.000	4112.900	550.000
231.000	4113.000	460.000
232.000	4113.100	630.000
233.000	4113.200	570.000
234.000	4113.300	700.000
235.000	4113.400	610.000
236.000	4113.500	620.000
237.000	4113.600	500.000
238.000	4113.700	540.000
239.000	4113.800	750.000
240.000	4113.900	550.000
241.000	4114.000	600.000
242.000	4114.100	510.000
243.000	4114.200	510.000
244.000	4114.300	510.000
245.000	4114.400	630.000
246.000	4114.500	450.000
247.000	4114.600	390.000
248.000	4114.700	560.000
249.000	4114.800	480.000
250.000	4114.900	530.000
251.000	4115.000	570.000
252.000	4115.100	580.000
253.000	4115.200	480.000
254.000	4115.300	480.000
255.000	4115.400	590.000
256.000	4115.500	570.000
257.000	4115.600	600.000
258.000	4115.700	750.000
259.000	4115.800	560.000
260.000	4115.900	620.000
261.000	4116.000	680.000
262.000	4116.100	570.000
263.000	4116.200	450.000
264.000	4116.300	400.000
265.000	4116.400	580.000
266.000	4116.500	540.000
267.000	4116.600	530.000
268.000	4116.700	600.000
269.000	4116.800	530.000
270.000	4116.900	570.000
271.000	4117.000	380.000
272.000	4117.100	480.000
273.000	4117.200	620.000
274.000	4117.300	300.000
275.000	4117.400	520.000
276.000	4117.500	500.000
277.000	4117.600	640.000
278.000	4117.700	500.000
279.000	4117.800	580.000
280.000	4117.900	480.000
281.000	4118.000	510.000
282.000	4118.100	510.000
283.000	4118.200	590.000
284.000	4118.300	610.000
285.000	4118.400	480.000
286.000	4118.500	680.000
287.000	4118.600	450.000
288.000	4118.700	790.000
289.000	4118.800	730.000
290.000	4118.900	740.000
291.000	4119.000	800.000
292.000	4119.100	820.000
293.000	4119.200	630.000
294.000	4119.300	650.000
295.000	4119.400	580.000
296.000	4119.500	670.000
297.000	4119.600	540.000
298.000	4119.700	420.000
299.000	4119.800	550.000
300.000	4119.900	540.000
301.000	4120.000	500.000
