1.000	4103.000	1276.000
2.000	4103.100	1282.000
3.000	4103.200	1266.000
4.000	4103.300	1202.000
5.000	4103.400	1364.000
6.000	4103.500	1128.000
7.000	4103.600	1288.000
8.000	4103.700	1088.000
9.000	4103.800	1126.000
10.000	4103.900	1082.000
11.000	4104.000	1028.000
12.000	4104.100	1232.000
13.000	4104.200	1044.000
14.000	4104.300	1200.000
15.000	4104.400	1114.000
16.000	4104.500	1062.000
17.000	4104.600	1210.000
18.000	4104.700	1740.000
19.000	4104.800	2262.000
20.000	4104.900	2392.000
21.000	4105.000	2410.000
22.000	4105.100	2280.000
23.000	4105.200	1746.000
24.000	4105.300	1768.000
25.000	4105.400	1494.000
26.000	4105.500	1342.000
27.000	4105.600	1302.000
28.000	4105.700	1192.000
29.000	4105.800	1128.000
30.000	4105.900	1198.000
31.000	4106.000	1224.000
32.000	4106.100	1160.000
33.000	4106.200	1274.000
34.000	4106.300	1204.000
35.000	4106.400	1150.000
36.000	4106.500	1172.000
37.000	4106.600	1126.000
38.000	4106.700	1094.000
39.000	4106.800	1080.000
40.000	4106.900	1102.000
41.000	4107.000	1168.000
42.000	4107.100	1066.000
43.000	4107.200	1002.000
44.000	4107.300	1188.000
45.000	4107.400	1142.000
46.000	4107.500	1364.000
47.000	4107.600	1754.000
48.000	4107.700	2320.000
49.000	4107.800	2474.000
50.000	4107.900	2614.000
51.000	4108.000	2366.000
52.000	4108.100	1876.000
53.000	4108.200	1628.000
54.000	4108.300	1444.000
55.000	4108.400	1232.000
56.000	4108.500	1190.000
57.000	4108.600	1108.000
58.000	4108.700	1146.000
59.000	4108.800	1130.000
60.000	4108.900	1094.000
61.000	4109.000	1042.000
62.000	4109.100	1036.000
63.000	4109.200	1192.000
64.000	4109.300	1078.000
65.000	4109.400	1276.000
66.000	4109.500	1814.000
67.000	4109.600	1976.000
68.000	4109.700	2234.000
69.000	4109.800	2156.000
70.000	4109.900	1922.000
71.000	4110.000	1610.000
72.000	4110.100	1482.000
73.000	4110.200	1152.000
74.000	4110.300	1184.000
75.000	4110.400	1032.000
76.000	4110.500	1104.000
77.000	4110.600	1132.000
78.000	4110.700	1112.000
79.000	4110.800	1310.000
80.000	4110.900	1512.000
81.000	4111.000	1642.000
82.000	4111.100	1806.000
83.000	4111.200	1668.000
84.000	4111.300	1384.000
85.000	4111.400	1356.000
86.000	4111.500	1244.000
87.000	4111.600	1068.000
88.000	4111.700	1130.000
89.000	4111.800	1150.000
90.000	4111.900	1114.000
91.000	4112.000	1226.000
92.000	4112.100	1478.000
93.000	4112.200	1450.000
94.000	4112.300	1448.000
95.000	4112.400	1516.000
96.000	4112.500	1280.000
97.000	4112.600	1210.000
98.000	4112.700	1176.000
99.000	4112.800	1092.000
100.000	4112.900	972.000
101.000	4113.000	1056.000
