1.000	4050.000	2706.000
2.000	4050.100	2778.000
3.000	4050.200	2884.000
4.000	4050.300	2798.000
5.000	4050.400	2780.000
6.000	4050.500	2822.000
7.000	4050.600	2756.000
8.000	4050.700	2734.000
9.000	4050.800	2780.000
10.000	4050.900	2938.000
11.000	4051.000	2912.000
12.000	4051.100	2814.000
13.000	4051.200	2632.000
14.000	4051.300	2896.000
15.000	4051.400	2948.000
16.000	4051.500	2984.000
17.000	4051.600	3002.000
18.000	4051.700	2952.000
19.000	4051.800	2818.000
20.000	4051.900	2726.000
21.000	4052.000	2714.000
22.000	4052.100	2644.000
23.000	4052.200	2656.000
24.000	4052.300	2744.000
25.000	4052.400	2940.000
26.000	4052.500	2828.000
27.000	4052.600	3024.000
28.000	4052.700	3092.000
29.000	4052.800	3290.000
30.000	4052.900	3496.000
31.000	4053.000	3738.000
32.000	4053.100	3908.000
33.000	4053.200	3898.000
34.000	4053.300	4280.000
35.000	4053.400	3752.000
36.000	4053.500	3426.000
37.000	4053.600	3006.000
38.000	4053.700	2746.000
39.000	4053.800	2680.000
40.000	4053.900	2906.000
41.000	4054.000	2708.000
42.000	4054.100	2682.000
43.000	4054.200	2844.000
44.000	4054.300	2910.000
45.000	4054.400	2820.000
46.000	4054.500	2790.000
47.000	4054.600	2614.000
48.000	4054.700	2680.000
49.000	4054.800	2602.000
50.000	4054.900	2602.000
51.000	4055.000	2472.000
52.000	4055.100	2724.000
53.000	4055.200	2464.000
54.000	4055.300	2618.000
55.000	4055.400	2592.000
56.000	4055.500	2568.000
57.000	4055.600	2760.000
58.000	4055.700	2766.000
59.000	4055.800	2778.000
60.000	4055.900	2814.000
61.000	4056.000	2790.000
62.000	4056.100	2736.000
63.000	4056.200	2946.000
64.000	4056.300	2878.000
65.000	4056.400	3020.000
66.000	4056.500	3132.000
67.000	4056.600	3174.000
68.000	4056.700	3120.000
69.000	4056.800	3202.000
70.000	4056.900	3392.000
71.000	4057.000	3062.000
72.000	4057.100	3038.000
73.000	4057.200	2798.000
74.000	4057.300	2662.000
75.000	4057.400	2766.000
76.000	4057.500	2776.000
77.000	4057.600	2764.000
78.000	4057.700	2682.000
79.000	4057.800	2980.000
80.000	4057.900	2942.000
81.000	4058.000	2876.000
82.000	4058.100	2890.000
83.000	4058.200	2970.000
84.000	4058.300	3038.000
85.000	4058.400	3004.000
86.000	4058.500	2824.000
87.000	4058.600	2826.000
88.000	4058.700	2746.000
89.000	4058.800	2946.000
90.000	4058.900	2876.000
91.000	4059.000	2940.000
92.000	4059.100	2976.000
93.000	4059.200	3136.000
94.000	4059.300	3082.000
95.000	4059.400	2984.000
96.000	4059.500	3142.000
97.000	4059.600	3122.000
98.000	4059.700	3252.000
99.000	4059.800	3100.000
100.000	4059.900	2964.000
101.000	4060.000	2778.000
102.000	4060.100	2588.000
103.000	4060.200	2612.000
104.000	4060.300	2748.000
105.000	4060.400	2860.000
106.000	4060.500	2648.000
107.000	4060.600	2824.000
108.000	4060.700	3242.000
109.000	4060.800	2992.000
110.000	4060.900	3236.000
111.000	4061.000	3346.000
112.000	4061.100	3526.000
113.000	4061.200	3348.000
114.000	4061.300	3208.000
115.000	4061.400	3066.000
116.000	4061.500	2852.000
117.000	4061.600	2664.000
118.000	4061.700	3216.000
119.000	4061.800	3258.000
120.000	4061.900	3530.000
121.000	4062.000	3656.000
122.000	4062.100	4320.000
123.000	4062.200	4426.000
124.000	4062.300	4650.000
125.000	4062.400	4366.000
126.000	4062.500	4010.000
127.000	4062.600	3732.000
128.000	4062.700	3440.000
129.000	4062.800	3458.000
130.000	4062.900	2898.000
131.000	4063.000	2746.000
132.000	4063.100	2666.000
133.000	4063.200	2688.000
134.000	4063.300	2724.000
135.000	4063.400	2730.000
136.000	4063.500	2564.000
137.000	4063.600	2626.000
138.000	4063.700	2628.000
139.000	4063.800	2628.000
140.000	4063.900	2770.000
141.000	4064.000	2580.000
142.000	4064.100	2646.000
143.000	4064.200	2722.000
144.000	4064.300	2808.000
145.000	4064.400	2890.000
146.000	4064.500	2756.000
147.000	4064.600	2814.000
148.000	4064.700	2928.000
149.000	4064.800	2960.000
150.000	4064.900	2892.000
151.000	4065.000	2880.000
152.000	4065.100	2780.000
153.000	4065.200	2894.000
154.000	4065.300	2786.000
155.000	4065.400	2752.000
156.000	4065.500	2682.000
157.000	4065.600	2688.000
158.000	4065.700	2718.000
159.000	4065.800	2624.000
160.000	4065.900	2704.000
161.000	4066.000	2574.000
162.000	4066.100	2664.000
163.000	4066.200	2754.000
164.000	4066.300	2684.000
165.000	4066.400	2758.000
166.000	4066.500	2550.000
167.000	4066.600	2466.000
168.000	4066.700	2742.000
169.000	4066.800	2438.000
170.000	4066.900	2554.000
171.000	4067.000	2426.000
172.000	4067.100	2642.000
173.000	4067.200	2558.000
174.000	4067.300	2760.000
175.000	4067.400	2708.000
176.000	4067.500	2628.000
177.000	4067.600	2594.000
178.000	4067.700	2828.000
179.000	4067.800	2794.000
180.000	4067.900	2900.000
181.000	4068.000	2796.000
182.000	4068.100	2832.000
183.000	4068.200	2994.000
184.000	4068.300	2956.000
185.000	4068.400	2868.000
186.000	4068.500	3100.000
187.000	4068.600	3032.000
188.000	4068.700	2974.000
189.000	4068.800	2996.000
190.000	4068.900	2980.000
191.000	4069.000	2984.000
192.000	4069.100	2682.000
193.000	4069.200	2602.000
194.000	4069.300	2696.000
195.000	4069.400	2686.000
196.000	4069.500	2864.000
197.000	4069.600	2770.000
198.000	4069.700	2924.000
199.000	4069.800	2848.000
200.000	4069.900	3004.000
201.000	4070.000	3244.000
202.000	4070.100	3194.000
203.000	4070.200	3308.000
204.000	4070.300	3304.000
205.000	4070.400	2984.000
206.000	4070.500	2804.000
207.000	4070.600	2800.000
208.000	4070.700	2694.000
209.000	4070.800	2560.000
210.000	4070.900	2644.000
211.000	4071.000	2502.000
212.000	4071.100	2722.000
213.000	4071.200	2452.000
214.000	4071.300	2556.000
215.000	4071.400	2664.000
216.000	4071.500	2836.000
217.000	4071.600	2704.000
218.000	4071.700	2658.000
219.000	4071.800	2826.000
220.000	4071.900	3036.000
221.000	4072.000	2878.000
222.000	4072.100	2994.000
223.000	4072.200	2548.000
224.000	4072.300	2576.000
225.000	4072.400	2570.000
226.000	4072.500	2514.000
227.000	4072.600	2614.000
228.000	4072.700	2566.000
229.000	4072.800	2514.000
230.000	4072.900	2600.000
231.000	4073.000	2504.000
232.000	4073.100	2642.000
233.000	4073.200	2436.000
234.000	4073.300	2658.000
235.000	4073.400	2506.000
236.000	4073.500	2588.000
237.000	4073.600	2578.000
238.000	4073.700	2506.000
239.000	4073.800	2466.000
240.000	4073.900	2472.000
241.000	4074.000	2628.000
242.000	4074.100	2596.000
243.000	4074.200	2576.000
244.000	4074.300	2620.000
245.000	4074.400	2876.000
246.000	4074.500	2992.000
247.000	4074.600	3290.000
248.000	4074.700	3702.000
249.000	4074.800	3922.000
250.000	4074.900	4450.000
251.000	4075.000	4314.000
252.000	4075.100	4172.000
253.000	4075.200	3698.000
254.000	4075.300	3510.000
255.000	4075.400	2954.000
256.000	4075.500	2896.000
257.000	4075.600	3010.000
258.000	4075.700	3296.000
259.000	4075.800	3494.000
260.000	4075.900	3596.000
261.000	4076.000	3764.000
262.000	4076.100	4030.000
263.000	4076.200	3992.000
264.000	4076.300	3720.000
265.000	4076.400	3344.000
266.000	4076.500	3000.000
267.000	4076.600	2880.000
268.000	4076.700	2678.000
269.000	4076.800	2588.000
270.000	4076.900	2666.000
271.000	4077.000	2692.000
272.000	4077.100	2462.000
273.000	4077.200	2620.000
274.000	4077.300	2494.000
275.000	4077.400	2506.000
276.000	4077.500	2580.000
277.000	4077.600	2626.000
278.000	4077.700	2598.000
279.000	4077.800	2662.000
280.000	4077.900	2616.000
281.000	4078.000	2648.000
282.000	4078.100	2750.000
283.000	4078.200	2610.000
284.000	4078.300	2594.000
285.000	4078.400	2414.000
286.000	4078.500	2656.000
287.000	4078.600	2512.000
288.000	4078.700	2744.000
289.000	4078.800	2560.000
290.000	4078.900	2550.000
291.000	4079.000	2612.000
292.000	4079.100	2554.000
293.000	4079.200	2624.000
294.000	4079.300	2562.000
295.000	4079.400	2498.000
296.000	4079.500	2500.000
297.000	4079.600	2620.000
298.000	4079.700	2620.000
299.000	4079.800	2850.000
300.000	4079.900	2736.000
301.000	4080.000	3076.000
302.000	4080.100	3056.000
303.000	4080.200	3300.000
304.000	4080.300	3132.000
305.000	4080.400	2892.000
306.000	4080.500	2848.000
307.000	4080.600	2606.000
308.000	4080.700	2772.000
309.000	4080.800	2624.000
310.000	4080.900	2500.000
311.000	4081.000	2528.000
312.000	4081.100	2394.000
313.000	4081.200	2550.000
314.000	4081.300	2450.000
315.000	4081.400	2570.000
316.000	4081.500	2466.000
317.000	4081.600	2604.000
318.000	4081.700	2668.000
319.000	4081.800	2802.000
320.000	4081.900	2778.000
321.000	4082.000	2712.000
322.000	4082.100	2656.000
323.000	4082.200	2716.000
324.000	4082.300	2764.000
325.000	4082.400	2616.000
326.000	4082.500	2340.000
327.000	4082.600	2306.000
328.000	4082.700	2246.000
329.000	4082.800	2294.000
330.000	4082.900	2404.000
331.000	4083.000	2440.000
332.000	4083.100	2424.000
333.000	4083.200	2560.000
334.000	4083.300	2666.000
335.000	4083.400	2714.000
336.000	4083.500	2766.000
337.000	4083.600	2808.000
338.000	4083.700	2740.000
339.000	4083.800	2972.000
340.000	4083.900	2906.000
341.000	4084.000	2904.000
342.000	4084.100	2804.000
343.000	4084.200	2848.000
344.000	4084.300	2786.000
345.000	4084.400	2830.000
346.000	4084.500	2608.000
347.000	4084.600	2536.000
348.000	4084.700	2580.000
349.000	4084.800	2522.000
350.000	4084.900	2498.000
351.000	4085.000	2514.000
352.000	4085.100	2338.000
353.000	4085.200	2552.000
354.000	4085.300	2410.000
355.000	4085.400	2602.000
356.000	4085.500	2522.000
357.000	4085.600	2330.000
358.000	4085.700	2452.000
359.000	4085.800	2510.000
360.000	4085.900	2616.000
361.000	4086.000	2616.000
362.000	4086.100	2758.000
363.000	4086.200	2610.000
364.000	4086.300	2554.000
365.000	4086.400	2630.000
366.000	4086.500	2592.000
367.000	4086.600	2628.000
368.000	4086.700	2632.000
369.000	4086.800	2562.000
370.000	4086.900	2366.000
371.000	4087.000	2422.000
372.000	4087.100	2324.000
373.000	4087.200	2394.000
374.000	4087.300	2732.000
375.000	4087.400	2810.000
376.000	4087.500	2724.000
377.000	4087.600	2808.000
378.000	4087.700	3122.000
379.000	4087.800	3198.000
380.000	4087.900	3322.000
381.000	4088.000	2932.000
382.000	4088.100	2982.000
383.000	4088.200	2784.000
384.000	4088.300	2764.000
385.000	4088.400	2886.000
386.000	4088.500	3006.000
387.000	4088.600	3054.000
388.000	4088.700	3122.000
389.000	4088.800	3018.000
390.000	4088.900	2778.000
391.000	4089.000	2582.000
392.000	4089.100	2566.000
393.000	4089.200	2666.000
394.000	4089.300	2592.000
395.000	4089.400	2612.000
396.000	4089.500	2492.000
397.000	4089.600	2544.000
398.000	4089.700	2528.000
399.000	4089.800	2442.000
400.000	4089.900	2642.000
401.000	4090.000	2768.000
402.000	4090.100	2858.000
403.000	4090.200	2910.000
404.000	4090.300	2776.000
405.000	4090.400	2634.000
406.000	4090.500	2654.000
407.000	4090.600	2636.000
408.000	4090.700	2486.000
409.000	4090.800	2314.000
410.000	4090.900	2478.000
411.000	4091.000	2364.000
412.000	4091.100	2394.000
413.000	4091.200	2394.000
414.000	4091.300	2408.000
415.000	4091.400	2506.000
416.000	4091.500	2476.000
417.000	4091.600	2610.000
418.000	4091.700	2560.000
419.000	4091.800	2674.000
420.000	4091.900	2472.000
421.000	4092.000	2564.000
422.000	4092.100	2458.000
423.000	4092.200	2284.000
424.000	4092.300	2336.000
425.000	4092.400	2356.000
426.000	4092.500	2212.000
427.000	4092.600	2446.000
428.000	4092.700	2366.000
429.000	4092.800	2366.000
430.000	4092.900	2306.000
431.000	4093.000	2230.000
432.000	4093.100	2384.000
433.000	4093.200	2514.000
434.000	4093.300	2430.000
435.000	4093.400	2586.000
436.000	4093.500	2490.000
437.000	4093.600	2608.000
438.000	4093.700	2526.000
439.000	4093.800	2582.000
440.000	4093.900	2412.000
441.000	4094.000	2578.000
442.000	4094.100	2406.000
443.000	4094.200	2272.000
444.000	4094.300	2324.000
445.000	4094.400	2370.000
446.000	4094.500	2284.000
447.000	4094.600	2304.000
448.000	4094.700	2458.000
449.000	4094.800	2410.000
450.000	4094.900	2574.000
451.000	4095.000	2650.000
452.000	4095.100	2982.000
453.000	4095.200	3052.000
454.000	4095.300	3128.000
455.000	4095.400	3348.000
456.000	4095.500	3520.000
457.000	4095.600	3252.000
458.000	4095.700	3110.000
459.000	4095.800	2742.000
460.000	4095.900	2248.000
461.000	4096.000	2316.000
462.000	4096.100	2150.000
463.000	4096.200	2122.000
464.000	4096.300	2264.000
465.000	4096.400	2358.000
466.000	4096.500	2336.000
467.000	4096.600	2410.000
468.000	4096.700	2350.000
469.000	4096.800	2406.000
470.000	4096.900	2462.000
471.000	4097.000	2432.000
472.000	4097.100	2702.000
473.000	4097.200	2684.000
474.000	4097.300	2656.000
475.000	4097.400	2622.000
476.000	4097.500	2616.000
477.000	4097.600	2548.000
478.000	4097.700	2542.000
479.000	4097.800	2702.000
480.000	4097.900	2872.000
481.000	4098.000	2730.000
482.000	4098.100	2972.000
483.000	4098.200	2770.000
484.000	4098.300	2810.000
485.000	4098.400	2814.000
486.000	4098.500	2940.000
487.000	4098.600	2710.000
488.000	4098.700	2956.000
489.000	4098.800	3070.000
490.000	4098.900	3210.000
491.000	4099.000	3410.000
492.000	4099.100	3276.000
493.000	4099.200	2932.000
494.000	4099.300	2716.000
495.000	4099.400	2372.000
496.000	4099.500	2544.000
497.000	4099.600	2494.000
498.000	4099.700	2622.000
499.000	4099.800	2706.000
500.000	4099.900	2716.000
501.000	4100.000	2976.000
502.000	4100.100	3182.000
503.000	4100.200	3588.000
504.000	4100.300	3784.000
505.000	4100.400	3818.000
506.000	4100.500	4312.000
507.000	4100.600	4262.000
508.000	4100.700	4102.000
509.000	4100.800	4732.000
510.000	4100.900	4918.000
511.000	4101.000	5338.000
512.000	4101.100	5228.000
513.000	4101.200	4534.000
514.000	4101.300	3928.000
515.000	4101.400	3512.000
516.000	4101.500	2902.000
517.000	4101.600	2792.000
518.000	4101.700	2608.000
519.000	4101.800	2600.000
520.000	4101.900	2620.000
521.000	4102.000	2524.000
522.000	4102.100	2382.000
523.000	4102.200	2464.000
524.000	4102.300	2552.000
525.000	4102.400	2568.000
526.000	4102.500	2570.000
527.000	4102.600	2644.000
528.000	4102.700	2530.000
529.000	4102.800	2554.000
530.000	4102.900	2814.000
531.000	4103.000	2780.000
532.000	4103.100	2878.000
533.000	4103.200	2996.000
534.000	4103.300	3086.000
535.000	4103.400	3082.000
536.000	4103.500	2946.000
537.000	4103.600	2976.000
538.000	4103.700	2722.000
539.000	4103.800	2534.000
540.000	4103.900	2746.000
541.000	4104.000	2716.000
542.000	4104.100	2540.000
543.000	4104.200	2592.000
544.000	4104.300	2538.000
545.000	4104.400	2512.000
546.000	4104.500	2698.000
547.000	4104.600	2956.000
548.000	4104.700	3428.000
549.000	4104.800	3744.000
550.000	4104.900	4140.000
551.000	4105.000	4706.000
