1.000	4090.000	1300.000
2.000	4090.100	1440.000
3.000	4090.200	1250.000
4.000	4090.300	1290.000
5.000	4090.400	1210.000
6.000	4090.500	1100.000
7.000	4090.600	1180.000
8.000	4090.700	1150.000
9.000	4090.800	1220.000
10.000	4090.900	1070.000
11.000	4091.000	1140.000
12.000	4091.100	1140.000
13.000	4091.200	1190.000
14.000	4091.300	1280.000
15.000	4091.400	1480.000
16.000	4091.500	1490.000
17.000	4091.600	1230.000
18.000	4091.700	1130.000
19.000	4091.800	1150.000
20.000	4091.900	1280.000
21.000	4092.000	1040.000
22.000	4092.100	1080.000
23.000	4092.200	1220.000
24.000	4092.300	1100.000
25.000	4092.400	1260.000
26.000	4092.500	990.000
27.000	4092.600	1210.000
28.000	4092.700	1090.000
29.000	4092.800	1140.000
30.000	4092.900	1300.000
31.000	4093.000	1210.000
32.000	4093.100	1320.000
33.000	4093.200	1120.000
34.000	4093.300	1160.000
35.000	4093.400	1360.000
36.000	4093.500	1220.000
37.000	4093.600	1080.000
38.000	4093.700	1320.000
39.000	4093.800	1170.000
40.000	4093.900	1420.000
41.000	4094.000	1060.000
42.000	4094.100	1370.000
43.000	4094.200	1090.000
44.000	4094.300	1080.000
45.000	4094.400	1110.000
46.000	4094.500	1170.000
47.000	4094.600	1200.000
48.000	4094.700	950.000
49.000	4094.800	1090.000
50.000	4094.900	1050.000
51.000	4095.000	1560.000
52.000	4095.100	1670.000
53.000	4095.200	1480.000
54.000	4095.300	1500.000
55.000	4095.400	1380.000
56.000	4095.500	1510.000
57.000	4095.600	1500.000
58.000	4095.700	1340.000
59.000	4095.800	1140.000
60.000	4095.900	1260.000
61.000	4096.000	1180.000
62.000	4096.100	1450.000
63.000	4096.200	1250.000
64.000	4096.300	1070.000
65.000	4096.400	1160.000
66.000	4096.500	1300.000
67.000	4096.600	1160.000
68.000	4096.700	1240.000
69.000	4096.800	1480.000
70.000	4096.900	1620.000
71.000	4097.000	1340.000
72.000	4097.100	1330.000
73.000	4097.200	1250.000
74.000	4097.300	1270.000
75.000	4097.400	1090.000
76.000	4097.500	1180.000
77.000	4097.600	1600.000
78.000	4097.700	1500.000
79.000	4097.800	1430.000
80.000	4097.900	1530.000
81.000	4098.000	1760.000
82.000	4098.100	1550.000
83.000	4098.200	1440.000
84.000	4098.300	1280.000
85.000	4098.400	1440.000
86.000	4098.500	1460.000
87.000	4098.600	1670.000
88.000	4098.700	1500.000
89.000	4098.800	1780.000
90.000	4098.900	1370.000
91.000	4099.000	1250.000
92.000	4099.100	1390.000
93.000	4099.200	1440.000
94.000	4099.300	1360.000
95.000	4099.400	1040.000
96.000	4099.500	1170.000
97.000	4099.600	1240.000
98.000	4099.700	1440.000
99.000	4099.800	1360.000
100.000	4099.900	1360.000
101.000	4100.000	1620.000
102.000	4100.100	1670.000
103.000	4100.200	1800.000
104.000	4100.300	1420.000
105.000	4100.400	1550.000
106.000	4100.500	1590.000
107.000	4100.600	2190.000
108.000	4100.700	2500.000
109.000	4100.800	2230.000
110.000	4100.900	2490.000
111.000	4101.000	2080.000
112.000	4101.100	1620.000
113.000	4101.200	1430.000
114.000	4101.300	1260.000
115.000	4101.400	1450.000
116.000	4101.500	1210.000
117.000	4101.600	1190.000
118.000	4101.700	1180.000
119.000	4101.800	960.000
120.000	4101.900	1260.000
121.000	4102.000	1180.000
122.000	4102.100	1150.000
123.000	4102.200	1160.000
124.000	4102.300	1110.000
125.000	4102.400	1340.000
126.000	4102.500	1380.000
127.000	4102.600	1240.000
128.000	4102.700	1290.000
129.000	4102.800	1490.000
130.000	4102.900	1270.000
131.000	4103.000	1400.000
132.000	4103.100	1550.000
133.000	4103.200	1550.000
134.000	4103.300	1380.000
135.000	4103.400	1320.000
136.000	4103.500	1390.000
137.000	4103.600	1230.000
138.000	4103.700	1120.000
139.000	4103.800	1160.000
140.000	4103.900	1180.000
141.000	4104.000	1010.000
142.000	4104.100	1300.000
143.000	4104.200	1080.000
144.000	4104.300	1220.000
145.000	4104.400	1300.000
146.000	4104.500	1200.000
147.000	4104.600	1280.000
148.000	4104.700	1790.000
149.000	4104.800	2440.000
150.000	4104.900	2430.000
151.000	4105.000	2570.000
152.000	4105.100	1750.000
153.000	4105.200	1970.000
154.000	4105.300	1600.000
155.000	4105.400	1180.000
156.000	4105.500	1230.000
157.000	4105.600	1300.000
158.000	4105.700	1250.000
159.000	4105.800	1400.000
160.000	4105.900	1230.000
161.000	4106.000	1160.000
162.000	4106.100	1080.000
163.000	4106.200	1200.000
164.000	4106.300	1200.000
165.000	4106.400	1030.000
166.000	4106.500	1240.000
167.000	4106.600	1040.000
168.000	4106.700	940.000
169.000	4106.800	1330.000
170.000	4106.900	990.000
171.000	4107.000	1160.000
172.000	4107.100	1100.000
173.000	4107.200	980.000
174.000	4107.300	1040.000
175.000	4107.400	1370.000
176.000	4107.500	1480.000
177.000	4107.600	2040.000
178.000	4107.700	2950.000
179.000	4107.800	2640.000
180.000	4107.900	2820.000
181.000	4108.000	2230.000
182.000	4108.100	2110.000
183.000	4108.200	1610.000
184.000	4108.300	1350.000
185.000	4108.400	1170.000
186.000	4108.500	950.000
187.000	4108.600	1170.000
188.000	4108.700	1210.000
189.000	4108.800	1160.000
190.000	4108.900	1100.000
191.000	4109.000	1230.000
192.000	4109.100	1010.000
193.000	4109.200	1390.000
194.000	4109.300	1190.000
195.000	4109.400	1730.000
196.000	4109.500	1750.000
197.000	4109.600	2150.000
198.000	4109.700	2180.000
199.000	4109.800	2230.000
200.000	4109.900	1920.000
201.000	4110.000	1520.000
202.000	4110.100	1310.000
203.000	4110.200	1270.000
204.000	4110.300	1430.000
205.000	4110.400	920.000
206.000	4110.500	1190.000
207.000	4110.600	1290.000
208.000	4110.700	1550.000
209.000	4110.800	1560.000
210.000	4110.900	1930.000
211.000	4111.000	1830.000
212.000	4111.100	1580.000
213.000	4111.200	1670.000
214.000	4111.300	1590.000
215.000	4111.400	1090.000
216.000	4111.500	1090.000
217.000	4111.600	1180.000
218.000	4111.700	1190.000
219.000	4111.800	1070.000
220.000	4111.900	1110.000
221.000	4112.000	1380.000
222.000	4112.100	1500.000
223.000	4112.200	1630.000
224.000	4112.300	1630.000
225.000	4112.400	1400.000
226.000	4112.500	1210.000
227.000	4112.600	1350.000
228.000	4112.700	1410.000
229.000	4112.800	1260.000
230.000	4112.900	1040.000
231.000	4113.000	1050.000
232.000	4113.100	1130.000
233.000	4113.200	930.000
234.000	4113.300	1270.000
235.000	4113.400	1130.000
236.000	4113.500	1310.000
237.000	4113.600	1110.000
238.000	4113.700	1140.000
239.000	4113.800	1320.000
240.000	4113.900	1160.000
241.000	4114.000	1230.000
242.000	4114.100	1220.000
243.000	4114.200	1190.000
244.000	4114.300	1090.000
245.000	4114.400	1250.000
246.000	4114.500	1180.000
247.000	4114.600	1190.000
248.000	4114.700	1090.000
249.000	4114.800	1180.000
250.000	4114.900	1290.000
251.000	4115.000	1100.000
252.000	4115.100	930.000
253.000	4115.200	1290.000
254.000	4115.300	1270.000
255.000	4115.400	1180.000
256.000	4115.500	1300.000
257.000	4115.600	1530.000
258.000	4115.700	1150.000
259.000	4115.800	1270.000
260.000	4115.900	1270.000
261.000	4116.000	1620.000
262.000	4116.100	1330.000
263.000	4116.200	1330.000
264.000	4116.300	1040.000
265.000	4116.400	1190.000
266.000	4116.500	1080.000
267.000	4116.600	1210.000
268.000	4116.700	1200.000
269.000	4116.800	1110.000
270.000	4116.900	1140.000
271.000	4117.000	1250.000
272.000	4117.100	1030.000
273.000	4117.200	1000.000
274.000	4117.300	1120.000
275.000	4117.400	1090.000
276.000	4117.500	970.000
277.000	4117.600	1400.000
278.000	4117.700	940.000
279.000	4117.800	1100.000
280.000	4117.900	1150.000
281.000	4118.000	1030.000
282.000	4118.100	1210.000
283.000	4118.200	1310.000
284.000	4118.300	1130.000
285.000	4118.400	1610.000
286.000	4118.500	1770.000
287.000	4118.600	1440.000
288.000	4118.700	1630.000
289.000	4118.800	1550.000
290.000	4118.900	1450.000
291.000	4119.000	1460.000
292.000	4119.100	1370.000
293.000	4119.200	1280.000
294.000	4119.300	1210.000
295.000	4119.400	1400.000
296.000	4119.500	1160.000
297.000	4119.600	1230.000
298.000	4119.700	1020.000
299.000	4119.800	1150.000
300.000	4119.900	1400.000
301.000	4120.000	1230.000
