1.000	4090.000	1332.000
2.000	4090.100	1242.000
3.000	4090.200	1170.000
4.000	4090.300	1334.000
5.000	4090.400	1186.000
6.000	4090.500	1172.000
7.000	4090.600	1248.000
8.000	4090.700	1156.000
9.000	4090.800	1096.000
10.000	4090.900	1194.000
11.000	4091.000	1232.000
12.000	4091.100	1166.000
13.000	4091.200	1212.000
14.000	4091.300	1236.000
15.000	4091.400	1144.000
16.000	4091.500	1464.000
17.000	4091.600	1168.000
18.000	4091.700	1176.000
19.000	4091.800	1230.000
20.000	4091.900	1248.000
21.000	4092.000	1134.000
22.000	4092.100	1122.000
23.000	4092.200	1270.000
24.000	4092.300	1078.000
25.000	4092.400	1232.000
26.000	4092.500	1238.000
27.000	4092.600	1192.000
28.000	4092.700	1144.000
29.000	4092.800	1202.000
30.000	4092.900	1126.000
31.000	4093.000	1222.000
32.000	4093.100	1092.000
33.000	4093.200	1226.000
34.000	4093.300	1174.000
35.000	4093.400	1190.000
36.000	4093.500	1214.000
37.000	4093.600	1298.000
38.000	4093.700	1166.000
39.000	4093.800	1154.000
40.000	4093.900	1172.000
41.000	4094.000	1128.000
42.000	4094.100	1150.000
43.000	4094.200	1114.000
44.000	4094.300	1154.000
45.000	4094.400	1242.000
46.000	4094.500	1190.000
47.000	4094.600	1186.000
48.000	4094.700	1224.000
49.000	4094.800	1220.000
50.000	4094.900	1214.000
51.000	4095.000	1414.000
52.000	4095.100	1614.000
53.000	4095.200	1764.000
54.000	4095.300	1670.000
55.000	4095.400	1676.000
56.000	4095.500	1472.000
57.000	4095.600	1302.000
58.000	4095.700	1218.000
59.000	4095.800	1114.000
60.000	4095.900	1186.000
61.000	4096.000	1206.000
62.000	4096.100	1174.000
63.000	4096.200	1112.000
64.000	4096.300	1192.000
65.000	4096.400	1200.000
66.000	4096.500	1158.000
67.000	4096.600	1184.000
68.000	4096.700	1230.000
69.000	4096.800	1264.000
70.000	4096.900	1306.000
71.000	4097.000	1234.000
72.000	4097.100	1280.000
73.000	4097.200	1154.000
74.000	4097.300	1168.000
75.000	4097.400	1228.000
76.000	4097.500	1184.000
77.000	4097.600	1296.000
78.000	4097.700	1362.000
79.000	4097.800	1318.000
80.000	4097.900	1416.000
81.000	4098.000	1360.000
82.000	4098.100	1406.000
83.000	4098.200	1334.000
84.000	4098.300	1258.000
85.000	4098.400	1334.000
86.000	4098.500	1408.000
87.000	4098.600	1594.000
88.000	4098.700	1630.000
89.000	4098.800	1704.000
90.000	4098.900	1476.000
91.000	4099.000	1392.000
92.000	4099.100	1316.000
93.000	4099.200	1242.000
94.000	4099.300	1090.000
95.000	4099.400	1214.000
96.000	4099.500	1214.000
97.000	4099.600	1176.000
98.000	4099.700	1124.000
99.000	4099.800	1194.000
100.000	4099.900	1542.000
101.000	4100.000	1608.000
102.000	4100.100	1848.000
103.000	4100.200	1716.000
104.000	4100.300	1538.000
105.000	4100.400	1670.000
106.000	4100.500	1714.000
107.000	4100.600	2022.000
108.000	4100.700	2342.000
109.000	4100.800	2594.000
110.000	4100.900	2284.000
111.000	4101.000	2006.000
112.000	4101.100	1862.000
113.000	4101.200	1430.000
114.000	4101.300	1390.000
115.000	4101.400	1202.000
116.000	4101.500	1276.000
117.000	4101.600	1104.000
118.000	4101.700	1128.000
119.000	4101.800	1080.000
120.000	4101.900	1188.000
121.000	4102.000	1130.000
122.000	4102.100	1140.000
123.000	4102.200	1120.000
124.000	4102.300	1034.000
125.000	4102.400	1140.000
126.000	4102.500	1164.000
127.000	4102.600	1144.000
128.000	4102.700	1188.000
129.000	4102.800	1222.000
130.000	4102.900	1290.000
131.000	4103.000	1308.000
132.000	4103.100	1358.000
133.000	4103.200	1294.000
134.000	4103.300	1382.000
135.000	4103.400	1342.000
136.000	4103.500	1320.000
137.000	4103.600	1196.000
138.000	4103.700	1282.000
139.000	4103.800	1186.000
140.000	4103.900	1126.000
141.000	4104.000	1170.000
142.000	4104.100	1164.000
143.000	4104.200	1150.000
144.000	4104.300	1208.000
145.000	4104.400	1098.000
146.000	4104.500	1210.000
147.000	4104.600	1382.000
148.000	4104.700	1790.000
149.000	4104.800	2206.000
150.000	4104.900	2608.000
151.000	4105.000	2552.000
152.000	4105.100	2130.000
153.000	4105.200	1816.000
154.000	4105.300	1684.000
155.000	4105.400	1416.000
156.000	4105.500	1402.000
157.000	4105.600	1378.000
158.000	4105.700	1272.000
159.000	4105.800	1242.000
160.000	4105.900	1242.000
161.000	4106.000	1230.000
162.000	4106.100	1192.000
163.000	4106.200	1306.000
164.000	4106.300	1326.000
165.000	4106.400	1200.000
166.000	4106.500	1080.000
167.000	4106.600	1176.000
168.000	4106.700	1082.000
169.000	4106.800	1138.000
170.000	4106.900	1030.000
171.000	4107.000	1156.000
172.000	4107.100	1066.000
173.000	4107.200	1148.000
174.000	4107.300	1228.000
175.000	4107.400	1208.000
176.000	4107.500	1414.000
177.000	4107.600	2158.000
178.000	4107.700	2592.000
179.000	4107.800	2576.000
180.000	4107.900	2862.000
181.000	4108.000	2204.000
182.000	4108.100	1894.000
183.000	4108.200	1584.000
184.000	4108.300	1396.000
185.000	4108.400	1282.000
186.000	4108.500	1148.000
187.000	4108.600	1242.000
188.000	4108.700	1082.000
189.000	4108.800	1168.000
190.000	4108.900	1064.000
191.000	4109.000	1172.000
192.000	4109.100	1176.000
193.000	4109.200	1192.000
194.000	4109.300	1226.000
195.000	4109.400	1476.000
196.000	4109.500	1958.000
197.000	4109.600	2262.000
198.000	4109.700	2200.000
199.000	4109.800	2214.000
200.000	4109.900	1784.000
201.000	4110.000	1558.000
202.000	4110.100	1452.000
203.000	4110.200	1318.000
204.000	4110.300	1164.000
205.000	4110.400	1156.000
206.000	4110.500	1082.000
207.000	4110.600	1178.000
208.000	4110.700	1294.000
209.000	4110.800	1512.000
210.000	4110.900	1698.000
211.000	4111.000	1904.000
212.000	4111.100	1946.000
213.000	4111.200	1734.000
214.000	4111.300	1532.000
215.000	4111.400	1220.000
216.000	4111.500	1318.000
217.000	4111.600	1200.000
218.000	4111.700	1136.000
219.000	4111.800	1190.000
220.000	4111.900	1262.000
221.000	4112.000	1328.000
222.000	4112.100	1596.000
223.000	4112.200	1610.000
224.000	4112.300	1518.000
225.000	4112.400	1366.000
226.000	4112.500	1402.000
227.000	4112.600	1234.000
228.000	4112.700	1188.000
229.000	4112.800	1116.000
230.000	4112.900	1120.000
231.000	4113.000	1100.000
232.000	4113.100	1122.000
233.000	4113.200	1118.000
234.000	4113.300	1204.000
235.000	4113.400	1102.000
236.000	4113.500	1158.000
237.000	4113.600	1130.000
238.000	4113.700	1184.000
239.000	4113.800	1140.000
240.000	4113.900	1236.000
241.000	4114.000	1302.000
242.000	4114.100	1252.000
243.000	4114.200	1264.000
244.000	4114.300	1196.000
245.000	4114.400	1164.000
246.000	4114.500	1234.000
247.000	4114.600	1206.000
248.000	4114.700	1246.000
249.000	4114.800	1142.000
250.000	4114.900	1020.000
251.000	4115.000	1052.000
252.000	4115.100	1122.000
253.000	4115.200	1142.000
254.000	4115.300	1184.000
255.000	4115.400	1172.000
256.000	4115.500	1304.000
257.000	4115.600	1128.000
258.000	4115.700	1218.000
259.000	4115.800	1248.000
260.000	4115.900	1246.000
261.000	4116.000	1292.000
262.000	4116.100	1320.000
263.000	4116.200	1298.000
264.000	4116.300	1252.000
265.000	4116.400	1246.000
266.000	4116.500	1156.000
267.000	4116.600	1158.000
268.000	4116.700	1098.000
269.000	4116.800	1116.000
270.000	4116.900	1054.000
271.000	4117.000	1118.000
272.000	4117.100	1082.000
273.000	4117.200	1076.000
274.000	4117.300	998.000
275.000	4117.400	1080.000
276.000	4117.500	1100.000
277.000	4117.600	1060.000
278.000	4117.700	956.000
279.000	4117.800	1124.000
280.000	4117.900	996.000
281.000	4118.000	1120.000
282.000	4118.100	1118.000
283.000	4118.200	1118.000
284.000	4118.300	1228.000
285.000	4118.400	1416.000
286.000	4118.500	1644.000
287.000	4118.600	1648.000
288.000	4118.700	1652.000
289.000	4118.800	1682.000
290.000	4118.900	1514.000
291.000	4119.000	1460.000
292.000	4119.100	1340.000
293.000	4119.200	1192.000
294.000	4119.300	1226.000
295.000	4119.400	1204.000
296.000	4119.500	1170.000
297.000	4119.600	1170.000
298.000	4119.700	1204.000
299.000	4119.800	1076.000
300.000	4119.900	1116.000
301.000	4120.000	1202.000
