1.000	4074.500	3380.000
2.000	4074.510	3262.000
3.000	4074.520	3282.000
4.000	4074.530	3474.000
5.000	4074.540	3512.000
6.000	4074.550	3492.000
7.000	4074.560	3480.000
8.000	4074.570	3480.000
9.000	4074.580	3404.000
10.000	4074.590	3484.000
11.000	4074.600	3494.000
12.000	4074.610	3592.000
13.000	4074.620	3558.000
14.000	4074.630	3568.000
15.000	4074.640	3610.000
16.000	4074.650	3686.000
17.000	4074.660	3570.000
18.000	4074.670	3556.000
19.000	4074.680	3616.000
20.000	4074.690	3880.000
21.000	4074.700	3708.000
22.000	4074.710	3812.000
23.000	4074.720	3714.000
24.000	4074.730	3668.000
25.000	4074.740	3808.000
26.000	4074.750	3790.000
27.000	4074.760	4040.000
28.000	4074.770	4014.000
29.000	4074.780	3930.000
30.000	4074.790	3894.000
31.000	4074.800	4134.000
32.000	4074.810	4212.000
33.000	4074.820	4060.000
34.000	4074.830	4072.000
35.000	4074.840	4022.000
36.000	4074.850	4200.000
37.000	4074.860	4170.000
38.000	4074.870	4194.000
39.000	4074.880	4232.000
40.000	4074.890	4188.000
41.000	4074.900	4070.000
42.000	4074.910	4138.000
43.000	4074.920	4200.000
44.000	4074.930	4138.000
45.000	4074.940	4242.000
46.000	4074.950	4072.000
47.000	4074.960	4172.000
48.000	4074.970	4152.000
49.000	4074.980	3990.000
50.000	4074.990	4170.000
51.000	4075.000	4066.000
52.000	4075.010	4156.000
53.000	4075.020	4014.000
54.000	4075.030	4200.000
55.000	4075.040	4146.000
56.000	4075.050	4096.000
57.000	4075.060	4086.000
58.000	4075.070	4068.000
59.000	4075.080	4202.000
60.000	4075.090	4094.000
61.000	4075.100	3856.000
62.000	4075.110	3876.000
63.000	4075.120	3824.000
64.000	4075.130	4004.000
65.000	4075.140	3974.000
66.000	4075.150	3842.000
67.000	4075.160	3698.000
68.000	4075.170	3706.000
69.000	4075.180	3628.000
70.000	4075.190	3600.000
71.000	4075.200	3612.000
72.000	4075.210	3704.000
73.000	4075.220	3500.000
74.000	4075.230	3502.000
75.000	4075.240	3514.000
76.000	4075.250	3262.000
77.000	4075.260	3470.000
78.000	4075.270	3204.000
79.000	4075.280	3188.000
80.000	4075.290	3302.000
81.000	4075.300	3012.000
82.000	4075.310	2964.000
83.000	4075.320	3072.000
84.000	4075.330	3220.000
85.000	4075.340	2942.000
86.000	4075.350	2848.000
87.000	4075.360	3006.000
88.000	4075.370	3022.000
89.000	4075.380	2892.000
90.000	4075.390	2822.000
91.000	4075.400	2930.000
92.000	4075.410	2748.000
93.000	4075.420	2826.000
94.000	4075.430	2828.000
95.000	4075.440	2788.000
96.000	4075.450	2632.000
97.000	4075.460	2710.000
98.000	4075.470	2664.000
99.000	4075.480	2598.000
100.000	4075.490	2750.000
101.000	4075.500	2636.000
102.000	4075.510	2682.000
103.000	4075.520	2522.000
104.000	4075.530	2700.000
105.000	4075.540	2604.000
106.000	4075.550	2702.000
107.000	4075.560	2774.000
108.000	4075.570	2712.000
109.000	4075.580	2600.000
110.000	4075.590	2700.000
111.000	4075.600	2752.000
112.000	4075.610	2944.000
113.000	4075.620	2710.000
114.000	4075.630	2832.000
115.000	4075.640	2732.000
116.000	4075.650	2788.000
117.000	4075.660	2866.000
118.000	4075.670	2862.000
119.000	4075.680	2916.000
120.000	4075.690	2846.000
121.000	4075.700	2746.000
122.000	4075.710	2846.000
123.000	4075.720	2826.000
124.000	4075.730	2940.000
125.000	4075.740	3026.000
126.000	4075.750	3006.000
127.000	4075.760	3004.000
128.000	4075.770	2904.000
129.000	4075.780	3042.000
130.000	4075.790	2880.000
131.000	4075.800	2834.000
132.000	4075.810	3084.000
133.000	4075.820	3048.000
134.000	4075.830	3130.000
135.000	4075.840	3196.000
136.000	4075.850	3292.000
137.000	4075.860	3222.000
138.000	4075.870	3182.000
139.000	4075.880	3144.000
140.000	4075.890	3224.000
141.000	4075.900	3142.000
142.000	4075.910	3184.000
143.000	4075.920	3234.000
144.000	4075.930	3272.000
145.000	4075.940	3124.000
146.000	4075.950	3266.000
147.000	4075.960	3398.000
148.000	4075.970	3332.000
149.000	4075.980	3366.000
150.000	4075.990	3512.000
151.000	4076.000	3604.000
152.000	4076.010	3586.000
153.000	4076.020	3456.000
154.000	4076.030	3376.000
155.000	4076.040	3412.000
156.000	4076.050	3484.000
157.000	4076.060	3438.000
158.000	4076.070	3518.000
159.000	4076.080	3630.000
160.000	4076.090	3498.000
161.000	4076.100	3496.000
162.000	4076.110	3618.000
163.000	4076.120	3718.000
164.000	4076.130	3650.000
165.000	4076.140	3694.000
166.000	4076.150	3796.000
167.000	4076.160	3820.000
168.000	4076.170	3694.000
169.000	4076.180	3678.000
170.000	4076.190	3954.000
171.000	4076.200	3796.000
172.000	4076.210	3886.000
173.000	4076.220	3768.000
174.000	4076.230	3862.000
175.000	4076.240	4030.000
176.000	4076.250	3768.000
177.000	4076.260	3820.000
178.000	4076.270	3918.000
179.000	4076.280	3714.000
180.000	4076.290	3822.000
181.000	4076.300	3666.000
182.000	4076.310	3734.000
183.000	4076.320	3584.000
184.000	4076.330	3680.000
185.000	4076.340	3566.000
186.000	4076.350	3674.000
187.000	4076.360	3490.000
188.000	4076.370	3600.000
189.000	4076.380	3508.000
190.000	4076.390	3468.000
191.000	4076.400	3454.000
192.000	4076.410	3452.000
193.000	4076.420	3370.000
194.000	4076.430	3340.000
195.000	4076.440	3378.000
196.000	4076.450	3128.000
197.000	4076.460	3124.000
198.000	4076.470	3386.000
199.000	4076.480	2996.000
200.000	4076.490	3170.000
201.000	4076.500	3000.000
202.000	4076.510	3160.000
203.000	4076.520	2898.000
204.000	4076.530	3066.000
205.000	4076.540	2890.000
206.000	4076.550	2930.000
207.000	4076.560	2864.000
208.000	4076.570	2684.000
209.000	4076.580	2724.000
210.000	4076.590	2708.000
211.000	4076.600	2756.000
212.000	4076.610	2594.000
213.000	4076.620	2584.000
214.000	4076.630	2594.000
215.000	4076.640	2732.000
216.000	4076.650	2622.000
217.000	4076.660	2546.000
218.000	4076.670	2448.000
219.000	4076.680	2566.000
220.000	4076.690	2626.000
221.000	4076.700	2500.000
222.000	4076.710	2556.000
223.000	4076.720	2580.000
224.000	4076.730	2540.000
225.000	4076.740	2498.000
226.000	4076.750	2628.000
227.000	4076.760	2556.000
228.000	4076.770	2520.000
229.000	4076.780	2488.000
230.000	4076.790	2534.000
231.000	4076.800	2500.000
