1.000	4020.000	2800.000
2.000	4020.500	3910.000
3.000	4021.000	4270.000
4.000	4021.500	2660.000
5.000	4022.000	2970.000
6.000	4022.500	3330.000
7.000	4023.000	3600.000
8.000	4023.500	2560.000
9.000	4024.000	2750.000
10.000	4024.500	2890.000
11.000	4025.000	4670.000
12.000	4025.500	2760.000
13.000	4026.000	3190.000
14.000	4026.500	3080.000
15.000	4027.000	2840.000
16.000	4027.500	3690.000
17.000	4028.000	4340.000
18.000	4028.500	3180.000
19.000	4029.000	3880.000
20.000	4029.500	3340.000
21.000	4030.000	4480.000
22.000	4030.500	2890.000
23.000	4031.000	3610.000
24.000	4031.500	2850.000
25.000	4032.000	3460.000
26.000	4032.500	4010.000
27.000	4033.000	3350.000
28.000	4033.500	4110.000
29.000	4034.000	4730.000
30.000	4034.500	3860.000
31.000	4035.000	2870.000
32.000	4035.500	3310.000
33.000	4036.000	3200.000
34.000	4036.500	4450.000
35.000	4037.000	5730.000
36.000	4037.500	3520.000
37.000	4038.000	4200.000
38.000	4038.500	2740.000
39.000	4039.000	2840.000
40.000	4039.500	2990.000
41.000	4040.000	3270.000
42.000	4040.500	3230.000
43.000	4041.000	4580.000
44.000	4041.500	3970.000
45.000	4042.000	2940.000
46.000	4042.500	2680.000
47.000	4043.000	2720.000
48.000	4043.500	3250.000
49.000	4044.000	5730.000
50.000	4044.500	2910.000
51.000	4045.000	2740.000
52.000	4045.500	3080.000
53.000	4046.000	2590.000
54.000	4046.500	2470.000
55.000	4047.000	2730.000
56.000	4047.500	2890.000
57.000	4048.000	2760.000
58.000	4048.500	3160.000
59.000	4049.000	2200.000
60.000	4049.500	2280.000
61.000	4050.000	2420.000
62.000	4050.500	2570.000
63.000	4051.000	2280.000
64.000	4051.500	2420.000
65.000	4052.000	2510.000
66.000	4052.500	2390.000
67.000	4053.000	3860.000
68.000	4053.500	2950.000
69.000	4054.000	2490.000
70.000	4054.500	2670.000
71.000	4055.000	2610.000
72.000	4055.500	2590.000
73.000	4056.000	2870.000
74.000	4056.500	2830.000
75.000	4057.000	2900.000
76.000	4057.500	2380.000
77.000	4058.000	2390.000
78.000	4058.500	2710.000
79.000	4059.000	2910.000
80.000	4059.500	2750.000
81.000	4060.000	2410.000
82.000	4060.500	2020.000
83.000	4061.000	2970.000
84.000	4061.500	2760.000
85.000	4062.000	3770.000
86.000	4062.500	3770.000
87.000	4063.000	2540.000
88.000	4063.500	2430.000
89.000	4064.000	2310.000
90.000	4064.500	2720.000
91.000	4065.000	2980.000
92.000	4065.500	2530.000
93.000	4066.000	2540.000
94.000	4066.500	2450.000
95.000	4067.000	2310.000
96.000	4067.500	2260.000
97.000	4068.000	2470.000
98.000	4068.500	2830.000
99.000	4069.000	2570.000
100.000	4069.500	2640.000
101.000	4070.000	2810.000
102.000	4070.500	2490.000
103.000	4071.000	2460.000
104.000	4071.500	2570.000
105.000	4072.000	2600.000
106.000	4072.500	2430.000
107.000	4073.000	2550.000
108.000	4073.500	2420.000
109.000	4074.000	2480.000
110.000	4074.500	2600.000
111.000	4075.000	3360.000
112.000	4075.500	2650.000
113.000	4076.000	3300.000
114.000	4076.500	2920.000
115.000	4077.000	2220.000
116.000	4077.500	2210.000
117.000	4078.000	2530.000
118.000	4078.500	2110.000
119.000	4079.000	2270.000
120.000	4079.500	2370.000
121.000	4080.000	3310.000
122.000	4080.500	2610.000
123.000	4081.000	2460.000
124.000	4081.500	2420.000
125.000	4082.000	2390.000
126.000	4082.500	2410.000
127.000	4083.000	2430.000
128.000	4083.500	2690.000
129.000	4084.000	2630.000
130.000	4084.500	2580.000
131.000	4085.000	2500.000
132.000	4085.500	2590.000
133.000	4086.000	2530.000
134.000	4086.500	2590.000
135.000	4087.000	2320.000
136.000	4087.500	2430.000
137.000	4088.000	2920.000
138.000	4088.500	2560.000
139.000	4089.000	2220.000
140.000	4089.500	2400.000
141.000	4090.000	2640.000
142.000	4090.500	2360.000
143.000	4091.000	1980.000
144.000	4091.500	2350.000
145.000	4092.000	2230.000
146.000	4092.500	2470.000
147.000	4093.000	1960.000
148.000	4093.500	2300.000
149.000	4094.000	2460.000
150.000	4094.500	2290.000
151.000	4095.000	2760.000
152.000	4095.500	3390.000
153.000	4096.000	1800.000
154.000	4096.500	2400.000
155.000	4097.000	2840.000
156.000	4097.500	2680.000
157.000	4098.000	2970.000
158.000	4098.500	2990.000
159.000	4099.000	3300.000
160.000	4099.500	2400.000
161.000	4100.000	2850.000
162.000	4100.500	4320.000
163.000	4101.000	4830.000
164.000	4101.500	2720.000
165.000	4102.000	2120.000
166.000	4102.500	2180.000
167.000	4103.000	2660.000
168.000	4103.500	2650.000
169.000	4104.000	2470.000
170.000	4104.500	2580.000
171.000	4105.000	4640.000
172.000	4105.500	2880.000
173.000	4106.000	2620.000
174.000	4106.500	2360.000
175.000	4107.000	2370.000
176.000	4107.500	3010.000
177.000	4108.000	5850.000
178.000	4108.500	2710.000
179.000	4109.000	2480.000
180.000	4109.500	3210.000
181.000	4110.000	4380.000
182.000	4110.500	2090.000
183.000	4111.000	3250.000
184.000	4111.500	3100.000
185.000	4112.000	2570.000
186.000	4112.500	2920.000
187.000	4113.000	2170.000
188.000	4113.500	2310.000
189.000	4114.000	2190.000
190.000	4114.500	2660.000
191.000	4115.000	2360.000
192.000	4115.500	2220.000
193.000	4116.000	2870.000
194.000	4116.500	2390.000
195.000	4117.000	2100.000
196.000	4117.500	2100.000
197.000	4118.000	2150.000
198.000	4118.500	3060.000
199.000	4119.000	3260.000
200.000	4119.500	2490.000
201.000	4120.000	2810.000
