1.000	4020.000	900.000
2.000	4021.000	890.000
3.000	4022.000	810.000
4.000	4023.000	770.000
5.000	4024.000	650.000
6.000	4025.000	880.000
7.000	4026.000	890.000
8.000	4027.000	730.000
9.000	4028.000	850.000
10.000	4029.000	970.000
11.000	4030.000	1210.000
12.000	4031.000	1150.000
13.000	4032.000	860.000
14.000	4033.000	950.000
15.000	4034.000	960.000
16.000	4035.000	780.000
17.000	4036.000	880.000
18.000	4037.000	1280.000
19.000	4038.000	890.000
20.000	4039.000	820.000
21.000	4040.000	760.000
22.000	4041.000	1170.000
23.000	4042.000	680.000
24.000	4043.000	580.000
25.000	4044.000	1330.000
26.000	4045.000	750.000
27.000	4046.000	660.000
28.000	4047.000	790.000
29.000	4048.000	790.000
30.000	4049.000	670.000
31.000	4050.000	880.000
32.000	4051.000	750.000
33.000	4052.000	790.000
34.000	4053.000	1070.000
35.000	4054.000	710.000
36.000	4055.000	710.000
37.000	4056.000	790.000
38.000	4057.000	480.000
39.000	4058.000	710.000
40.000	4059.000	700.000
41.000	4060.000	590.000
42.000	4061.000	800.000
43.000	4062.000	920.000
44.000	4063.000	690.000
45.000	4064.000	630.000
46.000	4065.000	690.000
47.000	4066.000	760.000
48.000	4067.000	640.000
49.000	4068.000	750.000
50.000	4069.000	800.000
51.000	4070.000	940.000
52.000	4071.000	610.000
53.000	4072.000	950.000
54.000	4073.000	700.000
55.000	4074.000	540.000
56.000	4075.000	940.000
57.000	4076.000	990.000
58.000	4077.000	730.000
59.000	4078.000	730.000
60.000	4079.000	890.000
61.000	4080.000	840.000
62.000	4081.000	610.000
63.000	4082.000	990.000
64.000	4083.000	650.000
65.000	4084.000	690.000
66.000	4085.000	730.000
67.000	4086.000	700.000
68.000	4087.000	480.000
69.000	4088.000	950.000
70.000	4089.000	700.000
71.000	4090.000	710.000
72.000	4091.000	710.000
73.000	4092.000	710.000
74.000	4093.000	790.000
75.000	4094.000	760.000
76.000	4095.000	1040.000
77.000	4096.000	670.000
78.000	4097.000	870.000
79.000	4098.000	710.000
80.000	4099.000	1150.000
81.000	4100.000	790.000
82.000	4101.000	1360.000
83.000	4102.000	960.000
84.000	4103.000	640.000
85.000	4104.000	710.000
86.000	4105.000	1380.000
87.000	4106.000	600.000
88.000	4107.000	680.000
89.000	4108.000	1610.000
90.000	4109.000	800.000
91.000	4110.000	1290.000
92.000	4111.000	910.000
93.000	4112.000	640.000
94.000	4113.000	610.000
95.000	4114.000	710.000
96.000	4115.000	650.000
97.000	4116.000	910.000
98.000	4117.000	680.000
99.000	4118.000	600.000
100.000	4119.000	820.000
101.000	4120.000	520.000
