1.000	4073.800	354.000
2.000	4073.803	350.000
3.000	4073.805	292.000
4.000	4073.808	352.000
5.000	4073.810	384.000
6.000	4073.812	354.000
7.000	4073.815	360.000
8.000	4073.818	326.000
9.000	4073.820	332.000
10.000	4073.823	348.000
11.000	4073.825	324.000
12.000	4073.828	340.000
13.000	4073.830	392.000
14.000	4073.832	360.000
15.000	4073.835	348.000
16.000	4073.838	360.000
17.000	4073.840	336.000
18.000	4073.843	326.000
19.000	4073.845	358.000
20.000	4073.848	382.000
21.000	4073.850	328.000
22.000	4073.852	400.000
23.000	4073.855	326.000
24.000	4073.858	340.000
25.000	4073.860	368.000
26.000	4073.863	364.000
27.000	4073.865	350.000
28.000	4073.868	332.000
29.000	4073.870	364.000
30.000	4073.873	366.000
31.000	4073.875	316.000
32.000	4073.878	360.000
33.000	4073.880	342.000
34.000	4073.883	316.000
35.000	4073.885	346.000
36.000	4073.888	326.000
37.000	4073.890	382.000
38.000	4073.893	340.000
39.000	4073.895	364.000
40.000	4073.898	364.000
41.000	4073.900	314.000
42.000	4073.903	364.000
43.000	4073.905	388.000
44.000	4073.908	380.000
45.000	4073.910	368.000
46.000	4073.913	302.000
47.000	4073.915	340.000
48.000	4073.918	376.000
49.000	4073.920	330.000
50.000	4073.923	326.000
51.000	4073.925	302.000
52.000	4073.928	354.000
53.000	4073.930	396.000
54.000	4073.933	306.000
55.000	4073.935	360.000
56.000	4073.937	348.000
57.000	4073.940	344.000
58.000	4073.943	306.000
59.000	4073.945	336.000
60.000	4073.948	366.000
61.000	4073.950	346.000
62.000	4073.953	296.000
63.000	4073.955	316.000
64.000	4073.957	366.000
65.000	4073.960	388.000
66.000	4073.963	390.000
67.000	4073.965	354.000
68.000	4073.968	330.000
69.000	4073.970	316.000
70.000	4073.973	344.000
71.000	4073.975	296.000
72.000	4073.977	334.000
73.000	4073.980	316.000
74.000	4073.983	338.000
75.000	4073.985	342.000
76.000	4073.988	368.000
77.000	4073.990	312.000
78.000	4073.993	326.000
79.000	4073.995	388.000
80.000	4073.998	330.000
81.000	4074.000	350.000
82.000	4074.003	410.000
83.000	4074.005	328.000
84.000	4074.008	346.000
85.000	4074.010	372.000
86.000	4074.013	346.000
87.000	4074.015	404.000
88.000	4074.018	372.000
89.000	4074.020	330.000
90.000	4074.023	358.000
91.000	4074.025	322.000
92.000	4074.028	366.000
93.000	4074.030	314.000
94.000	4074.033	322.000
95.000	4074.035	388.000
96.000	4074.038	346.000
97.000	4074.040	362.000
98.000	4074.043	322.000
99.000	4074.045	334.000
100.000	4074.048	362.000
101.000	4074.050	334.000
102.000	4074.053	390.000
103.000	4074.055	350.000
104.000	4074.058	282.000
105.000	4074.060	368.000
106.000	4074.062	346.000
107.000	4074.065	368.000
108.000	4074.068	404.000
109.000	4074.070	334.000
110.000	4074.073	312.000
111.000	4074.075	332.000
112.000	4074.078	334.000
113.000	4074.080	358.000
114.000	4074.082	330.000
115.000	4074.085	394.000
116.000	4074.088	374.000
117.000	4074.090	358.000
118.000	4074.093	356.000
119.000	4074.095	350.000
120.000	4074.098	340.000
121.000	4074.100	314.000
122.000	4074.102	340.000
123.000	4074.105	318.000
124.000	4074.108	344.000
125.000	4074.110	332.000
126.000	4074.113	338.000
127.000	4074.115	370.000
128.000	4074.118	378.000
129.000	4074.120	360.000
130.000	4074.123	312.000
131.000	4074.125	372.000
132.000	4074.128	322.000
133.000	4074.130	346.000
134.000	4074.133	304.000
135.000	4074.135	390.000
136.000	4074.138	358.000
137.000	4074.140	394.000
138.000	4074.143	354.000
139.000	4074.145	356.000
140.000	4074.148	386.000
141.000	4074.150	308.000
142.000	4074.153	316.000
143.000	4074.155	352.000
144.000	4074.158	306.000
145.000	4074.160	350.000
146.000	4074.163	350.000
147.000	4074.165	376.000
148.000	4074.168	356.000
149.000	4074.170	330.000
150.000	4074.173	340.000
151.000	4074.175	414.000
152.000	4074.178	332.000
153.000	4074.180	354.000
154.000	4074.183	324.000
155.000	4074.185	380.000
156.000	4074.187	332.000
157.000	4074.190	358.000
158.000	4074.193	340.000
159.000	4074.195	370.000
160.000	4074.198	316.000
161.000	4074.200	354.000
162.000	4074.203	266.000
163.000	4074.205	384.000
164.000	4074.207	346.000
165.000	4074.210	318.000
166.000	4074.213	344.000
167.000	4074.215	342.000
168.000	4074.218	358.000
169.000	4074.220	410.000
170.000	4074.223	364.000
171.000	4074.225	294.000
172.000	4074.227	350.000
173.000	4074.230	332.000
174.000	4074.233	364.000
175.000	4074.235	360.000
176.000	4074.238	338.000
177.000	4074.240	296.000
178.000	4074.243	312.000
179.000	4074.245	366.000
180.000	4074.248	350.000
181.000	4074.250	362.000
182.000	4074.253	388.000
183.000	4074.255	374.000
184.000	4074.258	330.000
185.000	4074.260	352.000
186.000	4074.263	356.000
187.000	4074.265	406.000
188.000	4074.268	300.000
189.000	4074.270	360.000
190.000	4074.273	344.000
191.000	4074.275	382.000
192.000	4074.278	306.000
193.000	4074.280	310.000
194.000	4074.283	304.000
195.000	4074.285	340.000
196.000	4074.288	354.000
197.000	4074.290	358.000
198.000	4074.293	312.000
199.000	4074.295	376.000
200.000	4074.298	326.000
201.000	4074.300	342.000
202.000	4074.303	296.000
203.000	4074.305	334.000
204.000	4074.308	350.000
205.000	4074.310	338.000
206.000	4074.312	346.000
207.000	4074.315	384.000
208.000	4074.318	406.000
209.000	4074.320	382.000
210.000	4074.323	356.000
211.000	4074.325	304.000
212.000	4074.328	360.000
213.000	4074.330	348.000
214.000	4074.332	404.000
215.000	4074.335	342.000
216.000	4074.338	366.000
217.000	4074.340	368.000
218.000	4074.343	372.000
219.000	4074.345	374.000
220.000	4074.348	300.000
221.000	4074.350	388.000
222.000	4074.352	324.000
223.000	4074.355	340.000
224.000	4074.358	350.000
225.000	4074.360	344.000
226.000	4074.363	406.000
227.000	4074.365	350.000
228.000	4074.368	348.000
229.000	4074.370	398.000
230.000	4074.373	322.000
231.000	4074.375	338.000
232.000	4074.378	372.000
233.000	4074.380	382.000
234.000	4074.383	338.000
235.000	4074.385	404.000
236.000	4074.388	346.000
237.000	4074.390	346.000
238.000	4074.393	320.000
239.000	4074.395	350.000
240.000	4074.398	364.000
241.000	4074.400	362.000
242.000	4074.403	350.000
243.000	4074.405	350.000
244.000	4074.408	420.000
245.000	4074.410	348.000
246.000	4074.413	280.000
247.000	4074.415	324.000
248.000	4074.418	404.000
249.000	4074.420	276.000
250.000	4074.423	344.000
251.000	4074.425	320.000
252.000	4074.428	332.000
253.000	4074.430	368.000
254.000	4074.433	288.000
255.000	4074.435	344.000
256.000	4074.437	338.000
257.000	4074.440	342.000
258.000	4074.443	362.000
259.000	4074.445	350.000
260.000	4074.448	342.000
261.000	4074.450	376.000
262.000	4074.453	364.000
263.000	4074.455	370.000
264.000	4074.457	324.000
265.000	4074.460	334.000
266.000	4074.463	336.000
267.000	4074.465	324.000
268.000	4074.468	306.000
269.000	4074.470	360.000
270.000	4074.473	392.000
271.000	4074.475	374.000
272.000	4074.477	332.000
273.000	4074.480	378.000
274.000	4074.483	392.000
275.000	4074.485	356.000
276.000	4074.488	394.000
277.000	4074.490	412.000
278.000	4074.493	348.000
279.000	4074.495	370.000
280.000	4074.498	312.000
281.000	4074.500	354.000
282.000	4074.503	356.000
283.000	4074.505	394.000
284.000	4074.508	386.000
285.000	4074.510	358.000
286.000	4074.513	344.000
287.000	4074.515	398.000
288.000	4074.518	320.000
289.000	4074.520	354.000
290.000	4074.523	326.000
291.000	4074.525	400.000
292.000	4074.528	358.000
293.000	4074.530	380.000
294.000	4074.533	350.000
295.000	4074.535	332.000
296.000	4074.538	368.000
297.000	4074.540	374.000
298.000	4074.543	376.000
299.000	4074.545	378.000
300.000	4074.548	324.000
301.000	4074.550	396.000
302.000	4074.553	366.000
303.000	4074.555	338.000
304.000	4074.558	432.000
305.000	4074.560	332.000
306.000	4074.562	320.000
307.000	4074.565	318.000
308.000	4074.568	366.000
309.000	4074.570	424.000
310.000	4074.573	364.000
311.000	4074.575	318.000
312.000	4074.578	414.000
313.000	4074.580	410.000
314.000	4074.582	344.000
315.000	4074.585	402.000
316.000	4074.588	382.000
317.000	4074.590	390.000
318.000	4074.593	350.000
319.000	4074.595	374.000
320.000	4074.598	382.000
321.000	4074.600	352.000
322.000	4074.602	378.000
323.000	4074.605	354.000
324.000	4074.608	386.000
325.000	4074.610	334.000
326.000	4074.613	336.000
327.000	4074.615	350.000
328.000	4074.618	378.000
329.000	4074.620	358.000
330.000	4074.623	386.000
331.000	4074.625	410.000
332.000	4074.628	332.000
333.000	4074.630	360.000
334.000	4074.633	336.000
335.000	4074.635	406.000
336.000	4074.638	336.000
337.000	4074.640	336.000
338.000	4074.643	410.000
339.000	4074.645	380.000
340.000	4074.648	390.000
341.000	4074.650	338.000
342.000	4074.653	376.000
343.000	4074.655	418.000
344.000	4074.658	424.000
345.000	4074.660	384.000
346.000	4074.663	410.000
347.000	4074.665	366.000
348.000	4074.668	388.000
349.000	4074.670	412.000
350.000	4074.673	408.000
351.000	4074.675	370.000
352.000	4074.678	384.000
353.000	4074.680	464.000
354.000	4074.683	358.000
355.000	4074.685	390.000
356.000	4074.687	368.000
357.000	4074.690	424.000
358.000	4074.693	366.000
359.000	4074.695	376.000
360.000	4074.698	378.000
361.000	4074.700	380.000
362.000	4074.703	430.000
363.000	4074.705	386.000
364.000	4074.707	368.000
365.000	4074.710	360.000
366.000	4074.713	392.000
367.000	4074.715	434.000
368.000	4074.718	456.000
369.000	4074.720	382.000
370.000	4074.723	468.000
371.000	4074.725	430.000
372.000	4074.727	446.000
373.000	4074.730	408.000
374.000	4074.733	382.000
375.000	4074.735	440.000
376.000	4074.738	440.000
377.000	4074.740	444.000
378.000	4074.743	450.000
379.000	4074.745	460.000
380.000	4074.748	476.000
381.000	4074.750	410.000
382.000	4074.753	456.000
383.000	4074.755	514.000
384.000	4074.758	504.000
385.000	4074.760	476.000
386.000	4074.763	474.000
387.000	4074.765	440.000
388.000	4074.768	440.000
389.000	4074.770	476.000
390.000	4074.773	468.000
391.000	4074.775	426.000
392.000	4074.778	436.000
393.000	4074.780	446.000
394.000	4074.783	504.000
395.000	4074.785	416.000
396.000	4074.788	502.000
397.000	4074.790	464.000
398.000	4074.793	402.000
399.000	4074.795	482.000
400.000	4074.798	474.000
401.000	4074.800	518.000
402.000	4074.803	508.000
403.000	4074.805	458.000
404.000	4074.808	446.000
405.000	4074.810	514.000
406.000	4074.812	488.000
407.000	4074.815	508.000
408.000	4074.818	506.000
409.000	4074.820	510.000
410.000	4074.823	554.000
411.000	4074.825	584.000
412.000	4074.828	504.000
413.000	4074.830	492.000
414.000	4074.832	546.000
415.000	4074.835	566.000
416.000	4074.838	538.000
417.000	4074.840	500.000
418.000	4074.843	474.000
419.000	4074.845	520.000
420.000	4074.848	486.000
421.000	4074.850	444.000
422.000	4074.852	536.000
423.000	4074.855	488.000
424.000	4074.858	544.000
425.000	4074.860	486.000
426.000	4074.863	502.000
427.000	4074.865	428.000
428.000	4074.868	496.000
429.000	4074.870	484.000
430.000	4074.873	548.000
431.000	4074.875	420.000
432.000	4074.878	442.000
433.000	4074.880	548.000
434.000	4074.883	442.000
435.000	4074.885	510.000
436.000	4074.888	490.000
437.000	4074.890	502.000
438.000	4074.893	478.000
439.000	4074.895	510.000
440.000	4074.898	548.000
441.000	4074.900	570.000
442.000	4074.903	524.000
443.000	4074.905	512.000
444.000	4074.908	490.000
445.000	4074.910	450.000
446.000	4074.913	468.000
447.000	4074.915	440.000
448.000	4074.918	440.000
449.000	4074.920	426.000
450.000	4074.923	482.000
451.000	4074.925	428.000
452.000	4074.928	412.000
453.000	4074.930	480.000
454.000	4074.933	430.000
455.000	4074.935	446.000
456.000	4074.937	438.000
457.000	4074.940	452.000
458.000	4074.943	438.000
459.000	4074.945	402.000
460.000	4074.948	456.000
461.000	4074.950	434.000
462.000	4074.953	454.000
463.000	4074.955	418.000
464.000	4074.957	430.000
465.000	4074.960	456.000
466.000	4074.963	480.000
467.000	4074.965	396.000
468.000	4074.968	424.000
469.000	4074.970	456.000
470.000	4074.973	494.000
471.000	4074.975	414.000
472.000	4074.977	448.000
473.000	4074.980	440.000
474.000	4074.983	428.000
475.000	4074.985	474.000
476.000	4074.988	494.000
477.000	4074.990	516.000
478.000	4074.993	430.000
479.000	4074.995	442.000
480.000	4074.998	464.000
481.000	4075.000	460.000
482.000	4075.003	410.000
483.000	4075.005	456.000
484.000	4075.008	466.000
485.000	4075.010	438.000
486.000	4075.013	376.000
487.000	4075.015	452.000
488.000	4075.018	402.000
489.000	4075.020	448.000
490.000	4075.023	416.000
491.000	4075.025	422.000
492.000	4075.028	394.000
493.000	4075.030	390.000
494.000	4075.033	392.000
495.000	4075.035	384.000
496.000	4075.038	374.000
497.000	4075.040	438.000
498.000	4075.043	452.000
499.000	4075.045	414.000
500.000	4075.048	468.000
501.000	4075.050	418.000
502.000	4075.053	440.000
503.000	4075.055	406.000
504.000	4075.058	368.000
505.000	4075.060	450.000
506.000	4075.062	460.000
507.000	4075.065	454.000
508.000	4075.068	422.000
509.000	4075.070	420.000
510.000	4075.073	400.000
511.000	4075.075	396.000
512.000	4075.078	392.000
513.000	4075.080	402.000
514.000	4075.082	426.000
515.000	4075.085	346.000
516.000	4075.088	440.000
517.000	4075.090	434.000
518.000	4075.093	416.000
519.000	4075.095	348.000
520.000	4075.098	394.000
521.000	4075.100	432.000
522.000	4075.102	462.000
523.000	4075.105	370.000
524.000	4075.108	324.000
525.000	4075.110	350.000
526.000	4075.113	442.000
527.000	4075.115	406.000
528.000	4075.118	410.000
529.000	4075.120	432.000
530.000	4075.123	452.000
531.000	4075.125	408.000
532.000	4075.128	366.000
533.000	4075.130	354.000
534.000	4075.133	380.000
535.000	4075.135	396.000
536.000	4075.138	386.000
537.000	4075.140	376.000
538.000	4075.143	352.000
539.000	4075.145	420.000
540.000	4075.148	378.000
541.000	4075.150	428.000
542.000	4075.153	416.000
543.000	4075.155	380.000
544.000	4075.158	352.000
545.000	4075.160	440.000
546.000	4075.163	416.000
547.000	4075.165	362.000
548.000	4075.168	382.000
549.000	4075.170	386.000
550.000	4075.173	354.000
551.000	4075.175	394.000
552.000	4075.178	394.000
553.000	4075.180	342.000
554.000	4075.183	378.000
555.000	4075.185	402.000
556.000	4075.187	402.000
557.000	4075.190	350.000
558.000	4075.193	356.000
559.000	4075.195	366.000
560.000	4075.198	450.000
561.000	4075.200	344.000
562.000	4075.203	334.000
563.000	4075.205	366.000
564.000	4075.207	372.000
565.000	4075.210	372.000
566.000	4075.213	372.000
567.000	4075.215	400.000
568.000	4075.218	416.000
569.000	4075.220	366.000
570.000	4075.223	336.000
571.000	4075.225	386.000
572.000	4075.227	346.000
573.000	4075.230	414.000
574.000	4075.233	326.000
575.000	4075.235	346.000
576.000	4075.238	368.000
577.000	4075.240	358.000
578.000	4075.243	358.000
579.000	4075.245	310.000
580.000	4075.248	374.000
581.000	4075.250	364.000
582.000	4075.253	336.000
583.000	4075.255	364.000
584.000	4075.258	382.000
585.000	4075.260	360.000
586.000	4075.263	334.000
587.000	4075.265	320.000
588.000	4075.268	400.000
589.000	4075.270	366.000
590.000	4075.273	386.000
591.000	4075.275	416.000
592.000	4075.278	364.000
593.000	4075.280	362.000
594.000	4075.283	464.000
595.000	4075.285	332.000
596.000	4075.288	364.000
597.000	4075.290	382.000
598.000	4075.293	376.000
599.000	4075.295	356.000
600.000	4075.298	378.000
601.000	4075.300	334.000
602.000	4075.303	348.000
603.000	4075.305	346.000
604.000	4075.308	364.000
605.000	4075.310	318.000
606.000	4075.312	364.000
607.000	4075.315	312.000
608.000	4075.318	350.000
609.000	4075.320	376.000
610.000	4075.323	342.000
611.000	4075.325	384.000
612.000	4075.328	328.000
613.000	4075.330	316.000
614.000	4075.332	380.000
615.000	4075.335	322.000
616.000	4075.338	300.000
617.000	4075.340	290.000
618.000	4075.343	372.000
619.000	4075.345	380.000
620.000	4075.348	336.000
621.000	4075.350	300.000
622.000	4075.352	338.000
623.000	4075.355	360.000
624.000	4075.358	354.000
625.000	4075.360	346.000
626.000	4075.363	332.000
627.000	4075.365	380.000
628.000	4075.368	370.000
629.000	4075.370	380.000
630.000	4075.373	256.000
631.000	4075.375	304.000
632.000	4075.378	334.000
633.000	4075.380	378.000
634.000	4075.383	350.000
635.000	4075.385	348.000
636.000	4075.388	368.000
637.000	4075.390	372.000
638.000	4075.393	356.000
639.000	4075.395	360.000
640.000	4075.398	356.000
641.000	4075.400	340.000
642.000	4075.403	376.000
643.000	4075.405	344.000
644.000	4075.408	360.000
645.000	4075.410	368.000
646.000	4075.413	388.000
647.000	4075.415	332.000
648.000	4075.418	338.000
649.000	4075.420	390.000
650.000	4075.423	318.000
651.000	4075.425	318.000
652.000	4075.428	348.000
653.000	4075.430	274.000
654.000	4075.433	340.000
655.000	4075.435	346.000
656.000	4075.437	334.000
657.000	4075.440	376.000
658.000	4075.443	308.000
659.000	4075.445	408.000
660.000	4075.448	350.000
661.000	4075.450	342.000
662.000	4075.453	346.000
663.000	4075.455	376.000
664.000	4075.457	302.000
665.000	4075.460	326.000
666.000	4075.463	308.000
667.000	4075.465	340.000
668.000	4075.468	344.000
669.000	4075.470	350.000
670.000	4075.473	316.000
671.000	4075.475	404.000
672.000	4075.477	370.000
673.000	4075.480	384.000
674.000	4075.483	320.000
675.000	4075.485	348.000
676.000	4075.488	290.000
677.000	4075.490	348.000
678.000	4075.493	346.000
679.000	4075.495	378.000
680.000	4075.498	380.000
681.000	4075.500	364.000
682.000	4075.503	364.000
683.000	4075.505	308.000
684.000	4075.508	396.000
685.000	4075.510	346.000
686.000	4075.513	340.000
687.000	4075.515	332.000
688.000	4075.518	364.000
689.000	4075.520	324.000
690.000	4075.523	340.000
691.000	4075.525	354.000
692.000	4075.528	360.000
693.000	4075.530	350.000
694.000	4075.533	362.000
695.000	4075.535	344.000
696.000	4075.538	362.000
697.000	4075.540	336.000
698.000	4075.543	354.000
699.000	4075.545	366.000
700.000	4075.548	320.000
701.000	4075.550	300.000
702.000	4075.553	332.000
703.000	4075.555	354.000
704.000	4075.558	378.000
705.000	4075.560	336.000
706.000	4075.562	380.000
707.000	4075.565	312.000
708.000	4075.568	364.000
709.000	4075.570	304.000
710.000	4075.573	368.000
711.000	4075.575	330.000
712.000	4075.578	382.000
713.000	4075.580	284.000
714.000	4075.582	396.000
715.000	4075.585	302.000
716.000	4075.588	342.000
717.000	4075.590	372.000
718.000	4075.593	294.000
719.000	4075.595	328.000
720.000	4075.598	388.000
721.000	4075.600	270.000
722.000	4075.602	348.000
723.000	4075.605	388.000
724.000	4075.608	346.000
725.000	4075.610	432.000
726.000	4075.613	344.000
727.000	4075.615	340.000
728.000	4075.618	374.000
729.000	4075.620	324.000
730.000	4075.623	324.000
731.000	4075.625	420.000
732.000	4075.628	366.000
733.000	4075.630	408.000
734.000	4075.633	396.000
735.000	4075.635	338.000
736.000	4075.638	346.000
737.000	4075.640	396.000
738.000	4075.643	378.000
739.000	4075.645	394.000
740.000	4075.648	356.000
741.000	4075.650	362.000
742.000	4075.653	390.000
743.000	4075.655	356.000
744.000	4075.658	378.000
745.000	4075.660	380.000
746.000	4075.663	332.000
747.000	4075.665	318.000
748.000	4075.668	328.000
749.000	4075.670	416.000
750.000	4075.673	364.000
751.000	4075.675	434.000
752.000	4075.678	364.000
753.000	4075.680	326.000
754.000	4075.683	380.000
755.000	4075.685	362.000
756.000	4075.687	330.000
757.000	4075.690	346.000
758.000	4075.693	384.000
759.000	4075.695	310.000
760.000	4075.698	336.000
761.000	4075.700	384.000
762.000	4075.703	428.000
763.000	4075.705	398.000
764.000	4075.707	374.000
765.000	4075.710	336.000
766.000	4075.713	390.000
767.000	4075.715	370.000
768.000	4075.718	314.000
769.000	4075.720	368.000
770.000	4075.723	390.000
771.000	4075.725	354.000
772.000	4075.727	350.000
773.000	4075.730	370.000
774.000	4075.733	318.000
775.000	4075.735	364.000
776.000	4075.738	388.000
777.000	4075.740	360.000
778.000	4075.743	358.000
779.000	4075.745	350.000
780.000	4075.748	358.000
781.000	4075.750	364.000
782.000	4075.753	302.000
783.000	4075.755	400.000
784.000	4075.758	370.000
785.000	4075.760	396.000
786.000	4075.763	314.000
787.000	4075.765	340.000
788.000	4075.768	328.000
789.000	4075.770	424.000
790.000	4075.773	358.000
791.000	4075.775	378.000
792.000	4075.778	402.000
793.000	4075.780	316.000
794.000	4075.783	310.000
795.000	4075.785	342.000
796.000	4075.788	356.000
797.000	4075.790	396.000
798.000	4075.793	350.000
799.000	4075.795	384.000
800.000	4075.798	340.000
801.000	4075.800	366.000
802.000	4075.803	340.000
803.000	4075.805	408.000
804.000	4075.808	334.000
805.000	4075.810	330.000
806.000	4075.812	338.000
807.000	4075.815	390.000
808.000	4075.818	404.000
809.000	4075.820	354.000
810.000	4075.823	364.000
811.000	4075.825	362.000
812.000	4075.828	374.000
813.000	4075.830	378.000
814.000	4075.832	352.000
815.000	4075.835	346.000
816.000	4075.838	366.000
817.000	4075.840	374.000
818.000	4075.843	400.000
819.000	4075.845	424.000
820.000	4075.848	362.000
821.000	4075.850	408.000
822.000	4075.852	382.000
823.000	4075.855	386.000
824.000	4075.858	372.000
825.000	4075.860	384.000
826.000	4075.863	436.000
827.000	4075.865	420.000
828.000	4075.868	372.000
829.000	4075.870	468.000
830.000	4075.873	324.000
831.000	4075.875	418.000
832.000	4075.878	388.000
833.000	4075.880	412.000
834.000	4075.883	432.000
835.000	4075.885	378.000
836.000	4075.888	376.000
837.000	4075.890	388.000
838.000	4075.893	440.000
839.000	4075.895	430.000
840.000	4075.898	378.000
841.000	4075.900	334.000
842.000	4075.903	326.000
843.000	4075.905	448.000
844.000	4075.908	280.000
845.000	4075.910	390.000
846.000	4075.913	394.000
847.000	4075.915	410.000
848.000	4075.918	412.000
849.000	4075.920	398.000
850.000	4075.923	436.000
851.000	4075.925	404.000
852.000	4075.928	440.000
853.000	4075.930	460.000
854.000	4075.933	434.000
855.000	4075.935	408.000
856.000	4075.937	396.000
857.000	4075.940	438.000
858.000	4075.943	398.000
859.000	4075.945	398.000
860.000	4075.948	428.000
861.000	4075.950	484.000
862.000	4075.953	410.000
863.000	4075.955	456.000
864.000	4075.957	454.000
865.000	4075.960	396.000
866.000	4075.963	414.000
867.000	4075.965	404.000
868.000	4075.968	458.000
869.000	4075.970	444.000
870.000	4075.973	520.000
871.000	4075.975	488.000
872.000	4075.977	466.000
873.000	4075.980	486.000
874.000	4075.983	436.000
875.000	4075.985	414.000
876.000	4075.988	382.000
877.000	4075.990	422.000
878.000	4075.993	414.000
879.000	4075.995	458.000
880.000	4075.998	448.000
881.000	4076.000	460.000
882.000	4076.003	510.000
883.000	4076.005	424.000
884.000	4076.008	460.000
885.000	4076.010	450.000
886.000	4076.013	492.000
887.000	4076.015	440.000
888.000	4076.018	386.000
889.000	4076.020	432.000
890.000	4076.023	426.000
891.000	4076.025	464.000
892.000	4076.028	480.000
893.000	4076.030	422.000
894.000	4076.033	424.000
895.000	4076.035	448.000
896.000	4076.038	488.000
897.000	4076.040	440.000
898.000	4076.043	462.000
899.000	4076.045	410.000
900.000	4076.048	492.000
901.000	4076.050	542.000
902.000	4076.053	452.000
903.000	4076.055	484.000
904.000	4076.058	478.000
905.000	4076.060	408.000
906.000	4076.062	382.000
907.000	4076.065	432.000
908.000	4076.068	426.000
909.000	4076.070	432.000
910.000	4076.073	426.000
911.000	4076.075	444.000
912.000	4076.078	408.000
913.000	4076.080	428.000
914.000	4076.082	472.000
915.000	4076.085	466.000
916.000	4076.088	496.000
917.000	4076.090	500.000
918.000	4076.093	496.000
919.000	4076.095	422.000
920.000	4076.098	422.000
921.000	4076.100	426.000
922.000	4076.102	444.000
923.000	4076.105	478.000
924.000	4076.108	448.000
925.000	4076.110	440.000
926.000	4076.113	458.000
927.000	4076.115	456.000
928.000	4076.118	420.000
929.000	4076.120	464.000
930.000	4076.123	456.000
931.000	4076.125	422.000
932.000	4076.128	418.000
933.000	4076.130	468.000
934.000	4076.133	488.000
935.000	4076.135	456.000
936.000	4076.138	454.000
937.000	4076.140	494.000
938.000	4076.143	454.000
939.000	4076.145	476.000
940.000	4076.148	506.000
941.000	4076.150	410.000
942.000	4076.153	494.000
943.000	4076.155	446.000
944.000	4076.158	414.000
945.000	4076.160	424.000
946.000	4076.163	430.000
947.000	4076.165	438.000
948.000	4076.168	446.000
949.000	4076.170	442.000
950.000	4076.173	448.000
951.000	4076.175	428.000
952.000	4076.178	440.000
953.000	4076.180	452.000
954.000	4076.183	416.000
955.000	4076.185	426.000
956.000	4076.187	412.000
957.000	4076.190	442.000
958.000	4076.193	450.000
959.000	4076.195	460.000
960.000	4076.198	422.000
961.000	4076.200	420.000
962.000	4076.203	418.000
963.000	4076.205	428.000
964.000	4076.207	362.000
965.000	4076.210	440.000
966.000	4076.213	480.000
967.000	4076.215	396.000
968.000	4076.218	362.000
969.000	4076.220	384.000
970.000	4076.223	372.000
971.000	4076.225	374.000
972.000	4076.227	410.000
973.000	4076.230	412.000
974.000	4076.233	338.000
975.000	4076.235	340.000
976.000	4076.238	394.000
977.000	4076.240	396.000
978.000	4076.243	404.000
979.000	4076.245	398.000
980.000	4076.248	358.000
981.000	4076.250	388.000
982.000	4076.253	414.000
983.000	4076.255	352.000
984.000	4076.258	380.000
985.000	4076.260	310.000
986.000	4076.263	364.000
987.000	4076.265	384.000
988.000	4076.268	446.000
989.000	4076.270	400.000
990.000	4076.273	324.000
991.000	4076.275	374.000
992.000	4076.278	348.000
993.000	4076.280	410.000
994.000	4076.283	388.000
995.000	4076.285	376.000
996.000	4076.288	358.000
997.000	4076.290	356.000
998.000	4076.293	422.000
999.000	4076.295	356.000
1000.000	4076.298	352.000
1001.000	4076.300	372.000
1002.000	4076.303	412.000
1003.000	4076.305	352.000
1004.000	4076.308	394.000
1005.000	4076.310	344.000
1006.000	4076.312	364.000
1007.000	4076.315	392.000
1008.000	4076.318	366.000
1009.000	4076.320	426.000
1010.000	4076.323	394.000
1011.000	4076.325	348.000
1012.000	4076.328	360.000
1013.000	4076.330	362.000
1014.000	4076.332	362.000
1015.000	4076.335	342.000
1016.000	4076.338	402.000
1017.000	4076.340	382.000
1018.000	4076.343	362.000
1019.000	4076.345	394.000
1020.000	4076.348	374.000
1021.000	4076.350	360.000
1022.000	4076.352	336.000
1023.000	4076.355	412.000
1024.000	4076.358	382.000
1025.000	4076.360	344.000
1026.000	4076.363	346.000
1027.000	4076.365	310.000
1028.000	4076.368	348.000
1029.000	4076.370	334.000
1030.000	4076.373	300.000
1031.000	4076.375	374.000
1032.000	4076.378	356.000
1033.000	4076.380	346.000
1034.000	4076.383	302.000
1035.000	4076.385	390.000
1036.000	4076.388	354.000
1037.000	4076.390	362.000
1038.000	4076.393	338.000
1039.000	4076.395	314.000
1040.000	4076.398	328.000
1041.000	4076.400	348.000
1042.000	4076.403	316.000
1043.000	4076.405	332.000
1044.000	4076.408	328.000
1045.000	4076.410	344.000
1046.000	4076.413	362.000
1047.000	4076.415	286.000
1048.000	4076.418	338.000
1049.000	4076.420	408.000
1050.000	4076.423	392.000
1051.000	4076.425	368.000
1052.000	4076.428	376.000
1053.000	4076.430	374.000
1054.000	4076.433	304.000
1055.000	4076.435	364.000
1056.000	4076.437	380.000
1057.000	4076.440	302.000
1058.000	4076.443	364.000
1059.000	4076.445	300.000
1060.000	4076.448	380.000
1061.000	4076.450	378.000
1062.000	4076.453	364.000
1063.000	4076.455	402.000
1064.000	4076.457	382.000
1065.000	4076.460	408.000
1066.000	4076.463	342.000
1067.000	4076.465	364.000
1068.000	4076.468	322.000
1069.000	4076.470	376.000
1070.000	4076.473	364.000
1071.000	4076.475	372.000
1072.000	4076.477	336.000
1073.000	4076.480	376.000
1074.000	4076.483	352.000
1075.000	4076.485	418.000
1076.000	4076.488	332.000
1077.000	4076.490	356.000
1078.000	4076.493	392.000
1079.000	4076.495	346.000
1080.000	4076.498	354.000
1081.000	4076.500	324.000
1082.000	4076.503	360.000
1083.000	4076.505	368.000
1084.000	4076.508	372.000
1085.000	4076.510	416.000
1086.000	4076.513	358.000
1087.000	4076.515	346.000
1088.000	4076.518	346.000
1089.000	4076.520	338.000
1090.000	4076.523	318.000
1091.000	4076.525	338.000
1092.000	4076.528	384.000
1093.000	4076.530	340.000
1094.000	4076.533	308.000
1095.000	4076.535	370.000
1096.000	4076.538	388.000
1097.000	4076.540	314.000
1098.000	4076.543	370.000
1099.000	4076.545	384.000
1100.000	4076.548	326.000
1101.000	4076.550	338.000
1102.000	4076.553	312.000
1103.000	4076.555	350.000
1104.000	4076.558	314.000
1105.000	4076.560	384.000
1106.000	4076.562	338.000
1107.000	4076.565	378.000
1108.000	4076.568	344.000
1109.000	4076.570	376.000
1110.000	4076.573	320.000
1111.000	4076.575	358.000
1112.000	4076.578	338.000
1113.000	4076.580	348.000
1114.000	4076.582	380.000
1115.000	4076.585	308.000
1116.000	4076.588	384.000
1117.000	4076.590	384.000
1118.000	4076.593	352.000
1119.000	4076.595	334.000
1120.000	4076.598	336.000
1121.000	4076.600	312.000
1122.000	4076.602	246.000
1123.000	4076.605	328.000
1124.000	4076.608	394.000
1125.000	4076.610	326.000
1126.000	4076.613	310.000
1127.000	4076.615	348.000
1128.000	4076.618	342.000
1129.000	4076.620	322.000
1130.000	4076.623	342.000
1131.000	4076.625	370.000
1132.000	4076.628	350.000
1133.000	4076.630	338.000
1134.000	4076.633	318.000
1135.000	4076.635	334.000
1136.000	4076.638	356.000
1137.000	4076.640	352.000
1138.000	4076.643	316.000
1139.000	4076.645	328.000
1140.000	4076.648	312.000
1141.000	4076.650	406.000
1142.000	4076.653	312.000
1143.000	4076.655	354.000
1144.000	4076.658	360.000
1145.000	4076.660	374.000
1146.000	4076.663	388.000
1147.000	4076.665	398.000
1148.000	4076.668	324.000
1149.000	4076.670	380.000
1150.000	4076.673	340.000
1151.000	4076.675	384.000
1152.000	4076.678	332.000
1153.000	4076.680	354.000
1154.000	4076.683	340.000
1155.000	4076.685	350.000
1156.000	4076.687	302.000
1157.000	4076.690	360.000
1158.000	4076.693	428.000
1159.000	4076.695	366.000
1160.000	4076.698	390.000
1161.000	4076.700	374.000
1162.000	4076.703	332.000
1163.000	4076.705	394.000
1164.000	4076.707	344.000
1165.000	4076.710	346.000
1166.000	4076.713	344.000
1167.000	4076.715	320.000
1168.000	4076.718	326.000
1169.000	4076.720	342.000
1170.000	4076.723	342.000
1171.000	4076.725	312.000
1172.000	4076.727	382.000
1173.000	4076.730	368.000
1174.000	4076.733	376.000
1175.000	4076.735	354.000
1176.000	4076.738	298.000
1177.000	4076.740	382.000
1178.000	4076.743	352.000
1179.000	4076.745	414.000
1180.000	4076.748	354.000
1181.000	4076.750	358.000
1182.000	4076.753	322.000
1183.000	4076.755	362.000
1184.000	4076.758	350.000
1185.000	4076.760	414.000
1186.000	4076.763	358.000
1187.000	4076.765	364.000
1188.000	4076.768	372.000
1189.000	4076.770	336.000
1190.000	4076.773	382.000
1191.000	4076.775	326.000
1192.000	4076.778	338.000
1193.000	4076.780	300.000
1194.000	4076.783	362.000
1195.000	4076.785	362.000
1196.000	4076.788	322.000
1197.000	4076.790	326.000
1198.000	4076.793	350.000
1199.000	4076.795	454.000
1200.000	4076.798	362.000
1201.000	4076.800	350.000
