1.000	6510.800	270.000
2.000	6510.802	430.000
3.000	6510.805	420.000
4.000	6510.807	450.000
5.000	6510.810	430.000
6.000	6510.812	510.000
7.000	6510.815	420.000
8.000	6510.818	460.000
9.000	6510.820	420.000
10.000	6510.823	540.000
11.000	6510.825	350.000
12.000	6510.828	380.000
13.000	6510.830	500.000
14.000	6510.833	400.000
15.000	6510.835	450.000
16.000	6510.838	390.000
17.000	6510.840	300.000
18.000	6510.842	480.000
19.000	6510.845	540.000
20.000	6510.847	340.000
21.000	6510.850	440.000
22.000	6510.852	620.000
23.000	6510.855	380.000
24.000	6510.858	500.000
25.000	6510.860	390.000
26.000	6510.863	370.000
27.000	6510.865	540.000
28.000	6510.868	440.000
29.000	6510.870	420.000
30.000	6510.873	440.000
31.000	6510.875	360.000
32.000	6510.878	620.000
33.000	6510.880	470.000
34.000	6510.883	320.000
35.000	6510.885	430.000
36.000	6510.887	760.000
37.000	6510.890	630.000
38.000	6510.892	580.000
39.000	6510.895	630.000
40.000	6510.898	650.000
41.000	6510.900	540.000
42.000	6510.903	530.000
43.000	6510.905	440.000
44.000	6510.908	550.000
45.000	6510.910	520.000
46.000	6510.913	480.000
47.000	6510.915	530.000
48.000	6510.918	550.000
49.000	6510.920	550.000
50.000	6510.923	560.000
51.000	6510.925	400.000
52.000	6510.927	520.000
53.000	6510.930	470.000
54.000	6510.932	580.000
55.000	6510.935	550.000
56.000	6510.937	550.000
57.000	6510.940	540.000
58.000	6510.943	510.000
59.000	6510.945	450.000
60.000	6510.948	760.000
61.000	6510.950	590.000
62.000	6510.953	670.000
63.000	6510.955	610.000
64.000	6510.958	790.000
65.000	6510.960	550.000
66.000	6510.963	520.000
67.000	6510.965	830.000
68.000	6510.967	800.000
69.000	6510.970	740.000
70.000	6510.972	890.000
71.000	6510.975	790.000
72.000	6510.977	780.000
73.000	6510.980	840.000
74.000	6510.983	690.000
75.000	6510.985	1030.000
76.000	6510.988	740.000
77.000	6510.990	910.000
78.000	6510.993	830.000
79.000	6510.995	830.000
80.000	6510.998	910.000
81.000	6511.000	1180.000
82.000	6511.003	1170.000
83.000	6511.005	1030.000
84.000	6511.008	1060.000
85.000	6511.010	1100.000
86.000	6511.012	990.000
87.000	6511.015	1020.000
88.000	6511.017	1130.000
89.000	6511.020	1350.000
90.000	6511.023	1510.000
91.000	6511.025	1650.000
92.000	6511.028	1430.000
93.000	6511.030	1410.000
94.000	6511.033	1420.000
95.000	6511.035	1560.000
96.000	6511.038	1430.000
97.000	6511.040	1470.000
98.000	6511.043	1530.000
99.000	6511.045	1520.000
100.000	6511.048	1910.000
101.000	6511.050	1710.000
102.000	6511.052	1880.000
103.000	6511.055	1760.000
104.000	6511.057	1990.000
105.000	6511.060	2000.000
106.000	6511.062	2370.000
107.000	6511.065	2080.000
108.000	6511.068	1990.000
109.000	6511.070	2220.000
110.000	6511.073	2410.000
111.000	6511.075	2480.000
112.000	6511.078	2340.000
113.000	6511.080	2840.000
114.000	6511.083	2650.000
115.000	6511.085	2780.000
116.000	6511.088	3220.000
117.000	6511.090	2950.000
118.000	6511.092	2930.000
119.000	6511.095	3360.000
120.000	6511.097	3190.000
121.000	6511.100	3380.000
122.000	6511.102	3300.000
123.000	6511.105	3610.000
124.000	6511.108	3610.000
125.000	6511.110	4170.000
126.000	6511.113	4100.000
127.000	6511.115	3870.000
128.000	6511.118	4070.000
129.000	6511.120	4140.000
130.000	6511.123	4090.000
131.000	6511.125	4380.000
132.000	6511.128	4230.000
133.000	6511.130	4330.000
134.000	6511.133	4940.000
135.000	6511.135	4340.000
136.000	6511.137	3880.000
137.000	6511.140	4560.000
138.000	6511.142	4860.000
139.000	6511.145	4940.000
140.000	6511.148	4740.000
141.000	6511.150	4500.000
142.000	6511.153	5560.000
143.000	6511.155	5590.000
144.000	6511.158	5450.000
145.000	6511.160	5640.000
146.000	6511.163	5340.000
147.000	6511.165	5010.000
148.000	6511.168	5930.000
149.000	6511.170	5670.000
150.000	6511.173	5160.000
151.000	6511.175	5430.000
152.000	6511.177	5940.000
153.000	6511.180	5610.000
154.000	6511.182	5880.000
155.000	6511.185	5790.000
156.000	6511.187	6160.000
157.000	6511.190	6010.000
158.000	6511.193	5810.000
159.000	6511.195	6540.000
160.000	6511.198	6060.000
161.000	6511.200	6270.000
162.000	6511.203	5710.000
163.000	6511.205	6130.000
164.000	6511.208	5960.000
165.000	6511.210	6310.000
166.000	6511.213	6050.000
167.000	6511.215	5480.000
168.000	6511.217	6010.000
169.000	6511.220	5490.000
170.000	6511.222	6130.000
171.000	6511.225	6390.000
172.000	6511.227	6000.000
173.000	6511.230	6190.000
174.000	6511.233	6350.000
175.000	6511.235	6150.000
176.000	6511.238	6760.000
177.000	6511.240	6730.000
178.000	6511.243	7280.000
179.000	6511.245	6660.000
180.000	6511.248	7040.000
181.000	6511.250	7010.000
182.000	6511.253	6860.000
183.000	6511.255	7030.000
184.000	6511.258	6900.000
185.000	6511.260	7020.000
186.000	6511.262	6910.000
187.000	6511.265	6490.000
188.000	6511.267	6690.000
189.000	6511.270	6750.000
190.000	6511.273	6760.000
191.000	6511.275	6680.000
192.000	6511.278	6960.000
193.000	6511.280	6720.000
194.000	6511.283	6270.000
195.000	6511.285	6730.000
196.000	6511.288	6960.000
197.000	6511.290	7050.000
198.000	6511.293	6540.000
199.000	6511.295	6220.000
200.000	6511.298	6750.000
201.000	6511.300	6350.000
202.000	6511.302	6470.000
203.000	6511.305	5940.000
204.000	6511.307	6120.000
205.000	6511.310	6090.000
206.000	6511.312	5610.000
207.000	6511.315	6250.000
208.000	6511.318	5870.000
209.000	6511.320	5520.000
210.000	6511.323	5480.000
211.000	6511.325	5460.000
212.000	6511.328	5800.000
213.000	6511.330	5250.000
214.000	6511.333	5080.000
215.000	6511.335	5220.000
216.000	6511.338	4930.000
217.000	6511.340	5040.000
218.000	6511.342	4810.000
219.000	6511.345	4880.000
220.000	6511.347	4500.000
221.000	6511.350	4220.000
222.000	6511.352	4650.000
223.000	6511.355	4350.000
224.000	6511.358	4180.000
225.000	6511.360	4210.000
226.000	6511.363	4140.000
227.000	6511.365	4040.000
228.000	6511.368	3970.000
229.000	6511.370	3730.000
230.000	6511.373	3580.000
231.000	6511.375	3230.000
232.000	6511.378	3320.000
233.000	6511.380	3160.000
234.000	6511.383	3060.000
235.000	6511.385	2670.000
236.000	6511.387	2950.000
237.000	6511.390	3100.000
238.000	6511.392	2450.000
239.000	6511.395	2760.000
240.000	6511.398	2690.000
241.000	6511.400	2320.000
242.000	6511.403	2300.000
243.000	6511.405	2630.000
244.000	6511.408	2290.000
245.000	6511.410	2130.000
246.000	6511.413	1990.000
247.000	6511.415	2060.000
248.000	6511.418	2110.000
249.000	6511.420	2040.000
250.000	6511.423	1990.000
251.000	6511.425	2060.000
252.000	6511.427	1830.000
253.000	6511.430	1680.000
254.000	6511.432	1440.000
255.000	6511.435	1670.000
256.000	6511.437	1500.000
257.000	6511.440	1490.000
258.000	6511.443	1330.000
259.000	6511.445	1680.000
260.000	6511.448	1370.000
261.000	6511.450	1370.000
262.000	6511.453	1310.000
263.000	6511.455	1320.000
264.000	6511.458	1110.000
265.000	6511.460	1080.000
266.000	6511.463	1050.000
267.000	6511.465	1090.000
268.000	6511.467	820.000
269.000	6511.470	1090.000
270.000	6511.472	1190.000
271.000	6511.475	970.000
272.000	6511.477	1350.000
273.000	6511.480	870.000
274.000	6511.483	1060.000
275.000	6511.485	1100.000
276.000	6511.488	1120.000
277.000	6511.490	1030.000
278.000	6511.493	760.000
279.000	6511.495	720.000
280.000	6511.498	730.000
281.000	6511.500	770.000
282.000	6511.503	860.000
283.000	6511.505	700.000
284.000	6511.508	530.000
285.000	6511.510	660.000
286.000	6511.512	670.000
287.000	6511.515	740.000
288.000	6511.517	630.000
289.000	6511.520	570.000
290.000	6511.523	700.000
291.000	6511.525	740.000
292.000	6511.528	630.000
293.000	6511.530	690.000
294.000	6511.533	680.000
295.000	6511.535	690.000
296.000	6511.538	510.000
297.000	6511.540	650.000
298.000	6511.543	580.000
299.000	6511.545	430.000
300.000	6511.548	570.000
301.000	6511.550	570.000
302.000	6511.552	400.000
303.000	6511.555	590.000
304.000	6511.557	420.000
305.000	6511.560	500.000
306.000	6511.562	380.000
307.000	6511.565	460.000
308.000	6511.568	610.000
309.000	6511.570	490.000
310.000	6511.573	450.000
311.000	6511.575	420.000
312.000	6511.578	500.000
313.000	6511.580	540.000
314.000	6511.583	470.000
315.000	6511.585	450.000
316.000	6511.588	370.000
317.000	6511.590	460.000
318.000	6511.592	370.000
319.000	6511.595	400.000
320.000	6511.597	480.000
321.000	6511.600	440.000
322.000	6511.602	430.000
323.000	6511.605	440.000
324.000	6511.608	350.000
325.000	6511.610	480.000
326.000	6511.613	430.000
327.000	6511.615	470.000
328.000	6511.618	410.000
329.000	6511.620	440.000
330.000	6511.623	460.000
331.000	6511.625	540.000
332.000	6511.628	330.000
333.000	6511.630	570.000
334.000	6511.633	390.000
335.000	6511.635	410.000
336.000	6511.637	510.000
337.000	6511.640	500.000
338.000	6511.642	460.000
339.000	6511.645	350.000
340.000	6511.648	430.000
341.000	6511.650	400.000
342.000	6511.653	350.000
343.000	6511.655	460.000
344.000	6511.658	420.000
345.000	6511.660	410.000
346.000	6511.663	430.000
347.000	6511.665	350.000
348.000	6511.668	310.000
349.000	6511.670	350.000
350.000	6511.673	520.000
351.000	6511.675	360.000
352.000	6511.677	400.000
353.000	6511.680	450.000
354.000	6511.682	420.000
355.000	6511.685	570.000
356.000	6511.687	430.000
357.000	6511.690	480.000
358.000	6511.693	350.000
359.000	6511.695	310.000
360.000	6511.698	340.000
361.000	6511.700	380.000
