1.000	6510.000	372.000
2.000	6510.002	352.000
3.000	6510.005	312.000
4.000	6510.007	328.000
5.000	6510.010	326.000
6.000	6510.012	274.000
7.000	6510.015	320.000
8.000	6510.017	312.000
9.000	6510.020	344.000
10.000	6510.023	338.000
11.000	6510.025	380.000
12.000	6510.028	320.000
13.000	6510.030	316.000
14.000	6510.033	308.000
15.000	6510.035	316.000
16.000	6510.038	362.000
17.000	6510.040	342.000
18.000	6510.042	332.000
19.000	6510.045	314.000
20.000	6510.047	310.000
21.000	6510.050	332.000
22.000	6510.052	332.000
23.000	6510.055	306.000
24.000	6510.057	324.000
25.000	6510.060	364.000
26.000	6510.062	316.000
27.000	6510.065	364.000
28.000	6510.068	368.000
29.000	6510.070	356.000
30.000	6510.073	302.000
31.000	6510.075	318.000
32.000	6510.078	316.000
33.000	6510.080	340.000
34.000	6510.083	296.000
35.000	6510.085	368.000
36.000	6510.087	294.000
37.000	6510.090	314.000
38.000	6510.092	302.000
39.000	6510.095	374.000
40.000	6510.097	274.000
41.000	6510.100	244.000
42.000	6510.102	308.000
43.000	6510.105	354.000
44.000	6510.108	332.000
45.000	6510.110	332.000
46.000	6510.113	314.000
47.000	6510.115	294.000
48.000	6510.118	318.000
49.000	6510.120	304.000
50.000	6510.123	330.000
51.000	6510.125	332.000
52.000	6510.127	288.000
53.000	6510.130	300.000
54.000	6510.132	354.000
55.000	6510.135	304.000
56.000	6510.137	350.000
57.000	6510.140	356.000
58.000	6510.142	344.000
59.000	6510.145	288.000
60.000	6510.148	304.000
61.000	6510.150	302.000
62.000	6510.153	282.000
63.000	6510.155	308.000
64.000	6510.158	316.000
65.000	6510.160	326.000
66.000	6510.163	320.000
67.000	6510.165	306.000
68.000	6510.167	338.000
69.000	6510.170	344.000
70.000	6510.172	344.000
71.000	6510.175	316.000
72.000	6510.177	368.000
73.000	6510.180	302.000
74.000	6510.182	314.000
75.000	6510.185	312.000
76.000	6510.187	350.000
77.000	6510.190	358.000
78.000	6510.193	326.000
79.000	6510.195	344.000
80.000	6510.198	318.000
81.000	6510.200	320.000
82.000	6510.203	366.000
83.000	6510.205	324.000
84.000	6510.208	360.000
85.000	6510.210	306.000
86.000	6510.212	336.000
87.000	6510.215	354.000
88.000	6510.217	350.000
89.000	6510.220	296.000
90.000	6510.222	314.000
91.000	6510.225	290.000
92.000	6510.227	398.000
93.000	6510.230	272.000
94.000	6510.233	338.000
95.000	6510.235	328.000
96.000	6510.238	336.000
97.000	6510.240	342.000
98.000	6510.243	306.000
99.000	6510.245	366.000
100.000	6510.248	350.000
101.000	6510.250	286.000
102.000	6510.252	306.000
103.000	6510.255	300.000
104.000	6510.257	338.000
105.000	6510.260	300.000
106.000	6510.262	312.000
107.000	6510.265	340.000
108.000	6510.267	364.000
109.000	6510.270	326.000
110.000	6510.273	322.000
111.000	6510.275	338.000
112.000	6510.278	350.000
113.000	6510.280	376.000
114.000	6510.283	300.000
115.000	6510.285	322.000
116.000	6510.288	332.000
117.000	6510.290	268.000
118.000	6510.292	302.000
119.000	6510.295	290.000
120.000	6510.297	308.000
121.000	6510.300	306.000
122.000	6510.302	308.000
123.000	6510.305	292.000
124.000	6510.307	316.000
125.000	6510.310	322.000
126.000	6510.312	270.000
127.000	6510.315	304.000
128.000	6510.318	306.000
129.000	6510.320	296.000
130.000	6510.323	382.000
131.000	6510.325	326.000
132.000	6510.328	306.000
133.000	6510.330	292.000
134.000	6510.333	306.000
135.000	6510.335	316.000
136.000	6510.337	368.000
137.000	6510.340	338.000
138.000	6510.342	324.000
139.000	6510.345	368.000
140.000	6510.347	360.000
141.000	6510.350	386.000
142.000	6510.352	314.000
143.000	6510.355	304.000
144.000	6510.358	398.000
145.000	6510.360	362.000
146.000	6510.363	386.000
147.000	6510.365	326.000
148.000	6510.368	288.000
149.000	6510.370	342.000
150.000	6510.373	344.000
151.000	6510.375	318.000
152.000	6510.377	372.000
153.000	6510.380	324.000
154.000	6510.382	344.000
155.000	6510.385	338.000
156.000	6510.387	386.000
157.000	6510.390	406.000
158.000	6510.392	362.000
159.000	6510.395	354.000
160.000	6510.398	366.000
161.000	6510.400	324.000
162.000	6510.403	352.000
163.000	6510.405	332.000
164.000	6510.408	338.000
165.000	6510.410	350.000
166.000	6510.413	376.000
167.000	6510.415	374.000
168.000	6510.417	314.000
169.000	6510.420	338.000
170.000	6510.422	300.000
171.000	6510.425	342.000
172.000	6510.427	388.000
173.000	6510.430	338.000
174.000	6510.432	316.000
175.000	6510.435	346.000
176.000	6510.437	354.000
177.000	6510.440	344.000
178.000	6510.443	372.000
179.000	6510.445	340.000
180.000	6510.448	338.000
181.000	6510.450	346.000
182.000	6510.453	356.000
183.000	6510.455	382.000
184.000	6510.458	368.000
185.000	6510.460	302.000
186.000	6510.462	374.000
187.000	6510.465	314.000
188.000	6510.467	344.000
189.000	6510.470	374.000
190.000	6510.472	384.000
191.000	6510.475	382.000
192.000	6510.477	380.000
193.000	6510.480	352.000
194.000	6510.483	302.000
195.000	6510.485	336.000
196.000	6510.488	370.000
197.000	6510.490	376.000
198.000	6510.493	376.000
199.000	6510.495	302.000
200.000	6510.498	400.000
201.000	6510.500	356.000
202.000	6510.502	362.000
203.000	6510.505	372.000
204.000	6510.507	334.000
205.000	6510.510	374.000
206.000	6510.512	376.000
207.000	6510.515	402.000
208.000	6510.517	372.000
209.000	6510.520	416.000
210.000	6510.523	432.000
211.000	6510.525	384.000
212.000	6510.528	344.000
213.000	6510.530	418.000
214.000	6510.533	340.000
215.000	6510.535	366.000
216.000	6510.538	362.000
217.000	6510.540	366.000
218.000	6510.542	406.000
219.000	6510.545	408.000
220.000	6510.547	378.000
221.000	6510.550	394.000
222.000	6510.552	414.000
223.000	6510.555	420.000
224.000	6510.557	354.000
225.000	6510.560	430.000
226.000	6510.562	446.000
227.000	6510.565	430.000
228.000	6510.568	390.000
229.000	6510.570	398.000
230.000	6510.573	402.000
231.000	6510.575	384.000
232.000	6510.578	392.000
233.000	6510.580	490.000
234.000	6510.583	386.000
235.000	6510.585	382.000
236.000	6510.587	396.000
237.000	6510.590	348.000
238.000	6510.592	372.000
239.000	6510.595	452.000
240.000	6510.597	410.000
241.000	6510.600	452.000
242.000	6510.602	438.000
243.000	6510.605	438.000
244.000	6510.608	452.000
245.000	6510.610	458.000
246.000	6510.613	386.000
247.000	6510.615	454.000
248.000	6510.618	418.000
249.000	6510.620	456.000
250.000	6510.623	426.000
251.000	6510.625	454.000
252.000	6510.627	486.000
253.000	6510.630	406.000
254.000	6510.632	514.000
255.000	6510.635	532.000
256.000	6510.637	396.000
257.000	6510.640	536.000
258.000	6510.642	468.000
259.000	6510.645	454.000
260.000	6510.648	474.000
261.000	6510.650	468.000
262.000	6510.653	518.000
263.000	6510.655	406.000
264.000	6510.658	442.000
265.000	6510.660	526.000
266.000	6510.663	424.000
267.000	6510.665	500.000
268.000	6510.667	488.000
269.000	6510.670	534.000
270.000	6510.672	468.000
271.000	6510.675	520.000
272.000	6510.677	548.000
273.000	6510.680	578.000
274.000	6510.682	546.000
275.000	6510.685	506.000
276.000	6510.687	522.000
277.000	6510.690	548.000
278.000	6510.693	508.000
279.000	6510.695	512.000
280.000	6510.698	536.000
281.000	6510.700	618.000
282.000	6510.703	578.000
283.000	6510.705	578.000
284.000	6510.708	622.000
285.000	6510.710	586.000
286.000	6510.712	678.000
287.000	6510.715	704.000
288.000	6510.717	676.000
289.000	6510.720	574.000
290.000	6510.722	632.000
291.000	6510.725	706.000
292.000	6510.727	720.000
293.000	6510.730	678.000
294.000	6510.733	690.000
295.000	6510.735	656.000
296.000	6510.738	766.000
297.000	6510.740	708.000
298.000	6510.743	736.000
299.000	6510.745	706.000
300.000	6510.748	782.000
301.000	6510.750	762.000
302.000	6510.752	844.000
303.000	6510.755	848.000
304.000	6510.757	950.000
305.000	6510.760	820.000
306.000	6510.762	930.000
307.000	6510.765	972.000
308.000	6510.767	1040.000
309.000	6510.770	994.000
310.000	6510.773	1016.000
311.000	6510.775	1100.000
312.000	6510.778	1018.000
313.000	6510.780	994.000
314.000	6510.783	1074.000
315.000	6510.785	1058.000
316.000	6510.788	1174.000
317.000	6510.790	1204.000
318.000	6510.792	1208.000
319.000	6510.795	1190.000
320.000	6510.797	1410.000
321.000	6510.800	1250.000
322.000	6510.802	1286.000
323.000	6510.805	1366.000
324.000	6510.807	1272.000
325.000	6510.810	1412.000
326.000	6510.812	1636.000
327.000	6510.815	1590.000
328.000	6510.818	1678.000
329.000	6510.820	1702.000
330.000	6510.823	1614.000
331.000	6510.825	1696.000
332.000	6510.828	1688.000
333.000	6510.830	1834.000
334.000	6510.833	2002.000
335.000	6510.835	1942.000
336.000	6510.837	1962.000
337.000	6510.840	2168.000
338.000	6510.842	2216.000
339.000	6510.845	2400.000
340.000	6510.847	2236.000
341.000	6510.850	2482.000
342.000	6510.852	2568.000
343.000	6510.855	2608.000
344.000	6510.858	2592.000
345.000	6510.860	2666.000
346.000	6510.863	2822.000
347.000	6510.865	2744.000
348.000	6510.868	2966.000
349.000	6510.870	3026.000
350.000	6510.873	3244.000
351.000	6510.875	3314.000
352.000	6510.877	3202.000
353.000	6510.880	3500.000
354.000	6510.882	3472.000
355.000	6510.885	3592.000
356.000	6510.887	3678.000
357.000	6510.890	4046.000
358.000	6510.892	4110.000
359.000	6510.895	4170.000
360.000	6510.898	4184.000
361.000	6510.900	4644.000
362.000	6510.903	4398.000
363.000	6510.905	4706.000
364.000	6510.908	4760.000
365.000	6510.910	4878.000
366.000	6510.913	5164.000
367.000	6510.915	5120.000
368.000	6510.917	5454.000
369.000	6510.920	5622.000
370.000	6510.922	5494.000
371.000	6510.925	5590.000
372.000	6510.927	5528.000
373.000	6510.930	5838.000
374.000	6510.932	6316.000
375.000	6510.935	6278.000
376.000	6510.937	6174.000
377.000	6510.940	6366.000
378.000	6510.943	6770.000
379.000	6510.945	6828.000
380.000	6510.948	6762.000
381.000	6510.950	6816.000
382.000	6510.953	6840.000
383.000	6510.955	7214.000
384.000	6510.958	7434.000
385.000	6510.960	7584.000
386.000	6510.962	7336.000
387.000	6510.965	7436.000
388.000	6510.967	7528.000
389.000	6510.970	7650.000
390.000	6510.972	8010.000
391.000	6510.975	7790.000
392.000	6510.977	7740.000
393.000	6510.980	8102.000
394.000	6510.983	7836.000
395.000	6510.985	8020.000
396.000	6510.988	8210.000
397.000	6510.990	8670.000
398.000	6510.993	8290.000
399.000	6510.995	8484.000
400.000	6510.998	8492.000
401.000	6511.000	8638.000
402.000	6511.002	9128.000
403.000	6511.005	8882.000
404.000	6511.007	8580.000
405.000	6511.010	9042.000
406.000	6511.012	8772.000
407.000	6511.015	8944.000
408.000	6511.017	9024.000
409.000	6511.020	8700.000
410.000	6511.023	8966.000
411.000	6511.025	9082.000
412.000	6511.028	9310.000
413.000	6511.030	9372.000
414.000	6511.033	9558.000
415.000	6511.035	9358.000
416.000	6511.038	9440.000
417.000	6511.040	9264.000
418.000	6511.042	9186.000
419.000	6511.045	9422.000
420.000	6511.047	9342.000
421.000	6511.050	9710.000
422.000	6511.052	9830.000
423.000	6511.055	9252.000
424.000	6511.057	9710.000
425.000	6511.060	9656.000
426.000	6511.062	9634.000
427.000	6511.065	9900.000
428.000	6511.068	9744.000
429.000	6511.070	9592.000
430.000	6511.073	9754.000
431.000	6511.075	9570.000
432.000	6511.078	9522.000
433.000	6511.080	9840.000
434.000	6511.083	9884.000
435.000	6511.085	9670.000
436.000	6511.087	9488.000
437.000	6511.090	10044.000
438.000	6511.092	9682.000
439.000	6511.095	9740.000
440.000	6511.097	9806.000
441.000	6511.100	9380.000
442.000	6511.102	9270.000
443.000	6511.105	9346.000
444.000	6511.108	9426.000
445.000	6511.110	9244.000
446.000	6511.113	9000.000
447.000	6511.115	8786.000
448.000	6511.118	9046.000
449.000	6511.120	9202.000
450.000	6511.123	8814.000
451.000	6511.125	8724.000
452.000	6511.127	8688.000
453.000	6511.130	8424.000
454.000	6511.132	7976.000
455.000	6511.135	8352.000
456.000	6511.137	8224.000
457.000	6511.140	7784.000
458.000	6511.142	7828.000
459.000	6511.145	7572.000
460.000	6511.148	7918.000
461.000	6511.150	7854.000
462.000	6511.153	7348.000
463.000	6511.155	6986.000
464.000	6511.158	7382.000
465.000	6511.160	6696.000
466.000	6511.163	6822.000
467.000	6511.165	6622.000
468.000	6511.167	6464.000
469.000	6511.170	6528.000
470.000	6511.172	6080.000
471.000	6511.175	6048.000
472.000	6511.177	6098.000
473.000	6511.180	5878.000
474.000	6511.182	5596.000
475.000	6511.185	5630.000
476.000	6511.187	5540.000
477.000	6511.190	5016.000
478.000	6511.193	5128.000
479.000	6511.195	4980.000
480.000	6511.198	5056.000
481.000	6511.200	4690.000
482.000	6511.203	4602.000
483.000	6511.205	4626.000
484.000	6511.208	4188.000
485.000	6511.210	4434.000
486.000	6511.212	3912.000
487.000	6511.215	3928.000
488.000	6511.217	3912.000
489.000	6511.220	3682.000
490.000	6511.222	3580.000
491.000	6511.225	3584.000
492.000	6511.227	3770.000
493.000	6511.230	3524.000
494.000	6511.233	3448.000
495.000	6511.235	3094.000
496.000	6511.238	3116.000
497.000	6511.240	3046.000
498.000	6511.243	2934.000
499.000	6511.245	2862.000
500.000	6511.248	2978.000
501.000	6511.250	2636.000
502.000	6511.252	2584.000
503.000	6511.255	2438.000
504.000	6511.257	2676.000
505.000	6511.260	2314.000
506.000	6511.262	2532.000
507.000	6511.265	2072.000
508.000	6511.267	2008.000
509.000	6511.270	2192.000
510.000	6511.273	1912.000
511.000	6511.275	2000.000
512.000	6511.278	1948.000
513.000	6511.280	1802.000
514.000	6511.283	1922.000
515.000	6511.285	1744.000
516.000	6511.288	1794.000
517.000	6511.290	1648.000
518.000	6511.292	1678.000
519.000	6511.295	1578.000
520.000	6511.297	1496.000
521.000	6511.300	1500.000
