1.000	6510.800	440.000
2.000	6510.802	520.000
3.000	6510.805	390.000
4.000	6510.807	335.000
5.000	6510.810	470.000
6.000	6510.812	415.000
7.000	6510.815	365.000
8.000	6510.818	470.000
9.000	6510.820	385.000
10.000	6510.823	465.000
11.000	6510.825	470.000
12.000	6510.828	425.000
13.000	6510.830	375.000
14.000	6510.833	445.000
15.000	6510.835	470.000
16.000	6510.838	425.000
17.000	6510.840	495.000
18.000	6510.842	620.000
19.000	6510.845	555.000
20.000	6510.847	445.000
21.000	6510.850	545.000
22.000	6510.852	490.000
23.000	6510.855	470.000
24.000	6510.858	450.000
25.000	6510.860	365.000
26.000	6510.863	415.000
27.000	6510.865	440.000
28.000	6510.868	565.000
29.000	6510.870	400.000
30.000	6510.873	475.000
31.000	6510.875	585.000
32.000	6510.878	380.000
33.000	6510.880	535.000
34.000	6510.883	455.000
35.000	6510.885	500.000
36.000	6510.887	460.000
37.000	6510.890	410.000
38.000	6510.892	430.000
39.000	6510.895	585.000
40.000	6510.898	505.000
41.000	6510.900	485.000
42.000	6510.903	490.000
43.000	6510.905	510.000
44.000	6510.908	555.000
45.000	6510.910	535.000
46.000	6510.913	575.000
47.000	6510.915	595.000
48.000	6510.918	555.000
49.000	6510.920	520.000
50.000	6510.923	580.000
51.000	6510.925	585.000
52.000	6510.927	580.000
53.000	6510.930	745.000
54.000	6510.932	630.000
55.000	6510.935	645.000
56.000	6510.937	625.000
57.000	6510.940	505.000
58.000	6510.943	675.000
59.000	6510.945	625.000
60.000	6510.948	655.000
61.000	6510.950	695.000
62.000	6510.953	640.000
63.000	6510.955	700.000
64.000	6510.958	670.000
65.000	6510.960	760.000
66.000	6510.963	695.000
67.000	6510.965	750.000
68.000	6510.967	700.000
69.000	6510.970	860.000
70.000	6510.972	780.000
71.000	6510.975	905.000
72.000	6510.977	945.000
73.000	6510.980	875.000
74.000	6510.983	870.000
75.000	6510.985	895.000
76.000	6510.988	880.000
77.000	6510.990	915.000
78.000	6510.993	890.000
79.000	6510.995	960.000
80.000	6510.998	955.000
81.000	6511.000	920.000
82.000	6511.003	1130.000
83.000	6511.005	1015.000
84.000	6511.008	1190.000
85.000	6511.010	1145.000
86.000	6511.012	1015.000
87.000	6511.015	1155.000
88.000	6511.017	1090.000
89.000	6511.020	1285.000
90.000	6511.023	1270.000
91.000	6511.025	1360.000
92.000	6511.028	1210.000
93.000	6511.030	1390.000
94.000	6511.033	1680.000
95.000	6511.035	1640.000
96.000	6511.038	1565.000
97.000	6511.040	1595.000
98.000	6511.043	1640.000
99.000	6511.045	1565.000
100.000	6511.048	1805.000
101.000	6511.050	2025.000
102.000	6511.052	2215.000
103.000	6511.055	2150.000
104.000	6511.057	2115.000
105.000	6511.060	2315.000
106.000	6511.062	2220.000
107.000	6511.065	2250.000
108.000	6511.068	2235.000
109.000	6511.070	2020.000
110.000	6511.073	2425.000
111.000	6511.075	2530.000
112.000	6511.078	2565.000
113.000	6511.080	3055.000
114.000	6511.083	2770.000
115.000	6511.085	2780.000
116.000	6511.088	3095.000
117.000	6511.090	3110.000
118.000	6511.092	3220.000
119.000	6511.095	3405.000
120.000	6511.097	3330.000
121.000	6511.100	3695.000
122.000	6511.102	3490.000
123.000	6511.105	3595.000
124.000	6511.108	3710.000
125.000	6511.110	3965.000
126.000	6511.113	4240.000
127.000	6511.115	4305.000
128.000	6511.118	4160.000
129.000	6511.120	4470.000
130.000	6511.123	4680.000
131.000	6511.125	4025.000
132.000	6511.128	4440.000
133.000	6511.130	4670.000
134.000	6511.133	4895.000
135.000	6511.135	5040.000
136.000	6511.137	5130.000
137.000	6511.140	5020.000
138.000	6511.142	4935.000
139.000	6511.145	5090.000
140.000	6511.148	5120.000
141.000	6511.150	5305.000
142.000	6511.153	5260.000
143.000	6511.155	5425.000
144.000	6511.158	5345.000
145.000	6511.160	5435.000
146.000	6511.163	5615.000
147.000	6511.165	5720.000
148.000	6511.168	6125.000
149.000	6511.170	5730.000
150.000	6511.173	5755.000
151.000	6511.175	5675.000
152.000	6511.177	5820.000
153.000	6511.180	5860.000
154.000	6511.182	5865.000
155.000	6511.185	5895.000
156.000	6511.187	5835.000
157.000	6511.190	6160.000
158.000	6511.193	6230.000
159.000	6511.195	5975.000
160.000	6511.198	6305.000
161.000	6511.200	6055.000
162.000	6511.203	6150.000
163.000	6511.205	6305.000
164.000	6511.208	6385.000
165.000	6511.210	6325.000
166.000	6511.213	6405.000
167.000	6511.215	6285.000
168.000	6511.217	6335.000
169.000	6511.220	6500.000
170.000	6511.222	6195.000
171.000	6511.225	6875.000
172.000	6511.227	6145.000
173.000	6511.230	6810.000
174.000	6511.233	6785.000
175.000	6511.235	6835.000
176.000	6511.238	6915.000
177.000	6511.240	6685.000
178.000	6511.243	6810.000
179.000	6511.245	6700.000
180.000	6511.248	7070.000
181.000	6511.250	7285.000
182.000	6511.253	7245.000
183.000	6511.255	7105.000
184.000	6511.258	7015.000
185.000	6511.260	7180.000
186.000	6511.262	7235.000
187.000	6511.265	7105.000
188.000	6511.267	7270.000
189.000	6511.270	7270.000
190.000	6511.273	7100.000
191.000	6511.275	7280.000
192.000	6511.278	7395.000
193.000	6511.280	7165.000
194.000	6511.283	7055.000
195.000	6511.285	6940.000
196.000	6511.288	6950.000
197.000	6511.290	7300.000
198.000	6511.293	6795.000
199.000	6511.295	6820.000
200.000	6511.298	7035.000
201.000	6511.300	6895.000
202.000	6511.302	6935.000
203.000	6511.305	6460.000
204.000	6511.307	6610.000
205.000	6511.310	6305.000
206.000	6511.312	6605.000
207.000	6511.315	6150.000
208.000	6511.318	6145.000
209.000	6511.320	6025.000
210.000	6511.323	5895.000
211.000	6511.325	5675.000
212.000	6511.328	5820.000
213.000	6511.330	5870.000
214.000	6511.333	5230.000
215.000	6511.335	5480.000
216.000	6511.338	5325.000
217.000	6511.340	5285.000
218.000	6511.342	4905.000
219.000	6511.345	4960.000
220.000	6511.347	4680.000
221.000	6511.350	4960.000
222.000	6511.352	4545.000
223.000	6511.355	4360.000
224.000	6511.358	4385.000
225.000	6511.360	4140.000
226.000	6511.363	4140.000
227.000	6511.365	4020.000
228.000	6511.368	3995.000
229.000	6511.370	3700.000
230.000	6511.373	3340.000
231.000	6511.375	3610.000
232.000	6511.378	3500.000
233.000	6511.380	3080.000
234.000	6511.383	3265.000
235.000	6511.385	2785.000
236.000	6511.387	3155.000
237.000	6511.390	3205.000
238.000	6511.392	2925.000
239.000	6511.395	2820.000
240.000	6511.398	2765.000
241.000	6511.400	2570.000
242.000	6511.403	2550.000
243.000	6511.405	2485.000
244.000	6511.408	2345.000
245.000	6511.410	2125.000
246.000	6511.413	2295.000
247.000	6511.415	2190.000
248.000	6511.418	2015.000
249.000	6511.420	1865.000
250.000	6511.423	1980.000
251.000	6511.425	1975.000
252.000	6511.427	1845.000
253.000	6511.430	1790.000
254.000	6511.432	1820.000
255.000	6511.435	1710.000
256.000	6511.437	1680.000
257.000	6511.440	1680.000
258.000	6511.443	1405.000
259.000	6511.445	1420.000
260.000	6511.448	1550.000
261.000	6511.450	1265.000
262.000	6511.453	1420.000
263.000	6511.455	1310.000
264.000	6511.458	1265.000
265.000	6511.460	1115.000
266.000	6511.463	1080.000
267.000	6511.465	1190.000
268.000	6511.467	1215.000
269.000	6511.470	1045.000
270.000	6511.472	980.000
271.000	6511.475	1075.000
272.000	6511.477	1010.000
273.000	6511.480	950.000
274.000	6511.483	975.000
275.000	6511.485	1000.000
276.000	6511.488	725.000
277.000	6511.490	920.000
278.000	6511.493	860.000
279.000	6511.495	760.000
280.000	6511.498	780.000
281.000	6511.500	765.000
282.000	6511.503	660.000
283.000	6511.505	800.000
284.000	6511.508	765.000
285.000	6511.510	630.000
286.000	6511.512	665.000
287.000	6511.515	745.000
288.000	6511.517	680.000
289.000	6511.520	705.000
290.000	6511.523	640.000
291.000	6511.525	590.000
292.000	6511.528	535.000
293.000	6511.530	505.000
294.000	6511.533	640.000
295.000	6511.535	600.000
296.000	6511.538	545.000
297.000	6511.540	530.000
298.000	6511.543	480.000
299.000	6511.545	520.000
300.000	6511.548	595.000
301.000	6511.550	475.000
302.000	6511.552	455.000
303.000	6511.555	645.000
304.000	6511.557	560.000
305.000	6511.560	550.000
306.000	6511.562	470.000
307.000	6511.565	470.000
308.000	6511.568	540.000
309.000	6511.570	515.000
310.000	6511.573	425.000
311.000	6511.575	510.000
312.000	6511.578	550.000
313.000	6511.580	480.000
314.000	6511.583	540.000
315.000	6511.585	520.000
316.000	6511.588	475.000
317.000	6511.590	490.000
318.000	6511.592	480.000
319.000	6511.595	470.000
320.000	6511.597	540.000
321.000	6511.600	470.000
322.000	6511.602	430.000
323.000	6511.605	555.000
324.000	6511.608	460.000
325.000	6511.610	465.000
326.000	6511.613	495.000
327.000	6511.615	415.000
328.000	6511.618	465.000
329.000	6511.620	395.000
330.000	6511.623	420.000
331.000	6511.625	480.000
332.000	6511.628	450.000
333.000	6511.630	500.000
334.000	6511.633	440.000
335.000	6511.635	365.000
336.000	6511.637	435.000
337.000	6511.640	490.000
338.000	6511.642	465.000
339.000	6511.645	390.000
340.000	6511.648	410.000
341.000	6511.650	420.000
342.000	6511.653	515.000
343.000	6511.655	445.000
344.000	6511.658	460.000
345.000	6511.660	430.000
346.000	6511.663	460.000
347.000	6511.665	435.000
348.000	6511.668	475.000
349.000	6511.670	430.000
350.000	6511.673	360.000
351.000	6511.675	325.000
352.000	6511.677	350.000
353.000	6511.680	445.000
354.000	6511.682	335.000
355.000	6511.685	390.000
356.000	6511.687	400.000
357.000	6511.690	295.000
358.000	6511.693	310.000
359.000	6511.695	430.000
360.000	6511.698	345.000
361.000	6511.700	435.000
