1.000	6510.800	406.000
2.000	6510.802	471.000
3.000	6510.805	447.000
4.000	6510.807	409.000
5.000	6510.810	513.000
6.000	6510.812	450.000
7.000	6510.815	432.000
8.000	6510.818	386.000
9.000	6510.820	453.000
10.000	6510.823	430.000
11.000	6510.825	411.000
12.000	6510.828	446.000
13.000	6510.830	453.000
14.000	6510.833	492.000
15.000	6510.835	438.000
16.000	6510.838	462.000
17.000	6510.840	419.000
18.000	6510.842	452.000
19.000	6510.845	424.000
20.000	6510.847	447.000
21.000	6510.850	493.000
22.000	6510.852	467.000
23.000	6510.855	462.000
24.000	6510.858	440.000
25.000	6510.860	443.000
26.000	6510.863	448.000
27.000	6510.865	461.000
28.000	6510.868	408.000
29.000	6510.870	474.000
30.000	6510.873	445.000
31.000	6510.875	515.000
32.000	6510.878	475.000
33.000	6510.880	468.000
34.000	6510.883	457.000
35.000	6510.885	453.000
36.000	6510.887	500.000
37.000	6510.890	486.000
38.000	6510.892	543.000
39.000	6510.895	526.000
40.000	6510.898	524.000
41.000	6510.900	536.000
42.000	6510.903	561.000
43.000	6510.905	529.000
44.000	6510.908	561.000
45.000	6510.910	522.000
46.000	6510.913	503.000
47.000	6510.915	498.000
48.000	6510.918	554.000
49.000	6510.920	565.000
50.000	6510.923	575.000
51.000	6510.925	529.000
52.000	6510.927	555.000
53.000	6510.930	595.000
54.000	6510.932	552.000
55.000	6510.935	606.000
56.000	6510.937	577.000
57.000	6510.940	640.000
58.000	6510.943	701.000
59.000	6510.945	636.000
60.000	6510.948	627.000
61.000	6510.950	680.000
62.000	6510.953	645.000
63.000	6510.955	693.000
64.000	6510.958	740.000
65.000	6510.960	699.000
66.000	6510.963	664.000
67.000	6510.965	649.000
68.000	6510.967	723.000
69.000	6510.970	780.000
70.000	6510.972	754.000
71.000	6510.975	763.000
72.000	6510.977	768.000
73.000	6510.980	824.000
74.000	6510.983	831.000
75.000	6510.985	892.000
76.000	6510.988	916.000
77.000	6510.990	864.000
78.000	6510.993	909.000
79.000	6510.995	902.000
80.000	6510.998	950.000
81.000	6511.000	1043.000
82.000	6511.003	1031.000
83.000	6511.005	1009.000
84.000	6511.008	1093.000
85.000	6511.010	1072.000
86.000	6511.012	1124.000
87.000	6511.015	1201.000
88.000	6511.017	1182.000
89.000	6511.020	1183.000
90.000	6511.023	1310.000
91.000	6511.025	1317.000
92.000	6511.028	1331.000
93.000	6511.030	1442.000
94.000	6511.033	1583.000
95.000	6511.035	1549.000
96.000	6511.038	1579.000
97.000	6511.040	1647.000
98.000	6511.043	1686.000
99.000	6511.045	1757.000
100.000	6511.048	1800.000
101.000	6511.050	1852.000
102.000	6511.052	2073.000
103.000	6511.055	2080.000
104.000	6511.057	2087.000
105.000	6511.060	2363.000
106.000	6511.062	2216.000
107.000	6511.065	2373.000
108.000	6511.068	2279.000
109.000	6511.070	2365.000
110.000	6511.073	2652.000
111.000	6511.075	2596.000
112.000	6511.078	2565.000
113.000	6511.080	2818.000
114.000	6511.083	2856.000
115.000	6511.085	2949.000
116.000	6511.088	3121.000
117.000	6511.090	3165.000
118.000	6511.092	3237.000
119.000	6511.095	3336.000
120.000	6511.097	3353.000
121.000	6511.100	3431.000
122.000	6511.102	3538.000
123.000	6511.105	3593.000
124.000	6511.108	3640.000
125.000	6511.110	3895.000
126.000	6511.113	4076.000
127.000	6511.115	4201.000
128.000	6511.118	4075.000
129.000	6511.120	4252.000
130.000	6511.123	4420.000
131.000	6511.125	4353.000
132.000	6511.128	4295.000
133.000	6511.130	4718.000
134.000	6511.133	4837.000
135.000	6511.135	4863.000
136.000	6511.137	4826.000
137.000	6511.140	4973.000
138.000	6511.142	5118.000
139.000	6511.145	5110.000
140.000	6511.148	5068.000
141.000	6511.150	5147.000
142.000	6511.153	5314.000
143.000	6511.155	5255.000
144.000	6511.158	5176.000
145.000	6511.160	5563.000
146.000	6511.163	5535.000
147.000	6511.165	5581.000
148.000	6511.168	5550.000
149.000	6511.170	5710.000
150.000	6511.173	5774.000
151.000	6511.175	5709.000
152.000	6511.177	5695.000
153.000	6511.180	5871.000
154.000	6511.182	6091.000
155.000	6511.185	6037.000
156.000	6511.187	5748.000
157.000	6511.190	6044.000
158.000	6511.193	5955.000
159.000	6511.195	6121.000
160.000	6511.198	6003.000
161.000	6511.200	5989.000
162.000	6511.203	6179.000
163.000	6511.205	6131.000
164.000	6511.208	6160.000
165.000	6511.210	6200.000
166.000	6511.213	6443.000
167.000	6511.215	6576.000
168.000	6511.217	6411.000
169.000	6511.220	6547.000
170.000	6511.222	6627.000
171.000	6511.225	6644.000
172.000	6511.227	6424.000
173.000	6511.230	6523.000
174.000	6511.233	6580.000
175.000	6511.235	6449.000
176.000	6511.238	6766.000
177.000	6511.240	6807.000
178.000	6511.243	6721.000
179.000	6511.245	7053.000
180.000	6511.248	6971.000
181.000	6511.250	6905.000
182.000	6511.253	6992.000
183.000	6511.255	6980.000
184.000	6511.258	7012.000
185.000	6511.260	7238.000
186.000	6511.262	7060.000
187.000	6511.265	7203.000
188.000	6511.267	7193.000
189.000	6511.270	7093.000
190.000	6511.273	6904.000
191.000	6511.275	7210.000
192.000	6511.278	7172.000
193.000	6511.280	7145.000
194.000	6511.283	7077.000
195.000	6511.285	7049.000
196.000	6511.288	7054.000
197.000	6511.290	6913.000
198.000	6511.293	6913.000
199.000	6511.295	6630.000
200.000	6511.298	6664.000
201.000	6511.300	6563.000
202.000	6511.302	6427.000
203.000	6511.305	6316.000
204.000	6511.307	6433.000
205.000	6511.310	6081.000
206.000	6511.312	6033.000
207.000	6511.315	5861.000
208.000	6511.318	5960.000
209.000	6511.320	5556.000
210.000	6511.323	5582.000
211.000	6511.325	5740.000
212.000	6511.328	5591.000
213.000	6511.330	5355.000
214.000	6511.333	5174.000
215.000	6511.335	5167.000
216.000	6511.338	5091.000
217.000	6511.340	5268.000
218.000	6511.342	4920.000
219.000	6511.345	4756.000
220.000	6511.347	4702.000
221.000	6511.350	4493.000
222.000	6511.352	4270.000
223.000	6511.355	4226.000
224.000	6511.358	4306.000
225.000	6511.360	3964.000
226.000	6511.363	3903.000
227.000	6511.365	3942.000
228.000	6511.368	3924.000
229.000	6511.370	3638.000
230.000	6511.373	3359.000
231.000	6511.375	3488.000
232.000	6511.378	3487.000
233.000	6511.380	3257.000
234.000	6511.383	3216.000
235.000	6511.385	3126.000
236.000	6511.387	3146.000
237.000	6511.390	3111.000
238.000	6511.392	2830.000
239.000	6511.395	2842.000
240.000	6511.398	2796.000
241.000	6511.400	2565.000
242.000	6511.403	2585.000
243.000	6511.405	2532.000
244.000	6511.408	2463.000
245.000	6511.410	2265.000
246.000	6511.413	2180.000
247.000	6511.415	2157.000
248.000	6511.418	2162.000
249.000	6511.420	2006.000
250.000	6511.423	1898.000
251.000	6511.425	1759.000
252.000	6511.427	1844.000
253.000	6511.430	1752.000
254.000	6511.432	1639.000
255.000	6511.435	1571.000
256.000	6511.437	1666.000
257.000	6511.440	1590.000
258.000	6511.443	1606.000
259.000	6511.445	1602.000
260.000	6511.448	1629.000
261.000	6511.450	1466.000
262.000	6511.453	1269.000
263.000	6511.455	1254.000
264.000	6511.458	1227.000
265.000	6511.460	1251.000
266.000	6511.463	1148.000
267.000	6511.465	1152.000
268.000	6511.467	1118.000
269.000	6511.470	1069.000
270.000	6511.472	1026.000
271.000	6511.475	1014.000
272.000	6511.477	1059.000
273.000	6511.480	1005.000
274.000	6511.483	967.000
275.000	6511.485	929.000
276.000	6511.488	932.000
277.000	6511.490	1014.000
278.000	6511.493	853.000
279.000	6511.495	858.000
280.000	6511.498	855.000
281.000	6511.500	805.000
282.000	6511.503	795.000
283.000	6511.505	747.000
284.000	6511.508	690.000
285.000	6511.510	668.000
286.000	6511.512	672.000
287.000	6511.515	700.000
288.000	6511.517	661.000
289.000	6511.520	690.000
290.000	6511.523	663.000
291.000	6511.525	623.000
292.000	6511.528	653.000
293.000	6511.530	620.000
294.000	6511.533	625.000
295.000	6511.535	650.000
296.000	6511.538	602.000
297.000	6511.540	586.000
298.000	6511.543	609.000
299.000	6511.545	540.000
300.000	6511.548	577.000
301.000	6511.550	530.000
302.000	6511.552	617.000
303.000	6511.555	546.000
304.000	6511.557	527.000
305.000	6511.560	529.000
306.000	6511.562	549.000
307.000	6511.565	586.000
308.000	6511.568	569.000
309.000	6511.570	537.000
310.000	6511.573	522.000
311.000	6511.575	465.000
312.000	6511.578	505.000
313.000	6511.580	529.000
314.000	6511.583	465.000
315.000	6511.585	497.000
316.000	6511.588	438.000
317.000	6511.590	490.000
318.000	6511.592	503.000
319.000	6511.595	485.000
320.000	6511.597	466.000
321.000	6511.600	495.000
322.000	6511.602	488.000
323.000	6511.605	469.000
324.000	6511.608	421.000
325.000	6511.610	480.000
326.000	6511.613	451.000
327.000	6511.615	421.000
328.000	6511.618	466.000
329.000	6511.620	441.000
330.000	6511.623	458.000
331.000	6511.625	377.000
332.000	6511.628	468.000
333.000	6511.630	412.000
334.000	6511.633	395.000
335.000	6511.635	434.000
336.000	6511.637	436.000
337.000	6511.640	428.000
338.000	6511.642	459.000
339.000	6511.645	405.000
340.000	6511.648	420.000
341.000	6511.650	423.000
342.000	6511.653	365.000
343.000	6511.655	443.000
344.000	6511.658	411.000
345.000	6511.660	385.000
346.000	6511.663	444.000
347.000	6511.665	415.000
348.000	6511.668	393.000
349.000	6511.670	381.000
350.000	6511.673	439.000
351.000	6511.675	422.000
352.000	6511.677	448.000
353.000	6511.680	411.000
354.000	6511.682	369.000
355.000	6511.685	454.000
356.000	6511.687	376.000
357.000	6511.690	409.000
358.000	6511.693	423.000
359.000	6511.695	420.000
360.000	6511.698	396.000
361.000	6511.700	405.000
