1.000	4827.800	358.000
2.000	4827.802	382.000
3.000	4827.805	378.000
4.000	4827.807	330.000
5.000	4827.810	392.000
6.000	4827.812	402.000
7.000	4827.815	354.000
8.000	4827.818	358.000
9.000	4827.820	334.000
10.000	4827.823	290.000
11.000	4827.825	364.000
12.000	4827.828	316.000
13.000	4827.830	370.000
14.000	4827.833	390.000
15.000	4827.835	384.000
16.000	4827.838	352.000
17.000	4827.840	344.000
18.000	4827.842	372.000
19.000	4827.845	398.000
20.000	4827.847	422.000
21.000	4827.850	408.000
22.000	4827.852	374.000
23.000	4827.855	356.000
24.000	4827.858	340.000
25.000	4827.860	374.000
26.000	4827.863	362.000
27.000	4827.865	350.000
28.000	4827.868	432.000
29.000	4827.870	372.000
30.000	4827.873	410.000
31.000	4827.875	350.000
32.000	4827.878	374.000
33.000	4827.880	376.000
34.000	4827.883	386.000
35.000	4827.885	392.000
36.000	4827.887	356.000
37.000	4827.890	390.000
38.000	4827.892	420.000
39.000	4827.895	380.000
40.000	4827.898	384.000
41.000	4827.900	400.000
42.000	4827.903	440.000
43.000	4827.905	414.000
44.000	4827.908	406.000
45.000	4827.910	398.000
46.000	4827.913	346.000
47.000	4827.915	392.000
48.000	4827.918	360.000
49.000	4827.920	398.000
50.000	4827.923	426.000
51.000	4827.925	360.000
52.000	4827.927	390.000
53.000	4827.930	414.000
54.000	4827.932	426.000
55.000	4827.935	436.000
56.000	4827.937	410.000
57.000	4827.940	352.000
58.000	4827.943	404.000
59.000	4827.945	346.000
60.000	4827.948	482.000
61.000	4827.950	396.000
62.000	4827.953	414.000
63.000	4827.955	434.000
64.000	4827.958	410.000
65.000	4827.960	420.000
66.000	4827.963	416.000
67.000	4827.965	442.000
68.000	4827.967	400.000
69.000	4827.970	408.000
70.000	4827.972	426.000
71.000	4827.975	342.000
72.000	4827.977	398.000
73.000	4827.980	440.000
74.000	4827.983	412.000
75.000	4827.985	378.000
76.000	4827.988	476.000
77.000	4827.990	484.000
78.000	4827.993	458.000
79.000	4827.995	416.000
80.000	4827.998	440.000
81.000	4828.000	466.000
82.000	4828.003	454.000
83.000	4828.005	420.000
84.000	4828.008	448.000
85.000	4828.010	508.000
86.000	4828.012	468.000
87.000	4828.015	496.000
88.000	4828.017	504.000
89.000	4828.020	460.000
90.000	4828.023	438.000
91.000	4828.025	456.000
92.000	4828.028	546.000
93.000	4828.030	470.000
94.000	4828.033	492.000
95.000	4828.035	508.000
96.000	4828.038	510.000
97.000	4828.040	508.000
98.000	4828.043	526.000
99.000	4828.045	552.000
100.000	4828.048	562.000
101.000	4828.050	558.000
102.000	4828.052	510.000
103.000	4828.055	534.000
104.000	4828.057	520.000
105.000	4828.060	548.000
106.000	4828.062	572.000
107.000	4828.065	518.000
108.000	4828.068	492.000
109.000	4828.070	566.000
110.000	4828.073	582.000
111.000	4828.075	576.000
112.000	4828.078	614.000
113.000	4828.080	574.000
114.000	4828.083	594.000
115.000	4828.085	550.000
116.000	4828.088	546.000
117.000	4828.090	540.000
118.000	4828.092	606.000
119.000	4828.095	634.000
120.000	4828.097	670.000
121.000	4828.100	678.000
122.000	4828.102	644.000
123.000	4828.105	636.000
124.000	4828.108	598.000
125.000	4828.110	696.000
126.000	4828.113	718.000
127.000	4828.115	696.000
128.000	4828.118	666.000
129.000	4828.120	706.000
130.000	4828.123	796.000
131.000	4828.125	700.000
132.000	4828.128	766.000
133.000	4828.130	762.000
134.000	4828.133	800.000
135.000	4828.135	714.000
136.000	4828.137	802.000
137.000	4828.140	878.000
138.000	4828.142	776.000
139.000	4828.145	794.000
140.000	4828.148	804.000
141.000	4828.150	824.000
142.000	4828.153	802.000
143.000	4828.155	930.000
144.000	4828.158	922.000
145.000	4828.160	848.000
146.000	4828.163	936.000
147.000	4828.165	930.000
148.000	4828.168	900.000
149.000	4828.170	986.000
150.000	4828.173	976.000
151.000	4828.175	1018.000
152.000	4828.177	1000.000
153.000	4828.180	1028.000
154.000	4828.182	956.000
155.000	4828.185	956.000
156.000	4828.187	934.000
157.000	4828.190	1004.000
158.000	4828.193	1008.000
159.000	4828.195	986.000
160.000	4828.198	1070.000
161.000	4828.200	1112.000
162.000	4828.203	1080.000
163.000	4828.205	1106.000
164.000	4828.208	1046.000
165.000	4828.210	1202.000
166.000	4828.213	1058.000
167.000	4828.215	1166.000
168.000	4828.217	1214.000
169.000	4828.220	1210.000
170.000	4828.222	1190.000
171.000	4828.225	1226.000
172.000	4828.227	1242.000
173.000	4828.230	1082.000
174.000	4828.233	1166.000
175.000	4828.235	1234.000
176.000	4828.238	1330.000
177.000	4828.240	1332.000
178.000	4828.243	1168.000
179.000	4828.245	1314.000
180.000	4828.248	1212.000
181.000	4828.250	1146.000
182.000	4828.253	1214.000
183.000	4828.255	1180.000
184.000	4828.258	1172.000
185.000	4828.260	1242.000
186.000	4828.262	1168.000
187.000	4828.265	1144.000
188.000	4828.267	1196.000
189.000	4828.270	1314.000
190.000	4828.273	1324.000
191.000	4828.275	1194.000
192.000	4828.278	1296.000
193.000	4828.280	1210.000
194.000	4828.283	1222.000
195.000	4828.285	1254.000
196.000	4828.288	1276.000
197.000	4828.290	1236.000
198.000	4828.293	1228.000
199.000	4828.295	1128.000
200.000	4828.298	1208.000
201.000	4828.300	1212.000
202.000	4828.302	1274.000
203.000	4828.305	1194.000
204.000	4828.307	1310.000
205.000	4828.310	1198.000
206.000	4828.312	1216.000
207.000	4828.315	1210.000
208.000	4828.318	1052.000
209.000	4828.320	1288.000
210.000	4828.323	1212.000
211.000	4828.325	1110.000
212.000	4828.328	1206.000
213.000	4828.330	1154.000
214.000	4828.333	1142.000
215.000	4828.335	1168.000
216.000	4828.338	1192.000
217.000	4828.340	1030.000
218.000	4828.342	1090.000
219.000	4828.345	1032.000
220.000	4828.347	956.000
221.000	4828.350	954.000
222.000	4828.352	924.000
223.000	4828.355	1094.000
224.000	4828.358	908.000
225.000	4828.360	926.000
226.000	4828.363	914.000
227.000	4828.365	852.000
228.000	4828.368	1054.000
229.000	4828.370	990.000
230.000	4828.373	908.000
231.000	4828.375	986.000
232.000	4828.378	882.000
233.000	4828.380	952.000
234.000	4828.383	924.000
235.000	4828.385	888.000
236.000	4828.387	922.000
237.000	4828.390	796.000
238.000	4828.392	788.000
239.000	4828.395	890.000
240.000	4828.398	812.000
241.000	4828.400	862.000
242.000	4828.403	846.000
243.000	4828.405	910.000
244.000	4828.408	814.000
245.000	4828.410	872.000
246.000	4828.413	704.000
247.000	4828.415	630.000
248.000	4828.418	650.000
249.000	4828.420	576.000
250.000	4828.423	654.000
251.000	4828.425	586.000
252.000	4828.427	648.000
253.000	4828.430	580.000
254.000	4828.432	518.000
255.000	4828.435	614.000
256.000	4828.437	614.000
257.000	4828.440	618.000
258.000	4828.443	522.000
259.000	4828.445	594.000
260.000	4828.448	566.000
261.000	4828.450	540.000
262.000	4828.453	498.000
263.000	4828.455	614.000
264.000	4828.458	552.000
265.000	4828.460	514.000
266.000	4828.463	500.000
267.000	4828.465	538.000
268.000	4828.467	484.000
269.000	4828.470	584.000
270.000	4828.472	512.000
271.000	4828.475	502.000
272.000	4828.477	528.000
273.000	4828.480	480.000
274.000	4828.483	540.000
275.000	4828.485	562.000
276.000	4828.488	486.000
277.000	4828.490	452.000
278.000	4828.493	468.000
279.000	4828.495	476.000
280.000	4828.498	432.000
281.000	4828.500	430.000
282.000	4828.503	456.000
283.000	4828.505	486.000
284.000	4828.508	440.000
285.000	4828.510	394.000
286.000	4828.512	452.000
287.000	4828.515	452.000
288.000	4828.517	450.000
289.000	4828.520	398.000
290.000	4828.523	382.000
291.000	4828.525	392.000
292.000	4828.528	374.000
293.000	4828.530	348.000
294.000	4828.533	416.000
295.000	4828.535	376.000
296.000	4828.538	404.000
297.000	4828.540	380.000
298.000	4828.543	398.000
299.000	4828.545	374.000
300.000	4828.548	378.000
301.000	4828.550	444.000
302.000	4828.552	410.000
303.000	4828.555	388.000
304.000	4828.557	436.000
305.000	4828.560	428.000
306.000	4828.562	452.000
307.000	4828.565	392.000
308.000	4828.568	348.000
309.000	4828.570	414.000
310.000	4828.573	346.000
311.000	4828.575	408.000
312.000	4828.578	346.000
313.000	4828.580	392.000
314.000	4828.583	344.000
315.000	4828.585	418.000
316.000	4828.588	380.000
317.000	4828.590	388.000
318.000	4828.592	328.000
319.000	4828.595	346.000
320.000	4828.597	404.000
321.000	4828.600	390.000
