1.000	4312.000	770.000
2.000	4312.002	640.000
3.000	4312.005	556.000
4.000	4312.007	428.000
5.000	4312.010	426.000
6.000	4312.012	410.000
7.000	4312.015	402.000
8.000	4312.017	406.000
9.000	4312.020	416.000
10.000	4312.023	376.000
11.000	4312.025	422.000
12.000	4312.028	392.000
13.000	4312.030	426.000
14.000	4312.033	370.000
15.000	4312.035	436.000
16.000	4312.038	402.000
17.000	4312.040	406.000
18.000	4312.042	386.000
19.000	4312.045	356.000
20.000	4312.047	428.000
21.000	4312.050	400.000
22.000	4312.052	384.000
23.000	4312.055	346.000
24.000	4312.057	430.000
25.000	4312.060	340.000
26.000	4312.062	424.000
27.000	4312.065	388.000
28.000	4312.068	326.000
29.000	4312.070	462.000
30.000	4312.073	432.000
31.000	4312.075	452.000
32.000	4312.078	402.000
33.000	4312.080	410.000
34.000	4312.083	384.000
35.000	4312.085	480.000
36.000	4312.087	386.000
37.000	4312.090	460.000
38.000	4312.092	406.000
39.000	4312.095	406.000
40.000	4312.097	404.000
41.000	4312.100	400.000
42.000	4312.102	324.000
43.000	4312.105	398.000
44.000	4312.108	432.000
45.000	4312.110	446.000
46.000	4312.113	370.000
47.000	4312.115	412.000
48.000	4312.118	398.000
49.000	4312.120	444.000
50.000	4312.123	470.000
51.000	4312.125	382.000
52.000	4312.127	410.000
53.000	4312.130	388.000
54.000	4312.132	384.000
55.000	4312.135	386.000
56.000	4312.137	374.000
57.000	4312.140	394.000
58.000	4312.142	390.000
59.000	4312.145	460.000
60.000	4312.148	334.000
61.000	4312.150	342.000
62.000	4312.153	358.000
63.000	4312.155	396.000
64.000	4312.158	430.000
65.000	4312.160	408.000
66.000	4312.163	408.000
67.000	4312.165	376.000
68.000	4312.167	388.000
69.000	4312.170	414.000
70.000	4312.172	356.000
71.000	4312.175	400.000
72.000	4312.177	454.000
73.000	4312.180	444.000
74.000	4312.182	408.000
75.000	4312.185	388.000
76.000	4312.187	414.000
77.000	4312.190	458.000
78.000	4312.193	348.000
79.000	4312.195	448.000
80.000	4312.198	406.000
81.000	4312.200	350.000
82.000	4312.203	416.000
83.000	4312.205	426.000
84.000	4312.208	388.000
85.000	4312.210	368.000
86.000	4312.212	472.000
87.000	4312.215	360.000
88.000	4312.217	416.000
89.000	4312.220	366.000
90.000	4312.222	416.000
91.000	4312.225	392.000
92.000	4312.227	444.000
93.000	4312.230	398.000
94.000	4312.233	454.000
95.000	4312.235	440.000
96.000	4312.238	384.000
97.000	4312.240	436.000
98.000	4312.243	476.000
99.000	4312.245	400.000
100.000	4312.248	412.000
101.000	4312.250	444.000
102.000	4312.252	418.000
103.000	4312.255	420.000
104.000	4312.257	470.000
105.000	4312.260	404.000
106.000	4312.262	452.000
107.000	4312.265	442.000
108.000	4312.267	478.000
109.000	4312.270	412.000
110.000	4312.273	450.000
111.000	4312.275	406.000
112.000	4312.278	406.000
113.000	4312.280	462.000
114.000	4312.283	482.000
115.000	4312.285	462.000
116.000	4312.288	472.000
117.000	4312.290	448.000
118.000	4312.292	398.000
119.000	4312.295	462.000
120.000	4312.297	460.000
121.000	4312.300	474.000
122.000	4312.302	436.000
123.000	4312.305	456.000
124.000	4312.307	418.000
125.000	4312.310	474.000
126.000	4312.312	388.000
127.000	4312.315	424.000
128.000	4312.318	446.000
129.000	4312.320	460.000
130.000	4312.323	424.000
131.000	4312.325	406.000
132.000	4312.328	482.000
133.000	4312.330	416.000
134.000	4312.333	484.000
135.000	4312.335	482.000
136.000	4312.337	478.000
137.000	4312.340	486.000
138.000	4312.342	506.000
139.000	4312.345	482.000
140.000	4312.347	498.000
141.000	4312.350	496.000
142.000	4312.352	476.000
143.000	4312.355	468.000
144.000	4312.358	416.000
145.000	4312.360	508.000
146.000	4312.363	454.000
147.000	4312.365	420.000
148.000	4312.368	478.000
149.000	4312.370	478.000
150.000	4312.373	392.000
151.000	4312.375	470.000
152.000	4312.377	472.000
153.000	4312.380	508.000
154.000	4312.382	526.000
155.000	4312.385	484.000
156.000	4312.387	480.000
157.000	4312.390	492.000
158.000	4312.392	520.000
159.000	4312.395	442.000
160.000	4312.398	438.000
161.000	4312.400	464.000
162.000	4312.403	536.000
163.000	4312.405	500.000
164.000	4312.408	470.000
165.000	4312.410	584.000
166.000	4312.413	472.000
167.000	4312.415	538.000
168.000	4312.417	550.000
169.000	4312.420	502.000
170.000	4312.422	502.000
171.000	4312.425	524.000
172.000	4312.427	552.000
173.000	4312.430	620.000
174.000	4312.432	498.000
175.000	4312.435	468.000
176.000	4312.437	592.000
177.000	4312.440	584.000
178.000	4312.443	526.000
179.000	4312.445	552.000
180.000	4312.448	620.000
181.000	4312.450	550.000
182.000	4312.453	496.000
183.000	4312.455	514.000
184.000	4312.458	536.000
185.000	4312.460	538.000
186.000	4312.462	512.000
187.000	4312.465	528.000
188.000	4312.467	602.000
189.000	4312.470	618.000
190.000	4312.472	580.000
191.000	4312.475	566.000
192.000	4312.477	618.000
193.000	4312.480	556.000
194.000	4312.483	618.000
195.000	4312.485	624.000
196.000	4312.488	612.000
197.000	4312.490	604.000
198.000	4312.493	660.000
199.000	4312.495	596.000
200.000	4312.498	640.000
201.000	4312.500	584.000
202.000	4312.502	638.000
203.000	4312.505	682.000
204.000	4312.507	666.000
205.000	4312.510	678.000
206.000	4312.512	656.000
207.000	4312.515	698.000
208.000	4312.517	682.000
209.000	4312.520	658.000
210.000	4312.523	710.000
211.000	4312.525	668.000
212.000	4312.528	636.000
213.000	4312.530	642.000
214.000	4312.533	680.000
215.000	4312.535	726.000
216.000	4312.538	782.000
217.000	4312.540	734.000
218.000	4312.542	736.000
219.000	4312.545	768.000
220.000	4312.547	740.000
221.000	4312.550	716.000
222.000	4312.552	738.000
223.000	4312.555	746.000
224.000	4312.557	800.000
225.000	4312.560	706.000
226.000	4312.562	742.000
227.000	4312.565	788.000
228.000	4312.568	778.000
229.000	4312.570	738.000
230.000	4312.573	788.000
231.000	4312.575	822.000
232.000	4312.578	660.000
233.000	4312.580	766.000
234.000	4312.583	702.000
235.000	4312.585	744.000
236.000	4312.587	790.000
237.000	4312.590	872.000
238.000	4312.592	884.000
239.000	4312.595	852.000
240.000	4312.597	908.000
241.000	4312.600	874.000
242.000	4312.602	904.000
243.000	4312.605	900.000
244.000	4312.608	884.000
245.000	4312.610	912.000
246.000	4312.613	928.000
247.000	4312.615	870.000
248.000	4312.618	1012.000
249.000	4312.620	896.000
250.000	4312.623	1002.000
251.000	4312.625	904.000
252.000	4312.627	968.000
253.000	4312.630	964.000
254.000	4312.632	888.000
255.000	4312.635	992.000
256.000	4312.637	922.000
257.000	4312.640	996.000
258.000	4312.642	976.000
259.000	4312.645	936.000
260.000	4312.648	926.000
261.000	4312.650	1032.000
262.000	4312.653	1020.000
263.000	4312.655	1032.000
264.000	4312.658	1016.000
265.000	4312.660	1068.000
266.000	4312.663	1002.000
267.000	4312.665	1030.000
268.000	4312.667	1088.000
269.000	4312.670	1148.000
270.000	4312.672	1062.000
271.000	4312.675	1070.000
272.000	4312.677	1054.000
273.000	4312.680	1070.000
274.000	4312.682	1144.000
275.000	4312.685	1092.000
276.000	4312.687	1072.000
277.000	4312.690	1076.000
278.000	4312.693	1104.000
279.000	4312.695	1096.000
280.000	4312.698	1148.000
281.000	4312.700	1080.000
282.000	4312.703	1072.000
283.000	4312.705	1124.000
284.000	4312.708	1136.000
285.000	4312.710	1106.000
286.000	4312.712	1046.000
287.000	4312.715	1122.000
288.000	4312.717	1120.000
289.000	4312.720	1158.000
290.000	4312.722	1132.000
291.000	4312.725	1042.000
292.000	4312.727	1122.000
293.000	4312.730	1192.000
294.000	4312.733	1174.000
295.000	4312.735	1142.000
296.000	4312.738	1240.000
297.000	4312.740	1182.000
298.000	4312.743	1074.000
299.000	4312.745	1064.000
300.000	4312.748	1196.000
301.000	4312.750	1172.000
302.000	4312.752	1136.000
303.000	4312.755	1122.000
304.000	4312.757	1136.000
305.000	4312.760	1042.000
306.000	4312.762	1030.000
307.000	4312.765	1096.000
308.000	4312.767	1110.000
309.000	4312.770	1070.000
310.000	4312.773	1104.000
311.000	4312.775	1146.000
312.000	4312.778	1140.000
313.000	4312.780	992.000
314.000	4312.783	1082.000
315.000	4312.785	1144.000
316.000	4312.788	1070.000
317.000	4312.790	1098.000
318.000	4312.792	1060.000
319.000	4312.795	1038.000
320.000	4312.797	1018.000
321.000	4312.800	980.000
322.000	4312.802	1040.000
323.000	4312.805	938.000
324.000	4312.807	948.000
325.000	4312.810	996.000
326.000	4312.812	976.000
327.000	4312.815	890.000
328.000	4312.818	944.000
329.000	4312.820	910.000
330.000	4312.823	838.000
331.000	4312.825	930.000
332.000	4312.828	890.000
333.000	4312.830	928.000
334.000	4312.833	824.000
335.000	4312.835	936.000
336.000	4312.837	826.000
337.000	4312.840	828.000
338.000	4312.842	898.000
339.000	4312.845	812.000
340.000	4312.847	834.000
341.000	4312.850	754.000
342.000	4312.852	752.000
343.000	4312.855	734.000
344.000	4312.858	800.000
345.000	4312.860	750.000
346.000	4312.863	720.000
347.000	4312.865	710.000
348.000	4312.868	788.000
349.000	4312.870	702.000
350.000	4312.873	670.000
351.000	4312.875	768.000
352.000	4312.877	770.000
353.000	4312.880	666.000
354.000	4312.882	614.000
355.000	4312.885	706.000
356.000	4312.887	666.000
357.000	4312.890	698.000
358.000	4312.892	586.000
359.000	4312.895	590.000
360.000	4312.898	620.000
361.000	4312.900	582.000
362.000	4312.903	560.000
363.000	4312.905	590.000
364.000	4312.908	622.000
365.000	4312.910	652.000
366.000	4312.913	610.000
367.000	4312.915	572.000
368.000	4312.917	556.000
369.000	4312.920	548.000
370.000	4312.922	552.000
371.000	4312.925	518.000
372.000	4312.927	530.000
373.000	4312.930	568.000
374.000	4312.932	496.000
375.000	4312.935	518.000
376.000	4312.937	528.000
377.000	4312.940	508.000
378.000	4312.943	616.000
379.000	4312.945	530.000
380.000	4312.948	554.000
381.000	4312.950	502.000
382.000	4312.953	502.000
383.000	4312.955	480.000
384.000	4312.958	440.000
385.000	4312.960	450.000
386.000	4312.962	508.000
387.000	4312.965	504.000
388.000	4312.967	520.000
389.000	4312.970	496.000
390.000	4312.972	442.000
391.000	4312.975	458.000
392.000	4312.977	438.000
393.000	4312.980	444.000
394.000	4312.983	480.000
395.000	4312.985	470.000
396.000	4312.988	468.000
397.000	4312.990	482.000
398.000	4312.993	460.000
399.000	4312.995	426.000
400.000	4312.998	484.000
401.000	4313.000	438.000
402.000	4313.002	442.000
403.000	4313.005	410.000
404.000	4313.007	426.000
405.000	4313.010	406.000
406.000	4313.012	424.000
407.000	4313.015	406.000
408.000	4313.017	468.000
409.000	4313.020	490.000
410.000	4313.023	396.000
411.000	4313.025	468.000
412.000	4313.028	462.000
413.000	4313.030	432.000
414.000	4313.033	380.000
415.000	4313.035	400.000
416.000	4313.038	454.000
417.000	4313.040	352.000
418.000	4313.042	410.000
419.000	4313.045	480.000
420.000	4313.047	452.000
421.000	4313.050	426.000
422.000	4313.052	396.000
423.000	4313.055	458.000
424.000	4313.057	370.000
425.000	4313.060	434.000
426.000	4313.062	422.000
427.000	4313.065	398.000
428.000	4313.068	444.000
429.000	4313.070	426.000
430.000	4313.073	378.000
431.000	4313.075	390.000
432.000	4313.078	416.000
433.000	4313.080	380.000
434.000	4313.083	436.000
435.000	4313.085	454.000
436.000	4313.087	430.000
437.000	4313.090	400.000
438.000	4313.092	416.000
439.000	4313.095	366.000
440.000	4313.097	396.000
441.000	4313.100	430.000
442.000	4313.102	468.000
443.000	4313.105	372.000
444.000	4313.108	380.000
445.000	4313.110	396.000
446.000	4313.113	384.000
447.000	4313.115	368.000
448.000	4313.118	396.000
449.000	4313.120	420.000
450.000	4313.123	388.000
451.000	4313.125	400.000
452.000	4313.127	336.000
453.000	4313.130	456.000
454.000	4313.132	404.000
455.000	4313.135	356.000
456.000	4313.137	408.000
457.000	4313.140	364.000
458.000	4313.142	422.000
459.000	4313.145	408.000
460.000	4313.148	396.000
461.000	4313.150	346.000
462.000	4313.153	420.000
463.000	4313.155	414.000
464.000	4313.158	432.000
465.000	4313.160	362.000
466.000	4313.163	390.000
467.000	4313.165	388.000
468.000	4313.167	410.000
469.000	4313.170	414.000
470.000	4313.172	412.000
471.000	4313.175	430.000
472.000	4313.177	404.000
473.000	4313.180	360.000
474.000	4313.182	442.000
475.000	4313.185	428.000
476.000	4313.187	442.000
477.000	4313.190	454.000
478.000	4313.193	494.000
479.000	4313.195	422.000
480.000	4313.198	388.000
481.000	4313.200	434.000
482.000	4313.203	448.000
483.000	4313.205	382.000
484.000	4313.208	412.000
485.000	4313.210	432.000
486.000	4313.212	390.000
487.000	4313.215	392.000
488.000	4313.217	412.000
489.000	4313.220	408.000
490.000	4313.222	398.000
491.000	4313.225	448.000
492.000	4313.227	412.000
493.000	4313.230	446.000
494.000	4313.233	384.000
495.000	4313.235	432.000
496.000	4313.238	432.000
497.000	4313.240	394.000
498.000	4313.243	434.000
499.000	4313.245	364.000
500.000	4313.248	356.000
501.000	4313.250	394.000
502.000	4313.252	390.000
503.000	4313.255	422.000
504.000	4313.257	396.000
505.000	4313.260	406.000
506.000	4313.262	384.000
507.000	4313.265	426.000
508.000	4313.267	370.000
509.000	4313.270	392.000
510.000	4313.273	390.000
511.000	4313.275	422.000
512.000	4313.278	388.000
513.000	4313.280	404.000
514.000	4313.283	414.000
515.000	4313.285	320.000
516.000	4313.288	400.000
517.000	4313.290	338.000
518.000	4313.292	376.000
519.000	4313.295	380.000
520.000	4313.297	378.000
521.000	4313.300	402.000
522.000	4313.302	430.000
523.000	4313.305	456.000
524.000	4313.307	430.000
525.000	4313.310	426.000
526.000	4313.312	410.000
527.000	4313.315	380.000
528.000	4313.318	400.000
529.000	4313.320	468.000
530.000	4313.323	430.000
531.000	4313.325	354.000
532.000	4313.328	392.000
533.000	4313.330	396.000
534.000	4313.333	336.000
535.000	4313.335	430.000
536.000	4313.337	408.000
537.000	4313.340	364.000
538.000	4313.342	398.000
539.000	4313.345	408.000
540.000	4313.347	382.000
541.000	4313.350	378.000
542.000	4313.352	406.000
543.000	4313.355	388.000
544.000	4313.358	386.000
545.000	4313.360	392.000
546.000	4313.363	368.000
547.000	4313.365	414.000
548.000	4313.368	450.000
549.000	4313.370	378.000
550.000	4313.373	392.000
551.000	4313.375	348.000
552.000	4313.377	368.000
553.000	4313.380	432.000
554.000	4313.382	422.000
555.000	4313.385	428.000
556.000	4313.387	382.000
557.000	4313.390	410.000
558.000	4313.392	398.000
559.000	4313.395	366.000
560.000	4313.398	390.000
561.000	4313.400	414.000
562.000	4313.403	376.000
563.000	4313.405	390.000
564.000	4313.408	424.000
565.000	4313.410	358.000
566.000	4313.413	382.000
567.000	4313.415	362.000
568.000	4313.417	374.000
569.000	4313.420	348.000
570.000	4313.422	470.000
571.000	4313.425	410.000
572.000	4313.427	386.000
573.000	4313.430	364.000
574.000	4313.432	352.000
575.000	4313.435	380.000
576.000	4313.437	402.000
577.000	4313.440	436.000
578.000	4313.443	348.000
579.000	4313.445	370.000
580.000	4313.448	364.000
581.000	4313.450	358.000
582.000	4313.453	380.000
583.000	4313.455	366.000
584.000	4313.458	452.000
585.000	4313.460	364.000
586.000	4313.462	374.000
587.000	4313.465	386.000
588.000	4313.467	402.000
589.000	4313.470	380.000
590.000	4313.472	410.000
591.000	4313.475	394.000
592.000	4313.477	380.000
593.000	4313.480	354.000
594.000	4313.483	334.000
595.000	4313.485	328.000
596.000	4313.488	444.000
597.000	4313.490	334.000
598.000	4313.493	390.000
599.000	4313.495	468.000
600.000	4313.498	394.000
601.000	4313.500	396.000
602.000	4313.502	392.000
603.000	4313.505	396.000
604.000	4313.507	366.000
605.000	4313.510	428.000
606.000	4313.512	392.000
607.000	4313.515	364.000
608.000	4313.517	350.000
609.000	4313.520	432.000
610.000	4313.523	358.000
611.000	4313.525	330.000
612.000	4313.528	390.000
613.000	4313.530	356.000
614.000	4313.533	346.000
615.000	4313.535	366.000
616.000	4313.538	352.000
617.000	4313.540	388.000
618.000	4313.542	356.000
619.000	4313.545	450.000
620.000	4313.547	358.000
621.000	4313.550	354.000
622.000	4313.552	396.000
623.000	4313.555	376.000
624.000	4313.557	312.000
625.000	4313.560	374.000
626.000	4313.562	382.000
627.000	4313.565	394.000
628.000	4313.568	390.000
629.000	4313.570	440.000
630.000	4313.573	402.000
631.000	4313.575	344.000
632.000	4313.578	420.000
633.000	4313.580	388.000
634.000	4313.583	402.000
635.000	4313.585	434.000
636.000	4313.587	334.000
637.000	4313.590	368.000
638.000	4313.592	424.000
639.000	4313.595	398.000
640.000	4313.597	366.000
641.000	4313.600	398.000
642.000	4313.602	386.000
643.000	4313.605	350.000
644.000	4313.608	360.000
645.000	4313.610	440.000
646.000	4313.613	398.000
647.000	4313.615	348.000
648.000	4313.618	412.000
649.000	4313.620	400.000
650.000	4313.623	418.000
651.000	4313.625	376.000
652.000	4313.627	348.000
653.000	4313.630	448.000
654.000	4313.632	412.000
655.000	4313.635	386.000
656.000	4313.637	376.000
657.000	4313.640	410.000
658.000	4313.642	466.000
659.000	4313.645	366.000
660.000	4313.648	356.000
661.000	4313.650	394.000
662.000	4313.653	400.000
663.000	4313.655	380.000
664.000	4313.658	428.000
665.000	4313.660	390.000
666.000	4313.663	396.000
667.000	4313.665	402.000
668.000	4313.667	410.000
669.000	4313.670	406.000
670.000	4313.672	368.000
671.000	4313.675	330.000
672.000	4313.677	318.000
673.000	4313.680	436.000
674.000	4313.682	436.000
675.000	4313.685	392.000
676.000	4313.687	370.000
677.000	4313.690	402.000
678.000	4313.693	402.000
679.000	4313.695	348.000
680.000	4313.698	430.000
681.000	4313.700	406.000
682.000	4313.703	418.000
683.000	4313.705	356.000
684.000	4313.708	420.000
685.000	4313.710	412.000
686.000	4313.712	368.000
687.000	4313.715	336.000
688.000	4313.717	354.000
689.000	4313.720	372.000
690.000	4313.722	394.000
691.000	4313.725	372.000
692.000	4313.727	342.000
693.000	4313.730	380.000
694.000	4313.733	384.000
695.000	4313.735	390.000
696.000	4313.738	418.000
697.000	4313.740	414.000
698.000	4313.743	402.000
699.000	4313.745	434.000
700.000	4313.748	338.000
701.000	4313.750	376.000
702.000	4313.752	360.000
703.000	4313.755	382.000
704.000	4313.757	402.000
705.000	4313.760	478.000
706.000	4313.762	414.000
707.000	4313.765	360.000
708.000	4313.767	394.000
709.000	4313.770	348.000
710.000	4313.773	346.000
711.000	4313.775	354.000
712.000	4313.778	348.000
713.000	4313.780	388.000
714.000	4313.783	396.000
715.000	4313.785	418.000
716.000	4313.788	360.000
717.000	4313.790	366.000
718.000	4313.792	352.000
719.000	4313.795	360.000
720.000	4313.797	360.000
721.000	4313.800	368.000
722.000	4313.802	386.000
723.000	4313.805	404.000
724.000	4313.807	398.000
725.000	4313.810	392.000
726.000	4313.812	388.000
727.000	4313.815	398.000
728.000	4313.818	386.000
729.000	4313.820	342.000
730.000	4313.823	388.000
731.000	4313.825	432.000
732.000	4313.828	374.000
733.000	4313.830	414.000
734.000	4313.833	354.000
735.000	4313.835	424.000
736.000	4313.837	392.000
737.000	4313.840	388.000
738.000	4313.842	358.000
739.000	4313.845	332.000
740.000	4313.847	364.000
741.000	4313.850	322.000
742.000	4313.852	420.000
743.000	4313.855	396.000
744.000	4313.858	314.000
745.000	4313.860	348.000
746.000	4313.863	402.000
747.000	4313.865	382.000
748.000	4313.868	356.000
749.000	4313.870	372.000
750.000	4313.873	374.000
751.000	4313.875	356.000
752.000	4313.877	396.000
753.000	4313.880	370.000
754.000	4313.882	384.000
755.000	4313.885	354.000
756.000	4313.887	354.000
757.000	4313.890	416.000
758.000	4313.892	354.000
759.000	4313.895	324.000
760.000	4313.898	406.000
761.000	4313.900	358.000
762.000	4313.903	362.000
763.000	4313.905	338.000
764.000	4313.908	384.000
765.000	4313.910	392.000
766.000	4313.913	312.000
767.000	4313.915	358.000
768.000	4313.917	388.000
769.000	4313.920	360.000
770.000	4313.922	408.000
771.000	4313.925	318.000
772.000	4313.927	390.000
773.000	4313.930	392.000
774.000	4313.932	372.000
775.000	4313.935	344.000
776.000	4313.937	290.000
777.000	4313.940	408.000
778.000	4313.943	406.000
779.000	4313.945	336.000
780.000	4313.948	412.000
781.000	4313.950	386.000
782.000	4313.953	392.000
783.000	4313.955	374.000
784.000	4313.958	400.000
785.000	4313.960	380.000
786.000	4313.962	390.000
787.000	4313.965	368.000
788.000	4313.967	356.000
789.000	4313.970	426.000
790.000	4313.972	324.000
791.000	4313.975	364.000
792.000	4313.977	412.000
793.000	4313.980	326.000
794.000	4313.983	350.000
795.000	4313.985	380.000
796.000	4313.988	394.000
797.000	4313.990	376.000
798.000	4313.993	312.000
799.000	4313.995	334.000
800.000	4313.998	424.000
801.000	4314.000	390.000
