1.000	4310.500	436.000
2.000	4310.502	378.000
3.000	4310.505	394.000
4.000	4310.507	360.000
5.000	4310.510	398.000
6.000	4310.512	378.000
7.000	4310.515	412.000
8.000	4310.517	408.000
9.000	4310.520	432.000
10.000	4310.523	374.000
11.000	4310.525	364.000
12.000	4310.528	408.000
13.000	4310.530	384.000
14.000	4310.533	356.000
15.000	4310.535	326.000
16.000	4310.538	416.000
17.000	4310.540	392.000
18.000	4310.542	386.000
19.000	4310.545	424.000
20.000	4310.547	358.000
21.000	4310.550	458.000
22.000	4310.552	408.000
23.000	4310.555	430.000
24.000	4310.557	364.000
25.000	4310.560	374.000
26.000	4310.562	452.000
27.000	4310.565	388.000
28.000	4310.568	304.000
29.000	4310.570	422.000
30.000	4310.573	418.000
31.000	4310.575	432.000
32.000	4310.578	358.000
33.000	4310.580	366.000
34.000	4310.583	450.000
35.000	4310.585	380.000
36.000	4310.587	440.000
37.000	4310.590	420.000
38.000	4310.592	354.000
39.000	4310.595	492.000
40.000	4310.597	454.000
41.000	4310.600	358.000
42.000	4310.602	456.000
43.000	4310.605	398.000
44.000	4310.608	354.000
45.000	4310.610	412.000
46.000	4310.613	404.000
47.000	4310.615	418.000
48.000	4310.618	390.000
49.000	4310.620	386.000
50.000	4310.623	356.000
51.000	4310.625	338.000
52.000	4310.627	436.000
53.000	4310.630	412.000
54.000	4310.632	438.000
55.000	4310.635	384.000
56.000	4310.637	458.000
57.000	4310.640	408.000
58.000	4310.642	394.000
59.000	4310.645	394.000
60.000	4310.648	406.000
61.000	4310.650	370.000
62.000	4310.653	390.000
63.000	4310.655	376.000
64.000	4310.658	356.000
65.000	4310.660	364.000
66.000	4310.663	386.000
67.000	4310.665	434.000
68.000	4310.667	378.000
69.000	4310.670	380.000
70.000	4310.672	394.000
71.000	4310.675	384.000
72.000	4310.677	384.000
73.000	4310.680	360.000
74.000	4310.682	336.000
75.000	4310.685	378.000
76.000	4310.687	368.000
77.000	4310.690	416.000
78.000	4310.693	342.000
79.000	4310.695	374.000
80.000	4310.698	412.000
81.000	4310.700	356.000
82.000	4310.703	394.000
83.000	4310.705	376.000
84.000	4310.708	456.000
85.000	4310.710	388.000
86.000	4310.712	386.000
87.000	4310.715	436.000
88.000	4310.717	406.000
89.000	4310.720	392.000
90.000	4310.722	428.000
91.000	4310.725	412.000
92.000	4310.727	392.000
93.000	4310.730	376.000
94.000	4310.733	412.000
95.000	4310.735	378.000
96.000	4310.738	444.000
97.000	4310.740	332.000
98.000	4310.743	376.000
99.000	4310.745	382.000
100.000	4310.748	434.000
101.000	4310.750	398.000
102.000	4310.752	426.000
103.000	4310.755	396.000
104.000	4310.757	412.000
105.000	4310.760	410.000
106.000	4310.762	346.000
107.000	4310.765	364.000
108.000	4310.767	408.000
109.000	4310.770	412.000
110.000	4310.773	394.000
111.000	4310.775	434.000
112.000	4310.778	406.000
113.000	4310.780	434.000
114.000	4310.783	392.000
115.000	4310.785	440.000
116.000	4310.788	386.000
117.000	4310.790	378.000
118.000	4310.792	402.000
119.000	4310.795	334.000
120.000	4310.797	316.000
121.000	4310.800	496.000
122.000	4310.802	420.000
123.000	4310.805	420.000
124.000	4310.807	374.000
125.000	4310.810	354.000
126.000	4310.812	426.000
127.000	4310.815	436.000
128.000	4310.818	410.000
129.000	4310.820	412.000
130.000	4310.823	402.000
131.000	4310.825	352.000
132.000	4310.828	432.000
133.000	4310.830	328.000
134.000	4310.833	398.000
135.000	4310.835	396.000
136.000	4310.837	390.000
137.000	4310.840	400.000
138.000	4310.842	440.000
139.000	4310.845	390.000
140.000	4310.847	430.000
141.000	4310.850	362.000
142.000	4310.852	366.000
143.000	4310.855	368.000
144.000	4310.858	368.000
145.000	4310.860	390.000
146.000	4310.863	382.000
147.000	4310.865	422.000
148.000	4310.868	386.000
149.000	4310.870	376.000
150.000	4310.873	364.000
151.000	4310.875	362.000
152.000	4310.877	348.000
153.000	4310.880	448.000
154.000	4310.882	404.000
155.000	4310.885	366.000
156.000	4310.887	394.000
157.000	4310.890	366.000
158.000	4310.892	356.000
159.000	4310.895	438.000
160.000	4310.898	378.000
161.000	4310.900	344.000
162.000	4310.903	312.000
163.000	4310.905	418.000
164.000	4310.908	358.000
165.000	4310.910	344.000
166.000	4310.913	444.000
167.000	4310.915	394.000
168.000	4310.917	346.000
169.000	4310.920	386.000
170.000	4310.922	422.000
171.000	4310.925	430.000
172.000	4310.927	372.000
173.000	4310.930	374.000
174.000	4310.932	384.000
175.000	4310.935	352.000
176.000	4310.937	414.000
177.000	4310.940	420.000
178.000	4310.943	392.000
179.000	4310.945	372.000
180.000	4310.948	330.000
181.000	4310.950	394.000
182.000	4310.953	382.000
183.000	4310.955	382.000
184.000	4310.958	400.000
185.000	4310.960	370.000
186.000	4310.962	398.000
187.000	4310.965	398.000
188.000	4310.967	382.000
189.000	4310.970	398.000
190.000	4310.972	410.000
191.000	4310.975	432.000
192.000	4310.977	384.000
193.000	4310.980	354.000
194.000	4310.983	400.000
195.000	4310.985	394.000
196.000	4310.988	374.000
197.000	4310.990	428.000
198.000	4310.993	410.000
199.000	4310.995	404.000
200.000	4310.998	372.000
201.000	4311.000	474.000
202.000	4311.002	342.000
203.000	4311.005	438.000
204.000	4311.007	386.000
205.000	4311.010	398.000
206.000	4311.012	412.000
207.000	4311.015	446.000
208.000	4311.017	354.000
209.000	4311.020	356.000
210.000	4311.023	474.000
211.000	4311.025	392.000
212.000	4311.028	420.000
213.000	4311.030	378.000
214.000	4311.033	340.000
215.000	4311.035	412.000
216.000	4311.038	364.000
217.000	4311.040	404.000
218.000	4311.042	420.000
219.000	4311.045	456.000
220.000	4311.047	406.000
221.000	4311.050	388.000
222.000	4311.052	336.000
223.000	4311.055	418.000
224.000	4311.057	356.000
225.000	4311.060	444.000
226.000	4311.062	396.000
227.000	4311.065	400.000
228.000	4311.068	410.000
229.000	4311.070	414.000
230.000	4311.073	422.000
231.000	4311.075	384.000
232.000	4311.078	342.000
233.000	4311.080	434.000
234.000	4311.083	418.000
235.000	4311.085	420.000
236.000	4311.087	464.000
237.000	4311.090	430.000
238.000	4311.092	398.000
239.000	4311.095	388.000
240.000	4311.097	390.000
241.000	4311.100	414.000
242.000	4311.102	306.000
243.000	4311.105	458.000
244.000	4311.108	438.000
245.000	4311.110	402.000
246.000	4311.113	390.000
247.000	4311.115	378.000
248.000	4311.118	418.000
249.000	4311.120	372.000
250.000	4311.123	454.000
251.000	4311.125	394.000
252.000	4311.127	450.000
253.000	4311.130	352.000
254.000	4311.132	428.000
255.000	4311.135	368.000
256.000	4311.137	336.000
257.000	4311.140	402.000
258.000	4311.142	414.000
259.000	4311.145	386.000
260.000	4311.148	376.000
261.000	4311.150	380.000
262.000	4311.153	396.000
263.000	4311.155	410.000
264.000	4311.158	338.000
265.000	4311.160	380.000
266.000	4311.163	404.000
267.000	4311.165	410.000
268.000	4311.167	412.000
269.000	4311.170	384.000
270.000	4311.172	430.000
271.000	4311.175	392.000
272.000	4311.177	364.000
273.000	4311.180	428.000
274.000	4311.182	370.000
275.000	4311.185	402.000
276.000	4311.187	412.000
277.000	4311.190	402.000
278.000	4311.193	400.000
279.000	4311.195	362.000
280.000	4311.198	366.000
281.000	4311.200	428.000
282.000	4311.203	374.000
283.000	4311.205	386.000
284.000	4311.208	386.000
285.000	4311.210	410.000
286.000	4311.212	418.000
287.000	4311.215	398.000
288.000	4311.217	456.000
289.000	4311.220	424.000
290.000	4311.222	388.000
291.000	4311.225	400.000
292.000	4311.227	358.000
293.000	4311.230	422.000
294.000	4311.233	406.000
295.000	4311.235	466.000
296.000	4311.238	384.000
297.000	4311.240	396.000
298.000	4311.243	364.000
299.000	4311.245	446.000
300.000	4311.248	400.000
301.000	4311.250	424.000
302.000	4311.252	382.000
303.000	4311.255	440.000
304.000	4311.257	440.000
305.000	4311.260	424.000
306.000	4311.262	410.000
307.000	4311.265	400.000
308.000	4311.267	414.000
309.000	4311.270	464.000
310.000	4311.273	414.000
311.000	4311.275	370.000
312.000	4311.278	414.000
313.000	4311.280	436.000
314.000	4311.283	408.000
315.000	4311.285	386.000
316.000	4311.288	404.000
317.000	4311.290	460.000
318.000	4311.292	424.000
319.000	4311.295	486.000
320.000	4311.297	486.000
321.000	4311.300	444.000
322.000	4311.302	452.000
323.000	4311.305	484.000
324.000	4311.307	462.000
325.000	4311.310	424.000
326.000	4311.312	474.000
327.000	4311.315	452.000
328.000	4311.318	472.000
329.000	4311.320	470.000
330.000	4311.323	456.000
331.000	4311.325	450.000
332.000	4311.328	478.000
333.000	4311.330	496.000
334.000	4311.333	516.000
335.000	4311.335	412.000
336.000	4311.337	420.000
337.000	4311.340	430.000
338.000	4311.342	516.000
339.000	4311.345	446.000
340.000	4311.347	466.000
341.000	4311.350	518.000
342.000	4311.352	528.000
343.000	4311.355	440.000
344.000	4311.358	512.000
345.000	4311.360	428.000
346.000	4311.363	498.000
347.000	4311.365	564.000
348.000	4311.368	522.000
349.000	4311.370	516.000
350.000	4311.373	482.000
351.000	4311.375	492.000
352.000	4311.377	530.000
353.000	4311.380	542.000
354.000	4311.382	504.000
355.000	4311.385	506.000
356.000	4311.387	424.000
357.000	4311.390	500.000
358.000	4311.392	528.000
359.000	4311.395	610.000
360.000	4311.398	482.000
361.000	4311.400	524.000
362.000	4311.403	460.000
363.000	4311.405	556.000
364.000	4311.408	580.000
365.000	4311.410	616.000
366.000	4311.413	634.000
367.000	4311.415	542.000
368.000	4311.417	514.000
369.000	4311.420	574.000
370.000	4311.422	556.000
371.000	4311.425	584.000
372.000	4311.427	588.000
373.000	4311.430	602.000
374.000	4311.432	676.000
375.000	4311.435	636.000
376.000	4311.437	674.000
377.000	4311.440	638.000
378.000	4311.443	650.000
379.000	4311.445	626.000
380.000	4311.448	598.000
381.000	4311.450	670.000
382.000	4311.453	668.000
383.000	4311.455	680.000
384.000	4311.458	708.000
385.000	4311.460	764.000
386.000	4311.462	772.000
387.000	4311.465	692.000
388.000	4311.467	640.000
389.000	4311.470	626.000
390.000	4311.472	742.000
391.000	4311.475	672.000
392.000	4311.477	604.000
393.000	4311.480	714.000
394.000	4311.483	668.000
395.000	4311.485	684.000
396.000	4311.488	660.000
397.000	4311.490	782.000
398.000	4311.493	798.000
399.000	4311.495	770.000
400.000	4311.498	784.000
401.000	4311.500	858.000
402.000	4311.502	820.000
403.000	4311.505	782.000
404.000	4311.507	842.000
405.000	4311.510	848.000
406.000	4311.512	854.000
407.000	4311.515	854.000
408.000	4311.517	898.000
409.000	4311.520	904.000
410.000	4311.523	888.000
411.000	4311.525	980.000
412.000	4311.528	830.000
413.000	4311.530	1028.000
414.000	4311.533	882.000
415.000	4311.535	988.000
416.000	4311.538	1000.000
417.000	4311.540	1028.000
418.000	4311.542	994.000
419.000	4311.545	1004.000
420.000	4311.547	954.000
421.000	4311.550	992.000
422.000	4311.552	1136.000
423.000	4311.555	1170.000
424.000	4311.557	1092.000
425.000	4311.560	1070.000
426.000	4311.562	1178.000
427.000	4311.565	1106.000
428.000	4311.568	1126.000
429.000	4311.570	1280.000
430.000	4311.573	1120.000
431.000	4311.575	1150.000
432.000	4311.578	1212.000
433.000	4311.580	1086.000
434.000	4311.583	1190.000
435.000	4311.585	1170.000
436.000	4311.587	1248.000
437.000	4311.590	1324.000
438.000	4311.592	1262.000
439.000	4311.595	1182.000
440.000	4311.597	1146.000
441.000	4311.600	1246.000
442.000	4311.602	1264.000
443.000	4311.605	1290.000
444.000	4311.608	1232.000
445.000	4311.610	1244.000
446.000	4311.613	1252.000
447.000	4311.615	1306.000
448.000	4311.618	1334.000
449.000	4311.620	1208.000
450.000	4311.623	1346.000
451.000	4311.625	1328.000
452.000	4311.627	1380.000
453.000	4311.630	1348.000
454.000	4311.632	1290.000
455.000	4311.635	1124.000
456.000	4311.637	1236.000
457.000	4311.640	1286.000
458.000	4311.642	1280.000
459.000	4311.645	1270.000
460.000	4311.648	1314.000
461.000	4311.650	1222.000
462.000	4311.653	1216.000
463.000	4311.655	1240.000
464.000	4311.658	1318.000
465.000	4311.660	1260.000
466.000	4311.663	1312.000
467.000	4311.665	1334.000
468.000	4311.667	1170.000
469.000	4311.670	1206.000
470.000	4311.672	1330.000
471.000	4311.675	1308.000
472.000	4311.677	1176.000
473.000	4311.680	1230.000
474.000	4311.682	1100.000
475.000	4311.685	1100.000
476.000	4311.687	1146.000
477.000	4311.690	1064.000
478.000	4311.693	1006.000
479.000	4311.695	1108.000
480.000	4311.698	1018.000
481.000	4311.700	1020.000
482.000	4311.703	1124.000
483.000	4311.705	1096.000
484.000	4311.708	938.000
485.000	4311.710	1020.000
486.000	4311.712	1028.000
487.000	4311.715	1040.000
488.000	4311.717	960.000
489.000	4311.720	1010.000
490.000	4311.722	860.000
491.000	4311.725	918.000
492.000	4311.727	904.000
493.000	4311.730	900.000
494.000	4311.733	906.000
495.000	4311.735	936.000
496.000	4311.738	958.000
497.000	4311.740	794.000
498.000	4311.743	896.000
499.000	4311.745	786.000
500.000	4311.748	776.000
501.000	4311.750	766.000
502.000	4311.752	760.000
503.000	4311.755	720.000
504.000	4311.757	680.000
505.000	4311.760	626.000
506.000	4311.762	696.000
507.000	4311.765	736.000
508.000	4311.767	652.000
509.000	4311.770	692.000
510.000	4311.773	692.000
511.000	4311.775	578.000
512.000	4311.778	640.000
513.000	4311.780	612.000
514.000	4311.783	586.000
515.000	4311.785	564.000
516.000	4311.788	690.000
517.000	4311.790	586.000
518.000	4311.792	596.000
519.000	4311.795	588.000
520.000	4311.797	634.000
521.000	4311.800	618.000
522.000	4311.802	524.000
523.000	4311.805	542.000
524.000	4311.807	534.000
525.000	4311.810	494.000
526.000	4311.812	534.000
527.000	4311.815	508.000
528.000	4311.818	572.000
529.000	4311.820	528.000
530.000	4311.823	444.000
531.000	4311.825	482.000
532.000	4311.828	460.000
533.000	4311.830	512.000
534.000	4311.833	556.000
535.000	4311.835	484.000
536.000	4311.837	470.000
537.000	4311.840	516.000
538.000	4311.842	446.000
539.000	4311.845	490.000
540.000	4311.847	484.000
541.000	4311.850	494.000
542.000	4311.852	458.000
543.000	4311.855	474.000
544.000	4311.858	490.000
545.000	4311.860	464.000
546.000	4311.863	436.000
547.000	4311.865	464.000
548.000	4311.868	414.000
549.000	4311.870	402.000
550.000	4311.873	404.000
551.000	4311.875	504.000
552.000	4311.877	422.000
553.000	4311.880	474.000
554.000	4311.882	536.000
555.000	4311.885	444.000
556.000	4311.887	486.000
557.000	4311.890	484.000
558.000	4311.892	462.000
559.000	4311.895	472.000
560.000	4311.898	404.000
561.000	4311.900	458.000
562.000	4311.903	406.000
563.000	4311.905	368.000
564.000	4311.908	446.000
565.000	4311.910	484.000
566.000	4311.913	416.000
567.000	4311.915	438.000
568.000	4311.917	452.000
569.000	4311.920	420.000
570.000	4311.922	442.000
571.000	4311.925	414.000
572.000	4311.927	396.000
573.000	4311.930	414.000
574.000	4311.932	442.000
575.000	4311.935	448.000
576.000	4311.937	384.000
577.000	4311.940	450.000
578.000	4311.943	406.000
579.000	4311.945	450.000
580.000	4311.948	390.000
581.000	4311.950	352.000
582.000	4311.953	338.000
583.000	4311.955	424.000
584.000	4311.958	436.000
585.000	4311.960	418.000
586.000	4311.962	386.000
587.000	4311.965	476.000
588.000	4311.967	426.000
589.000	4311.970	452.000
590.000	4311.972	478.000
591.000	4311.975	398.000
592.000	4311.977	452.000
593.000	4311.980	404.000
594.000	4311.983	406.000
595.000	4311.985	392.000
596.000	4311.988	448.000
597.000	4311.990	402.000
598.000	4311.993	410.000
599.000	4311.995	384.000
600.000	4311.998	360.000
601.000	4312.000	426.000
