1.000	6105.000	450.000
2.000	6105.100	560.000
3.000	6105.200	440.000
4.000	6105.300	590.000
5.000	6105.400	390.000
6.000	6105.500	540.000
7.000	6105.600	400.000
8.000	6105.700	640.000
9.000	6105.800	500.000
10.000	6105.900	520.000
11.000	6106.000	470.000
12.000	6106.100	630.000
13.000	6106.200	630.000
14.000	6106.300	580.000
15.000	6106.400	540.000
16.000	6106.500	560.000
17.000	6106.600	660.000
18.000	6106.700	640.000
19.000	6106.800	630.000
20.000	6106.900	660.000
21.000	6107.000	880.000
22.000	6107.100	630.000
23.000	6107.200	690.000
24.000	6107.300	820.000
25.000	6107.400	580.000
26.000	6107.500	770.000
27.000	6107.600	790.000
28.000	6107.700	790.000
29.000	6107.800	950.000
30.000	6107.900	850.000
31.000	6108.000	1170.000
32.000	6108.100	1200.000
33.000	6108.200	1110.000
34.000	6108.300	1350.000
35.000	6108.400	1950.000
36.000	6108.500	2290.000
37.000	6108.600	6460.000
38.000	6108.700	24870.000
39.000	6108.800	87230.000
40.000	6108.900	155750.000
41.000	6109.000	219360.000
42.000	6109.100	218840.000
43.000	6109.200	161750.000
44.000	6109.300	88860.000
45.000	6109.400	28060.000
46.000	6109.500	6550.000
47.000	6109.600	1790.000
48.000	6109.700	1920.000
49.000	6109.800	2440.000
50.000	6109.900	3930.000
51.000	6110.000	4530.000
52.000	6110.100	4830.000
53.000	6110.200	3670.000
54.000	6110.300	2420.000
55.000	6110.400	1360.000
56.000	6110.500	750.000
57.000	6110.600	680.000
58.000	6110.700	610.000
59.000	6110.800	450.000
60.000	6110.900	530.000
61.000	6111.000	600.000
62.000	6111.100	640.000
63.000	6111.200	580.000
64.000	6111.300	840.000
65.000	6111.400	500.000
66.000	6111.500	570.000
67.000	6111.600	450.000
68.000	6111.700	660.000
69.000	6111.800	430.000
70.000	6111.900	490.000
71.000	6112.000	620.000
72.000	6112.100	640.000
73.000	6112.200	580.000
74.000	6112.300	490.000
75.000	6112.400	560.000
76.000	6112.500	550.000
77.000	6112.600	550.000
78.000	6112.700	650.000
79.000	6112.800	720.000
80.000	6112.900	620.000
81.000	6113.000	630.000
82.000	6113.100	600.000
83.000	6113.200	680.000
84.000	6113.300	760.000
85.000	6113.400	770.000
86.000	6113.500	740.000
87.000	6113.600	850.000
88.000	6113.700	710.000
89.000	6113.800	860.000
90.000	6113.900	1210.000
91.000	6114.000	1080.000
92.000	6114.100	1110.000
93.000	6114.200	1100.000
94.000	6114.300	1360.000
95.000	6114.400	1530.000
96.000	6114.500	1540.000
97.000	6114.600	1490.000
98.000	6114.700	1820.000
99.000	6114.800	1960.000
100.000	6114.900	3190.000
101.000	6115.000	5030.000
102.000	6115.100	13390.000
103.000	6115.200	68320.000
104.000	6115.300	191120.000
105.000	6115.400	336910.000
106.000	6115.500	441080.000
107.000	6115.600	420120.000
108.000	6115.700	283670.000
109.000	6115.800	135580.000
110.000	6115.900	38200.000
111.000	6116.000	6590.000
112.000	6116.100	2760.000
113.000	6116.200	2340.000
114.000	6116.300	1730.000
115.000	6116.400	1700.000
116.000	6116.500	1180.000
117.000	6116.600	1060.000
118.000	6116.700	910.000
119.000	6116.800	780.000
120.000	6116.900	980.000
121.000	6117.000	860.000
122.000	6117.100	850.000
123.000	6117.200	740.000
124.000	6117.300	670.000
125.000	6117.400	720.000
126.000	6117.500	710.000
127.000	6117.600	810.000
128.000	6117.700	810.000
129.000	6117.800	530.000
130.000	6117.900	560.000
131.000	6118.000	690.000
132.000	6118.100	620.000
133.000	6118.200	650.000
134.000	6118.300	650.000
135.000	6118.400	530.000
136.000	6118.500	790.000
137.000	6118.600	620.000
138.000	6118.700	630.000
139.000	6118.800	690.000
140.000	6118.900	740.000
141.000	6119.000	610.000
142.000	6119.100	490.000
143.000	6119.200	580.000
144.000	6119.300	590.000
145.000	6119.400	500.000
146.000	6119.500	660.000
147.000	6119.600	760.000
148.000	6119.700	1170.000
149.000	6119.800	1460.000
150.000	6119.900	1840.000
151.000	6120.000	1330.000
