1.000	5844.000	36850.000
2.000	5844.100	39330.000
3.000	5844.200	39770.000
4.000	5844.300	43010.000
5.000	5844.400	45190.000
6.000	5844.500	48460.000
7.000	5844.600	50200.000
8.000	5844.700	52410.000
9.000	5844.800	56050.000
10.000	5844.900	57790.000
11.000	5845.000	62640.000
12.000	5845.100	67740.000
13.000	5845.200	71550.000
14.000	5845.300	78240.000
15.000	5845.400	82600.000
16.000	5845.500	90270.000
17.000	5845.600	97440.000
18.000	5845.700	105390.000
19.000	5845.800	113140.000
20.000	5845.900	126790.000
21.000	5846.000	139130.000
22.000	5846.100	158030.000
23.000	5846.200	179300.000
24.000	5846.300	205290.000
25.000	5846.400	236570.000
26.000	5846.500	270460.000
27.000	5846.600	296600.000
28.000	5846.700	331370.000
29.000	5846.800	376870.000
30.000	5846.900	455800.000
31.000	5847.000	563800.000
32.000	5847.100	724640.000
33.000	5847.200	1000800.000
34.000	5847.300	1827670.000
35.000	5847.400	4315260.000
36.000	5847.500	8699640.000
37.000	5847.600	9502270.000
38.000	5847.700	8040640.000
39.000	5847.800	6930770.000
40.000	5847.900	7266320.000
41.000	5848.000	9556040.000
42.000	5848.100	9638460.000
43.000	5848.200	6468910.000
44.000	5848.300	2317100.000
45.000	5848.400	829140.000
46.000	5848.500	537870.000
47.000	5848.600	384580.000
48.000	5848.700	305250.000
49.000	5848.800	244590.000
50.000	5848.900	201380.000
51.000	5849.000	171050.000
52.000	5849.100	151780.000
53.000	5849.200	132480.000
54.000	5849.300	119740.000
55.000	5849.400	111730.000
56.000	5849.500	105700.000
57.000	5849.600	97920.000
58.000	5849.700	95330.000
59.000	5849.800	88200.000
60.000	5849.900	86870.000
61.000	5850.000	85130.000
62.000	5850.100	81370.000
63.000	5850.200	81220.000
64.000	5850.300	80590.000
65.000	5850.400	82230.000
66.000	5850.500	82100.000
67.000	5850.600	84960.000
68.000	5850.700	88090.000
69.000	5850.800	92610.000
70.000	5850.900	97980.000
71.000	5851.000	101940.000
72.000	5851.100	110710.000
73.000	5851.200	115260.000
74.000	5851.300	123670.000
75.000	5851.400	129070.000
76.000	5851.500	134350.000
77.000	5851.600	142810.000
78.000	5851.700	148300.000
79.000	5851.800	158210.000
80.000	5851.900	163250.000
81.000	5852.000	178740.000
82.000	5852.100	193980.000
83.000	5852.200	211770.000
84.000	5852.300	232960.000
85.000	5852.400	258580.000
86.000	5852.500	293640.000
87.000	5852.600	327830.000
88.000	5852.700	372060.000
89.000	5852.800	441110.000
90.000	5852.900	531100.000
91.000	5853.000	663050.000
92.000	5853.100	864240.000
93.000	5853.200	1328240.000
94.000	5853.300	2740080.000
95.000	5853.400	7516860.000
96.000	5853.500	9648400.000
97.000	5853.600	9254140.000
98.000	5853.700	6876620.000
99.000	5853.800	6812970.000
100.000	5853.900	7750570.000
101.000	5854.000	9645920.000
102.000	5854.100	8689480.000
103.000	5854.200	4223730.000
104.000	5854.300	1128080.000
105.000	5854.400	587010.000
106.000	5854.500	408500.000
107.000	5854.600	307740.000
108.000	5854.700	246380.000
109.000	5854.800	197720.000
110.000	5854.900	164910.000
111.000	5855.000	141040.000
112.000	5855.100	127130.000
113.000	5855.200	112710.000
114.000	5855.300	101830.000
115.000	5855.400	94370.000
116.000	5855.500	87270.000
117.000	5855.600	80920.000
118.000	5855.700	75600.000
119.000	5855.800	71300.000
120.000	5855.900	68040.000
121.000	5856.000	63910.000
122.000	5856.100	61280.000
123.000	5856.200	59300.000
124.000	5856.300	56290.000
125.000	5856.400	56450.000
126.000	5856.500	56010.000
127.000	5856.600	56970.000
128.000	5856.700	57630.000
129.000	5856.800	59170.000
130.000	5856.900	61160.000
131.000	5857.000	61980.000
132.000	5857.100	64130.000
133.000	5857.200	63160.000
134.000	5857.300	64710.000
135.000	5857.400	64020.000
136.000	5857.500	64320.000
137.000	5857.600	63250.000
138.000	5857.700	59210.000
139.000	5857.800	56520.000
140.000	5857.900	53210.000
141.000	5858.000	51710.000
