1.000	4345.000	360.000
2.000	4345.100	280.000
3.000	4345.200	330.000
4.000	4345.300	340.000
5.000	4345.400	400.000
6.000	4345.500	540.000
7.000	4345.600	420.000
8.000	4345.700	410.000
9.000	4345.800	420.000
10.000	4345.900	340.000
11.000	4346.000	330.000
12.000	4346.100	260.000
13.000	4346.200	220.000
14.000	4346.300	430.000
15.000	4346.400	410.000
16.000	4346.500	360.000
17.000	4346.600	370.000
18.000	4346.700	280.000
19.000	4346.800	430.000
20.000	4346.900	350.000
21.000	4347.000	440.000
22.000	4347.100	360.000
23.000	4347.200	300.000
24.000	4347.300	400.000
25.000	4347.400	210.000
26.000	4347.500	360.000
27.000	4347.600	380.000
28.000	4347.700	310.000
29.000	4347.800	410.000
30.000	4347.900	380.000
31.000	4348.000	380.000
32.000	4348.100	330.000
33.000	4348.200	410.000
34.000	4348.300	310.000
35.000	4348.400	330.000
36.000	4348.500	410.000
37.000	4348.600	400.000
38.000	4348.700	240.000
39.000	4348.800	270.000
40.000	4348.900	290.000
41.000	4349.000	320.000
42.000	4349.100	400.000
43.000	4349.200	340.000
44.000	4349.300	280.000
45.000	4349.400	350.000
46.000	4349.500	310.000
47.000	4349.600	330.000
48.000	4349.700	420.000
49.000	4349.800	350.000
50.000	4349.900	290.000
51.000	4350.000	360.000
52.000	4350.100	280.000
53.000	4350.200	330.000
54.000	4350.300	390.000
55.000	4350.400	400.000
56.000	4350.500	490.000
57.000	4350.600	360.000
58.000	4350.700	320.000
59.000	4350.800	250.000
60.000	4350.900	300.000
61.000	4351.000	300.000
62.000	4351.100	370.000
63.000	4351.200	340.000
64.000	4351.300	310.000
65.000	4351.400	330.000
66.000	4351.500	500.000
67.000	4351.600	440.000
68.000	4351.700	350.000
69.000	4351.800	460.000
70.000	4351.900	390.000
71.000	4352.000	410.000
72.000	4352.100	290.000
73.000	4352.200	480.000
74.000	4352.300	260.000
75.000	4352.400	310.000
76.000	4352.500	400.000
77.000	4352.600	260.000
78.000	4352.700	320.000
79.000	4352.800	330.000
80.000	4352.900	330.000
81.000	4353.000	490.000
82.000	4353.100	340.000
83.000	4353.200	330.000
84.000	4353.300	270.000
85.000	4353.400	480.000
86.000	4353.500	410.000
87.000	4353.600	350.000
88.000	4353.700	400.000
89.000	4353.800	320.000
90.000	4353.900	320.000
91.000	4354.000	520.000
92.000	4354.100	230.000
93.000	4354.200	350.000
94.000	4354.300	250.000
95.000	4354.400	420.000
96.000	4354.500	250.000
97.000	4354.600	360.000
98.000	4354.700	360.000
99.000	4354.800	320.000
100.000	4354.900	320.000
101.000	4355.000	400.000
102.000	4355.100	250.000
103.000	4355.200	330.000
104.000	4355.300	540.000
105.000	4355.400	390.000
106.000	4355.500	380.000
107.000	4355.600	380.000
108.000	4355.700	340.000
109.000	4355.800	230.000
110.000	4355.900	310.000
111.000	4356.000	450.000
112.000	4356.100	370.000
113.000	4356.200	390.000
114.000	4356.300	240.000
115.000	4356.400	380.000
116.000	4356.500	310.000
117.000	4356.600	470.000
118.000	4356.700	280.000
119.000	4356.800	230.000
120.000	4356.900	430.000
121.000	4357.000	320.000
122.000	4357.100	510.000
123.000	4357.200	490.000
124.000	4357.300	280.000
125.000	4357.400	360.000
126.000	4357.500	390.000
127.000	4357.600	350.000
128.000	4357.700	350.000
129.000	4357.800	230.000
130.000	4357.900	300.000
131.000	4358.000	400.000
132.000	4358.100	410.000
133.000	4358.200	410.000
134.000	4358.300	390.000
135.000	4358.400	340.000
136.000	4358.500	230.000
137.000	4358.600	410.000
138.000	4358.700	400.000
139.000	4358.800	300.000
140.000	4358.900	350.000
141.000	4359.000	330.000
142.000	4359.100	330.000
143.000	4359.200	340.000
144.000	4359.300	400.000
145.000	4359.400	400.000
146.000	4359.500	280.000
147.000	4359.600	280.000
148.000	4359.700	420.000
149.000	4359.800	320.000
150.000	4359.900	300.000
151.000	4360.000	340.000
