1.000	4458.000	420.000
2.000	4458.100	390.000
3.000	4458.200	320.000
4.000	4458.300	290.000
5.000	4458.400	270.000
6.000	4458.500	380.000
7.000	4458.600	380.000
8.000	4458.700	380.000
9.000	4458.800	420.000
10.000	4458.900	410.000
11.000	4459.000	400.000
12.000	4459.100	270.000
13.000	4459.200	300.000
14.000	4459.300	330.000
15.000	4459.400	410.000
16.000	4459.500	330.000
17.000	4459.600	320.000
18.000	4459.700	380.000
19.000	4459.800	480.000
20.000	4459.900	320.000
21.000	4460.000	320.000
22.000	4460.100	380.000
23.000	4460.200	280.000
24.000	4460.300	300.000
25.000	4460.400	400.000
26.000	4460.500	470.000
27.000	4460.600	300.000
28.000	4460.700	260.000
29.000	4460.800	370.000
30.000	4460.900	350.000
31.000	4461.000	490.000
32.000	4461.100	340.000
33.000	4461.200	330.000
34.000	4461.300	390.000
35.000	4461.400	290.000
36.000	4461.500	430.000
37.000	4461.600	320.000
38.000	4461.700	360.000
39.000	4461.800	380.000
40.000	4461.900	390.000
41.000	4462.000	330.000
42.000	4462.100	310.000
43.000	4462.200	300.000
44.000	4462.300	340.000
45.000	4462.400	300.000
46.000	4462.500	280.000
47.000	4462.600	350.000
48.000	4462.700	360.000
49.000	4462.800	430.000
50.000	4462.900	320.000
51.000	4463.000	420.000
52.000	4463.100	320.000
53.000	4463.200	340.000
54.000	4463.300	420.000
55.000	4463.400	340.000
56.000	4463.500	410.000
57.000	4463.600	320.000
58.000	4463.700	370.000
59.000	4463.800	580.000
60.000	4463.900	400.000
61.000	4464.000	330.000
62.000	4464.100	450.000
63.000	4464.200	360.000
64.000	4464.300	460.000
65.000	4464.400	390.000
66.000	4464.500	350.000
67.000	4464.600	380.000
68.000	4464.700	300.000
69.000	4464.800	230.000
70.000	4464.900	300.000
71.000	4465.000	390.000
72.000	4465.100	660.000
73.000	4465.200	780.000
74.000	4465.300	780.000
75.000	4465.400	760.000
76.000	4465.500	590.000
77.000	4465.600	560.000
78.000	4465.700	290.000
79.000	4465.800	440.000
80.000	4465.900	420.000
81.000	4466.000	360.000
82.000	4466.100	360.000
83.000	4466.200	560.000
84.000	4466.300	510.000
85.000	4466.400	420.000
86.000	4466.500	230.000
87.000	4466.600	390.000
88.000	4466.700	460.000
89.000	4466.800	400.000
90.000	4466.900	330.000
91.000	4467.000	300.000
92.000	4467.100	470.000
93.000	4467.200	390.000
94.000	4467.300	420.000
95.000	4467.400	460.000
96.000	4467.500	300.000
97.000	4467.600	420.000
98.000	4467.700	380.000
99.000	4467.800	500.000
100.000	4467.900	360.000
101.000	4468.000	390.000
102.000	4468.100	320.000
103.000	4468.200	400.000
104.000	4468.300	350.000
105.000	4468.400	420.000
106.000	4468.500	530.000
107.000	4468.600	950.000
108.000	4468.700	1110.000
109.000	4468.800	1240.000
110.000	4468.900	1040.000
111.000	4469.000	870.000
112.000	4469.100	770.000
113.000	4469.200	460.000
114.000	4469.300	410.000
115.000	4469.400	400.000
116.000	4469.500	340.000
117.000	4469.600	420.000
118.000	4469.700	430.000
119.000	4469.800	300.000
120.000	4469.900	500.000
121.000	4470.000	400.000
