1.000	5638.000	600.000
2.000	5638.100	610.000
3.000	5638.200	540.000
4.000	5638.300	660.000
5.000	5638.400	470.000
6.000	5638.500	630.000
7.000	5638.600	470.000
8.000	5638.700	600.000
9.000	5638.800	650.000
10.000	5638.900	530.000
11.000	5639.000	690.000
12.000	5639.100	610.000
13.000	5639.200	560.000
14.000	5639.300	480.000
15.000	5639.400	510.000
16.000	5639.500	720.000
17.000	5639.600	610.000
18.000	5639.700	680.000
19.000	5639.800	780.000
20.000	5639.900	800.000
21.000	5640.000	680.000
22.000	5640.100	650.000
23.000	5640.200	740.000
24.000	5640.300	860.000
25.000	5640.400	870.000
26.000	5640.500	1080.000
27.000	5640.600	770.000
28.000	5640.700	910.000
29.000	5640.800	870.000
30.000	5640.900	890.000
31.000	5641.000	960.000
32.000	5641.100	1030.000
33.000	5641.200	1260.000
34.000	5641.300	1200.000
35.000	5641.400	1100.000
36.000	5641.500	1360.000
37.000	5641.600	1440.000
38.000	5641.700	2260.000
39.000	5641.800	3210.000
40.000	5641.900	4020.000
41.000	5642.000	4750.000
42.000	5642.100	6400.000
43.000	5642.200	12140.000
44.000	5642.300	53990.000
45.000	5642.400	168520.000
46.000	5642.500	318680.000
47.000	5642.600	433470.000
48.000	5642.700	468720.000
49.000	5642.800	370660.000
50.000	5642.900	218530.000
51.000	5643.000	91840.000
52.000	5643.100	22400.000
53.000	5643.200	4480.000
54.000	5643.300	2320.000
55.000	5643.400	2180.000
56.000	5643.500	1540.000
57.000	5643.600	1390.000
58.000	5643.700	1380.000
59.000	5643.800	1320.000
60.000	5643.900	1280.000
61.000	5644.000	1080.000
62.000	5644.100	1030.000
63.000	5644.200	970.000
64.000	5644.300	1030.000
65.000	5644.400	960.000
66.000	5644.500	900.000
67.000	5644.600	740.000
68.000	5644.700	890.000
69.000	5644.800	1010.000
70.000	5644.900	860.000
71.000	5645.000	620.000
72.000	5645.100	870.000
73.000	5645.200	820.000
74.000	5645.300	930.000
75.000	5645.400	770.000
76.000	5645.500	940.000
77.000	5645.600	1010.000
78.000	5645.700	880.000
79.000	5645.800	920.000
80.000	5645.900	940.000
81.000	5646.000	1100.000
82.000	5646.100	1080.000
83.000	5646.200	1000.000
84.000	5646.300	1340.000
85.000	5646.400	1380.000
86.000	5646.500	1170.000
87.000	5646.600	1330.000
88.000	5646.700	1490.000
89.000	5646.800	1660.000
90.000	5646.900	1860.000
91.000	5647.000	1970.000
92.000	5647.100	2450.000
93.000	5647.200	2680.000
94.000	5647.300	3020.000
95.000	5647.400	4040.000
96.000	5647.500	4680.000
97.000	5647.600	7180.000
98.000	5647.700	12300.000
99.000	5647.800	38000.000
100.000	5647.900	162760.000
101.000	5648.000	428820.000
102.000	5648.100	698340.000
103.000	5648.200	916270.000
104.000	5648.300	877780.000
105.000	5648.400	638360.000
106.000	5648.500	347500.000
107.000	5648.600	117000.000
108.000	5648.700	28730.000
109.000	5648.800	6570.000
110.000	5648.900	4020.000
111.000	5649.000	2950.000
112.000	5649.100	2880.000
113.000	5649.200	2190.000
114.000	5649.300	1820.000
115.000	5649.400	1580.000
116.000	5649.500	1930.000
117.000	5649.600	1710.000
118.000	5649.700	1790.000
119.000	5649.800	1960.000
120.000	5649.900	1700.000
121.000	5650.000	1700.000
122.000	5650.100	1520.000
123.000	5650.200	1480.000
124.000	5650.300	1170.000
125.000	5650.400	1000.000
126.000	5650.500	960.000
127.000	5650.600	1140.000
128.000	5650.700	630.000
129.000	5650.800	820.000
130.000	5650.900	640.000
131.000	5651.000	650.000
132.000	5651.100	710.000
133.000	5651.200	790.000
134.000	5651.300	670.000
135.000	5651.400	800.000
136.000	5651.500	780.000
137.000	5651.600	680.000
138.000	5651.700	980.000
139.000	5651.800	950.000
140.000	5651.900	750.000
141.000	5652.000	830.000
