1.000	5110.000	410.000
2.000	5110.100	410.000
3.000	5110.200	340.000
4.000	5110.300	420.000
5.000	5110.400	470.000
6.000	5110.500	420.000
7.000	5110.600	470.000
8.000	5110.700	370.000
9.000	5110.800	470.000
10.000	5110.900	350.000
11.000	5111.000	280.000
12.000	5111.100	330.000
13.000	5111.200	470.000
14.000	5111.300	420.000
15.000	5111.400	470.000
16.000	5111.500	360.000
17.000	5111.600	520.000
18.000	5111.700	400.000
19.000	5111.800	280.000
20.000	5111.900	410.000
21.000	5112.000	360.000
22.000	5112.100	210.000
23.000	5112.200	360.000
24.000	5112.300	380.000
25.000	5112.400	350.000
26.000	5112.500	400.000
27.000	5112.600	460.000
28.000	5112.700	350.000
29.000	5112.800	520.000
30.000	5112.900	510.000
31.000	5113.000	330.000
32.000	5113.100	380.000
33.000	5113.200	380.000
34.000	5113.300	340.000
35.000	5113.400	480.000
36.000	5113.500	660.000
37.000	5113.600	1230.000
38.000	5113.700	3490.000
39.000	5113.800	6430.000
40.000	5113.900	9610.000
41.000	5114.000	11100.000
42.000	5114.100	10080.000
43.000	5114.200	6580.000
44.000	5114.300	3590.000
45.000	5114.400	1340.000
46.000	5114.500	620.000
47.000	5114.600	430.000
48.000	5114.700	340.000
49.000	5114.800	450.000
50.000	5114.900	410.000
51.000	5115.000	490.000
52.000	5115.100	500.000
53.000	5115.200	360.000
54.000	5115.300	480.000
55.000	5115.400	350.000
56.000	5115.500	480.000
57.000	5115.600	400.000
58.000	5115.700	410.000
59.000	5115.800	330.000
60.000	5115.900	380.000
61.000	5116.000	310.000
62.000	5116.100	360.000
63.000	5116.200	600.000
64.000	5116.300	790.000
65.000	5116.400	1080.000
66.000	5116.500	1890.000
67.000	5116.600	1910.000
68.000	5116.700	1960.000
69.000	5116.800	1450.000
70.000	5116.900	940.000
71.000	5117.000	670.000
72.000	5117.100	350.000
73.000	5117.200	430.000
74.000	5117.300	370.000
75.000	5117.400	470.000
76.000	5117.500	450.000
77.000	5117.600	440.000
78.000	5117.700	320.000
79.000	5117.800	500.000
80.000	5117.900	510.000
81.000	5118.000	460.000
82.000	5118.100	520.000
83.000	5118.200	840.000
84.000	5118.300	2980.000
85.000	5118.400	8870.000
86.000	5118.500	14570.000
87.000	5118.600	20760.000
88.000	5118.700	22450.000
89.000	5118.800	16900.000
90.000	5118.900	10130.000
91.000	5119.000	4240.000
92.000	5119.100	1440.000
93.000	5119.200	550.000
94.000	5119.300	500.000
95.000	5119.400	370.000
96.000	5119.500	430.000
97.000	5119.600	370.000
98.000	5119.700	320.000
99.000	5119.800	360.000
100.000	5119.900	460.000
101.000	5120.000	380.000
102.000	5120.100	330.000
103.000	5120.200	350.000
104.000	5120.300	400.000
105.000	5120.400	340.000
106.000	5120.500	410.000
107.000	5120.600	460.000
108.000	5120.700	480.000
109.000	5120.800	400.000
110.000	5120.900	350.000
111.000	5121.000	340.000
112.000	5121.100	340.000
113.000	5121.200	280.000
114.000	5121.300	520.000
115.000	5121.400	420.000
116.000	5121.500	320.000
117.000	5121.600	350.000
118.000	5121.700	330.000
119.000	5121.800	360.000
120.000	5121.900	420.000
121.000	5122.000	390.000
122.000	5122.100	290.000
123.000	5122.200	360.000
124.000	5122.300	260.000
125.000	5122.400	510.000
126.000	5122.500	320.000
127.000	5122.600	410.000
128.000	5122.700	490.000
129.000	5122.800	340.000
130.000	5122.900	450.000
131.000	5123.000	470.000
