1.000	4945.000	650.000
2.000	4945.100	720.000
3.000	4945.200	1840.000
4.000	4945.300	6950.000
5.000	4945.400	14490.000
6.000	4945.500	22010.000
7.000	4945.600	29620.000
8.000	4945.700	26660.000
9.000	4945.800	21330.000
10.000	4945.900	13000.000
11.000	4946.000	5790.000
12.000	4946.100	1780.000
13.000	4946.200	740.000
14.000	4946.300	660.000
15.000	4946.400	480.000
16.000	4946.500	350.000
17.000	4946.600	470.000
18.000	4946.700	390.000
19.000	4946.800	480.000
20.000	4946.900	490.000
21.000	4947.000	380.000
22.000	4947.100	350.000
23.000	4947.200	460.000
24.000	4947.300	370.000
25.000	4947.400	530.000
26.000	4947.500	520.000
27.000	4947.600	360.000
28.000	4947.700	460.000
29.000	4947.800	390.000
30.000	4947.900	410.000
31.000	4948.000	420.000
32.000	4948.100	330.000
33.000	4948.200	470.000
34.000	4948.300	430.000
35.000	4948.400	500.000
36.000	4948.500	480.000
37.000	4948.600	620.000
38.000	4948.700	610.000
39.000	4948.800	480.000
40.000	4948.900	510.000
41.000	4949.000	510.000
42.000	4949.100	720.000
43.000	4949.200	770.000
44.000	4949.300	980.000
45.000	4949.400	2100.000
46.000	4949.500	8160.000
47.000	4949.600	23210.000
48.000	4949.700	41000.000
49.000	4949.800	55980.000
50.000	4949.900	58670.000
51.000	4950.000	46520.000
52.000	4950.100	28380.000
53.000	4950.200	12250.000
54.000	4950.300	3430.000
55.000	4950.400	1040.000
56.000	4950.500	470.000
57.000	4950.600	600.000
58.000	4950.700	570.000
59.000	4950.800	550.000
60.000	4950.900	420.000
61.000	4951.000	420.000
62.000	4951.100	300.000
63.000	4951.200	450.000
64.000	4951.300	430.000
65.000	4951.400	350.000
66.000	4951.500	310.000
67.000	4951.600	300.000
68.000	4951.700	490.000
69.000	4951.800	450.000
70.000	4951.900	380.000
71.000	4952.000	350.000
72.000	4952.100	480.000
73.000	4952.200	270.000
74.000	4952.300	370.000
75.000	4952.400	410.000
76.000	4952.500	310.000
77.000	4952.600	410.000
78.000	4952.700	360.000
79.000	4952.800	290.000
80.000	4952.900	310.000
81.000	4953.000	370.000
