1.000	4713.000	460.000
2.000	4713.100	400.000
3.000	4713.200	310.000
4.000	4713.300	380.000
5.000	4713.400	410.000
6.000	4713.500	390.000
7.000	4713.600	300.000
8.000	4713.700	370.000
9.000	4713.800	340.000
10.000	4713.900	490.000
11.000	4714.000	280.000
12.000	4714.100	320.000
13.000	4714.200	350.000
14.000	4714.300	240.000
15.000	4714.400	420.000
16.000	4714.500	240.000
17.000	4714.600	400.000
18.000	4714.700	240.000
19.000	4714.800	480.000
20.000	4714.900	460.000
21.000	4715.000	490.000
22.000	4715.100	330.000
23.000	4715.200	380.000
24.000	4715.300	490.000
25.000	4715.400	310.000
26.000	4715.500	530.000
27.000	4715.600	390.000
28.000	4715.700	340.000
29.000	4715.800	380.000
30.000	4715.900	400.000
31.000	4716.000	380.000
32.000	4716.100	370.000
33.000	4716.200	470.000
34.000	4716.300	260.000
35.000	4716.400	330.000
36.000	4716.500	610.000
37.000	4716.600	600.000
38.000	4716.700	1110.000
39.000	4716.800	1560.000
40.000	4716.900	1620.000
41.000	4717.000	1330.000
42.000	4717.100	1110.000
43.000	4717.200	680.000
44.000	4717.300	510.000
45.000	4717.400	530.000
46.000	4717.500	320.000
47.000	4717.600	410.000
48.000	4717.700	370.000
49.000	4717.800	420.000
50.000	4717.900	450.000
51.000	4718.000	420.000
52.000	4718.100	310.000
53.000	4718.200	330.000
54.000	4718.300	340.000
55.000	4718.400	440.000
56.000	4718.500	430.000
57.000	4718.600	310.000
58.000	4718.700	370.000
59.000	4718.800	400.000
60.000	4718.900	400.000
61.000	4719.000	430.000
62.000	4719.100	360.000
63.000	4719.200	360.000
64.000	4719.300	350.000
65.000	4719.400	440.000
66.000	4719.500	470.000
67.000	4719.600	310.000
68.000	4719.700	430.000
69.000	4719.800	340.000
70.000	4719.900	270.000
71.000	4720.000	420.000
72.000	4720.100	280.000
73.000	4720.200	350.000
74.000	4720.300	280.000
75.000	4720.400	790.000
76.000	4720.500	1210.000
77.000	4720.600	1740.000
78.000	4720.700	2300.000
79.000	4720.800	2860.000
80.000	4720.900	2400.000
81.000	4721.000	1790.000
82.000	4721.100	1100.000
83.000	4721.200	460.000
84.000	4721.300	420.000
85.000	4721.400	320.000
86.000	4721.500	390.000
87.000	4721.600	370.000
88.000	4721.700	430.000
89.000	4721.800	480.000
90.000	4721.900	780.000
91.000	4722.000	600.000
92.000	4722.100	550.000
93.000	4722.200	380.000
94.000	4722.300	310.000
95.000	4722.400	340.000
96.000	4722.500	350.000
97.000	4722.600	360.000
98.000	4722.700	400.000
99.000	4722.800	400.000
100.000	4722.900	370.000
101.000	4723.000	440.000
102.000	4723.100	360.000
103.000	4723.200	460.000
104.000	4723.300	250.000
105.000	4723.400	330.000
106.000	4723.500	500.000
107.000	4723.600	360.000
108.000	4723.700	400.000
109.000	4723.800	310.000
110.000	4723.900	380.000
111.000	4724.000	310.000
112.000	4724.100	420.000
113.000	4724.200	300.000
114.000	4724.300	310.000
115.000	4724.400	330.000
116.000	4724.500	340.000
117.000	4724.600	430.000
118.000	4724.700	510.000
119.000	4724.800	380.000
120.000	4724.900	340.000
121.000	4725.000	330.000
