1.000	4434.000	430.000
2.000	4434.100	490.000
3.000	4434.200	310.000
4.000	4434.300	440.000
5.000	4434.400	380.000
6.000	4434.500	410.000
7.000	4434.600	350.000
8.000	4434.700	410.000
9.000	4434.800	280.000
10.000	4434.900	360.000
11.000	4435.000	260.000
12.000	4435.100	340.000
13.000	4435.200	440.000
14.000	4435.300	250.000
15.000	4435.400	480.000
16.000	4435.500	410.000
17.000	4435.600	390.000
18.000	4435.700	320.000
19.000	4435.800	350.000
20.000	4435.900	310.000
21.000	4436.000	440.000
22.000	4436.100	380.000
23.000	4436.200	370.000
24.000	4436.300	330.000
25.000	4436.400	320.000
26.000	4436.500	430.000
27.000	4436.600	490.000
28.000	4436.700	410.000
29.000	4436.800	310.000
30.000	4436.900	560.000
31.000	4437.000	360.000
32.000	4437.100	400.000
33.000	4437.200	290.000
34.000	4437.300	310.000
35.000	4437.400	450.000
36.000	4437.500	300.000
37.000	4437.600	360.000
38.000	4437.700	350.000
39.000	4437.800	360.000
40.000	4437.900	260.000
41.000	4438.000	320.000
42.000	4438.100	460.000
43.000	4438.200	370.000
44.000	4438.300	230.000
45.000	4438.400	330.000
46.000	4438.500	310.000
47.000	4438.600	380.000
48.000	4438.700	350.000
49.000	4438.800	450.000
50.000	4438.900	430.000
51.000	4439.000	360.000
52.000	4439.100	320.000
53.000	4439.200	340.000
54.000	4439.300	280.000
55.000	4439.400	370.000
56.000	4439.500	320.000
57.000	4439.600	330.000
58.000	4439.700	330.000
59.000	4439.800	280.000
60.000	4439.900	400.000
61.000	4440.000	380.000
62.000	4440.100	410.000
63.000	4440.200	440.000
64.000	4440.300	460.000
65.000	4440.400	280.000
66.000	4440.500	440.000
67.000	4440.600	320.000
68.000	4440.700	380.000
69.000	4440.800	300.000
70.000	4440.900	300.000
71.000	4441.000	380.000
72.000	4441.100	290.000
73.000	4441.200	310.000
74.000	4441.300	470.000
75.000	4441.400	350.000
76.000	4441.500	400.000
77.000	4441.600	500.000
78.000	4441.700	280.000
79.000	4441.800	350.000
80.000	4441.900	440.000
81.000	4442.000	380.000
