1.000	4630.000	390.000
2.000	4630.100	310.000
3.000	4630.200	400.000
4.000	4630.300	520.000
5.000	4630.400	370.000
6.000	4630.500	490.000
7.000	4630.600	430.000
8.000	4630.700	480.000
9.000	4630.800	230.000
10.000	4630.900	300.000
11.000	4631.000	440.000
12.000	4631.100	390.000
13.000	4631.200	400.000
14.000	4631.300	330.000
15.000	4631.400	400.000
16.000	4631.500	450.000
17.000	4631.600	520.000
18.000	4631.700	430.000
19.000	4631.800	360.000
20.000	4631.900	560.000
21.000	4632.000	410.000
22.000	4632.100	440.000
23.000	4632.200	420.000
24.000	4632.300	490.000
25.000	4632.400	460.000
26.000	4632.500	480.000
27.000	4632.600	430.000
28.000	4632.700	300.000
29.000	4632.800	440.000
30.000	4632.900	470.000
31.000	4633.000	400.000
32.000	4633.100	450.000
33.000	4633.200	550.000
34.000	4633.300	330.000
35.000	4633.400	480.000
36.000	4633.500	560.000
37.000	4633.600	510.000
38.000	4633.700	430.000
39.000	4633.800	430.000
40.000	4633.900	650.000
41.000	4634.000	990.000
42.000	4634.100	2310.000
43.000	4634.200	3920.000
44.000	4634.300	5680.000
45.000	4634.400	6460.000
46.000	4634.500	5430.000
47.000	4634.600	3580.000
48.000	4634.700	2450.000
49.000	4634.800	1050.000
50.000	4634.900	510.000
51.000	4635.000	340.000
52.000	4635.100	500.000
53.000	4635.200	530.000
54.000	4635.300	390.000
55.000	4635.400	540.000
56.000	4635.500	340.000
57.000	4635.600	380.000
58.000	4635.700	390.000
59.000	4635.800	420.000
60.000	4635.900	340.000
61.000	4636.000	560.000
62.000	4636.100	520.000
63.000	4636.200	390.000
64.000	4636.300	520.000
65.000	4636.400	470.000
66.000	4636.500	330.000
67.000	4636.600	490.000
68.000	4636.700	450.000
69.000	4636.800	370.000
70.000	4636.900	300.000
71.000	4637.000	430.000
72.000	4637.100	460.000
73.000	4637.200	310.000
74.000	4637.300	370.000
75.000	4637.400	470.000
76.000	4637.500	380.000
77.000	4637.600	480.000
78.000	4637.700	750.000
79.000	4637.800	1970.000
80.000	4637.900	4500.000
81.000	4638.000	8470.000
82.000	4638.100	11750.000
83.000	4638.200	11700.000
84.000	4638.300	9910.000
85.000	4638.400	6420.000
86.000	4638.500	3040.000
87.000	4638.600	880.000
88.000	4638.700	610.000
89.000	4638.800	390.000
90.000	4638.900	410.000
91.000	4639.000	380.000
92.000	4639.100	390.000
93.000	4639.200	450.000
94.000	4639.300	500.000
95.000	4639.400	480.000
96.000	4639.500	400.000
97.000	4639.600	420.000
98.000	4639.700	470.000
99.000	4639.800	490.000
100.000	4639.900	360.000
101.000	4640.000	510.000
102.000	4640.100	380.000
103.000	4640.200	350.000
104.000	4640.300	370.000
105.000	4640.400	310.000
106.000	4640.500	420.000
107.000	4640.600	350.000
108.000	4640.700	480.000
109.000	4640.800	280.000
110.000	4640.900	380.000
111.000	4641.000	370.000
112.000	4641.100	380.000
113.000	4641.200	460.000
114.000	4641.300	400.000
115.000	4641.400	450.000
116.000	4641.500	420.000
117.000	4641.600	410.000
118.000	4641.700	370.000
119.000	4641.800	370.000
120.000	4641.900	500.000
121.000	4642.000	600.000
