1.000	4300.000	28670.000
2.000	4301.000	29510.000
3.000	4302.000	27130.000
4.000	4303.000	25780.000
5.000	4304.000	24930.000
6.000	4305.000	29790.000
7.000	4306.000	26870.000
8.000	4307.000	27030.000
9.000	4308.000	26970.000
10.000	4309.000	27590.000
11.000	4310.000	27500.000
12.000	4311.000	34070.000
13.000	4312.000	37420.000
14.000	4313.000	69760.000
15.000	4314.000	28790.000
16.000	4315.000	27170.000
17.000	4316.000	24980.000
18.000	4317.000	29140.000
19.000	4318.000	26570.000
20.000	4319.000	27440.000
21.000	4320.000	28140.000
22.000	4321.000	27690.000
23.000	4322.000	26950.000
24.000	4323.000	27560.000
25.000	4324.000	28700.000
26.000	4325.000	40660.000
27.000	4326.000	27070.000
28.000	4327.000	29760.000
29.000	4328.000	28520.000
30.000	4329.000	27590.000
31.000	4330.000	43600.000
32.000	4331.000	26940.000
33.000	4332.000	26250.000
34.000	4333.000	24720.000
35.000	4334.000	28980.000
36.000	4335.000	30510.000
37.000	4336.000	29070.000
38.000	4337.000	29290.000
39.000	4338.000	33370.000
40.000	4339.000	43340.000
41.000	4340.000	29180.000
42.000	4341.000	27460.000
43.000	4342.000	40160.000
44.000	4343.000	27280.000
45.000	4344.000	28340.000
46.000	4345.000	26640.000
47.000	4346.000	26110.000
48.000	4347.000	27770.000
49.000	4348.000	26480.000
50.000	4349.000	39960.000
51.000	4350.000	31650.000
52.000	4351.000	29810.000
53.000	4352.000	33640.000
54.000	4353.000	29210.000
55.000	4354.000	37640.000
56.000	4355.000	33760.000
57.000	4356.000	31020.000
58.000	4357.000	40790.000
59.000	4358.000	43560.000
60.000	4359.000	28990.000
61.000	4360.000	31970.000
