1.000	4000.000	37700.000
2.000	4001.000	39470.000
3.000	4002.000	38390.000
4.000	4003.000	48620.000
5.000	4004.000	38600.000
6.000	4005.000	40230.000
7.000	4006.000	46760.000
8.000	4007.000	43950.000
9.000	4008.000	38310.000
10.000	4009.000	42920.000
11.000	4010.000	37600.000
12.000	4011.000	49130.000
13.000	4012.000	46660.000
14.000	4013.000	41760.000
15.000	4014.000	37500.000
16.000	4015.000	39380.000
17.000	4016.000	37240.000
18.000	4017.000	38240.000
19.000	4018.000	45720.000
20.000	4019.000	40810.000
21.000	4020.000	42620.000
22.000	4021.000	64340.000
23.000	4022.000	41890.000
24.000	4023.000	54040.000
25.000	4024.000	36810.000
26.000	4025.000	67340.000
27.000	4026.000	43880.000
28.000	4027.000	38680.000
29.000	4028.000	71490.000
30.000	4029.000	56730.000
31.000	4030.000	71630.000
32.000	4031.000	59280.000
33.000	4032.000	45820.000
34.000	4033.000	47280.000
35.000	4034.000	70240.000
36.000	4035.000	38340.000
37.000	4036.000	44290.000
38.000	4037.000	81280.000
39.000	4038.000	57480.000
40.000	4039.000	36300.000
41.000	4040.000	43320.000
42.000	4041.000	69510.000
43.000	4042.000	34720.000
44.000	4043.000	36860.000
45.000	4044.000	93800.000
46.000	4045.000	36160.000
47.000	4046.000	37170.000
48.000	4047.000	40680.000
49.000	4048.000	37460.000
50.000	4049.000	37080.000
51.000	4050.000	35490.000
52.000	4051.000	34330.000
53.000	4052.000	33680.000
54.000	4053.000	55770.000
55.000	4054.000	37970.000
56.000	4055.000	32560.000
57.000	4056.000	34720.000
58.000	4057.000	38000.000
59.000	4058.000	37640.000
60.000	4059.000	36870.000
61.000	4060.000	33250.000
62.000	4061.000	46930.000
63.000	4062.000	56250.000
64.000	4063.000	35410.000
65.000	4064.000	32400.000
66.000	4065.000	35520.000
67.000	4066.000	33640.000
68.000	4067.000	30310.000
69.000	4068.000	33080.000
70.000	4069.000	34260.000
71.000	4070.000	43330.000
72.000	4071.000	33130.000
73.000	4072.000	35190.000
74.000	4073.000	32500.000
75.000	4074.000	30720.000
76.000	4075.000	55620.000
77.000	4076.000	53150.000
78.000	4077.000	30610.000
79.000	4078.000	31870.000
80.000	4079.000	31480.000
81.000	4080.000	42050.000
82.000	4081.000	30390.000
83.000	4082.000	33370.000
84.000	4083.000	29240.000
85.000	4084.000	33960.000
86.000	4085.000	30020.000
87.000	4086.000	32950.000
88.000	4087.000	27350.000
89.000	4088.000	33440.000
90.000	4089.000	30770.000
91.000	4090.000	33420.000
92.000	4091.000	28080.000
93.000	4092.000	28220.000
94.000	4093.000	28900.000
95.000	4094.000	28250.000
96.000	4095.000	33580.000
97.000	4096.000	28960.000
98.000	4097.000	32450.000
99.000	4098.000	37350.000
100.000	4099.000	42670.000
101.000	4100.000	38030.000
102.000	4101.000	71110.000
103.000	4102.000	27030.000
104.000	4103.000	35750.000
105.000	4104.000	30280.000
106.000	4105.000	80250.000
107.000	4106.000	31590.000
108.000	4107.000	27480.000
109.000	4108.000	83770.000
110.000	4109.000	28990.000
111.000	4110.000	53150.000
112.000	4111.000	47710.000
113.000	4112.000	32780.000
114.000	4113.000	28790.000
115.000	4114.000	32680.000
116.000	4115.000	27200.000
117.000	4116.000	32150.000
118.000	4117.000	26940.000
119.000	4118.000	27600.000
120.000	4119.000	39230.000
121.000	4120.000	33500.000
122.000	4121.000	39940.000
123.000	4122.000	27190.000
124.000	4123.000	27500.000
125.000	4124.000	37340.000
126.000	4125.000	27170.000
127.000	4126.000	29330.000
128.000	4127.000	44430.000
129.000	4128.000	27240.000
130.000	4129.000	29750.000
131.000	4130.000	26660.000
