1.000	4310.000	28270.000
2.000	4310.100	27990.000
3.000	4310.200	27100.000
4.000	4310.300	26870.000
5.000	4310.400	26400.000
6.000	4310.500	25260.000
7.000	4310.600	25310.000
8.000	4310.700	26080.000
9.000	4310.800	27170.000
10.000	4310.900	28440.000
11.000	4311.000	32350.000
12.000	4311.100	41480.000
13.000	4311.200	61590.000
14.000	4311.300	91220.000
15.000	4311.400	132610.000
16.000	4311.500	155280.000
17.000	4311.600	159090.000
18.000	4311.700	132200.000
19.000	4311.800	94800.000
20.000	4311.900	61740.000
21.000	4312.000	39550.000
22.000	4312.100	32780.000
23.000	4312.200	33150.000
24.000	4312.300	41230.000
25.000	4312.400	60180.000
26.000	4312.500	85360.000
27.000	4312.600	114290.000
28.000	4312.700	134080.000
29.000	4312.800	133070.000
30.000	4312.900	106330.000
31.000	4313.000	76800.000
32.000	4313.100	52410.000
33.000	4313.200	36660.000
34.000	4313.300	32050.000
35.000	4313.400	30990.000
36.000	4313.500	29450.000
37.000	4313.600	29290.000
38.000	4313.700	28200.000
39.000	4313.800	28580.000
40.000	4313.900	28740.000
41.000	4314.000	29120.000
42.000	4314.100	29440.000
43.000	4314.200	27870.000
44.000	4314.300	27270.000
45.000	4314.400	26030.000
46.000	4314.500	25400.000
47.000	4314.600	26080.000
48.000	4314.700	26610.000
49.000	4314.800	26500.000
50.000	4314.900	27610.000
51.000	4315.000	27150.000
52.000	4315.100	27750.000
53.000	4315.200	26750.000
54.000	4315.300	28760.000
55.000	4315.400	29240.000
56.000	4315.500	29460.000
57.000	4315.600	30070.000
58.000	4315.700	30380.000
59.000	4315.800	27550.000
60.000	4315.900	26580.000
61.000	4316.000	26020.000
62.000	4316.100	25330.000
63.000	4316.200	26020.000
64.000	4316.300	24940.000
65.000	4316.400	24970.000
66.000	4316.500	25820.000
67.000	4316.600	25930.000
68.000	4316.700	27420.000
69.000	4316.800	27390.000
70.000	4316.900	27560.000
71.000	4317.000	27650.000
72.000	4317.100	28490.000
73.000	4317.200	28680.000
74.000	4317.300	26680.000
75.000	4317.400	26410.000
76.000	4317.500	26100.000
77.000	4317.600	24930.000
78.000	4317.700	25740.000
79.000	4317.800	26280.000
80.000	4317.900	25940.000
81.000	4318.000	27710.000
82.000	4318.100	27310.000
83.000	4318.200	27710.000
84.000	4318.300	27000.000
85.000	4318.400	25100.000
86.000	4318.500	26330.000
87.000	4318.600	27400.000
88.000	4318.700	28830.000
89.000	4318.800	29150.000
90.000	4318.900	29200.000
91.000	4319.000	28020.000
92.000	4319.100	26990.000
93.000	4319.200	25870.000
94.000	4319.300	26940.000
95.000	4319.400	28250.000
96.000	4319.500	30580.000
97.000	4319.600	31480.000
98.000	4319.700	29500.000
99.000	4319.800	29240.000
100.000	4319.900	28780.000
101.000	4320.000	28560.000
