1.000	6075.000	380.000
2.000	6075.200	390.000
3.000	6075.400	300.000
4.000	6075.600	290.000
5.000	6075.800	300.000
6.000	6076.000	240.000
7.000	6076.200	300.000
8.000	6076.400	310.000
9.000	6076.600	310.000
10.000	6076.800	340.000
11.000	6077.000	270.000
12.000	6077.200	310.000
13.000	6077.400	310.000
14.000	6077.600	310.000
15.000	6077.800	250.000
16.000	6078.000	300.000
17.000	6078.200	410.000
18.000	6078.400	250.000
19.000	6078.600	280.000
20.000	6078.800	290.000
21.000	6079.000	320.000
22.000	6079.200	260.000
23.000	6079.400	400.000
24.000	6079.600	210.000
25.000	6079.800	370.000
26.000	6080.000	320.000
27.000	6080.200	280.000
28.000	6080.400	280.000
29.000	6080.600	400.000
30.000	6080.800	240.000
31.000	6081.000	330.000
32.000	6081.200	280.000
33.000	6081.400	200.000
34.000	6081.600	270.000
35.000	6081.800	230.000
36.000	6082.000	280.000
37.000	6082.200	240.000
38.000	6082.400	260.000
39.000	6082.600	230.000
40.000	6082.800	280.000
41.000	6083.000	330.000
42.000	6083.200	250.000
43.000	6083.400	220.000
44.000	6083.600	280.000
45.000	6083.800	290.000
46.000	6084.000	200.000
47.000	6084.200	160.000
48.000	6084.400	430.000
49.000	6084.600	330.000
50.000	6084.800	290.000
51.000	6085.000	310.000
52.000	6085.200	330.000
53.000	6085.400	320.000
54.000	6085.600	370.000
55.000	6085.800	410.000
56.000	6086.000	360.000
57.000	6086.200	390.000
58.000	6086.400	260.000
59.000	6086.600	430.000
60.000	6086.800	280.000
61.000	6087.000	240.000
62.000	6087.200	340.000
63.000	6087.400	390.000
64.000	6087.600	300.000
65.000	6087.800	280.000
66.000	6088.000	340.000
67.000	6088.200	270.000
68.000	6088.400	400.000
69.000	6088.600	390.000
70.000	6088.800	360.000
71.000	6089.000	300.000
72.000	6089.200	210.000
73.000	6089.400	290.000
74.000	6089.600	300.000
75.000	6089.800	310.000
76.000	6090.000	200.000
77.000	6090.200	330.000
78.000	6090.400	350.000
79.000	6090.600	400.000
80.000	6090.800	310.000
81.000	6091.000	360.000
82.000	6091.200	400.000
83.000	6091.400	210.000
84.000	6091.600	400.000
85.000	6091.800	330.000
86.000	6092.000	280.000
87.000	6092.200	250.000
88.000	6092.400	340.000
89.000	6092.600	350.000
90.000	6092.800	340.000
91.000	6093.000	330.000
92.000	6093.200	330.000
93.000	6093.400	310.000
94.000	6093.600	360.000
95.000	6093.800	400.000
96.000	6094.000	310.000
97.000	6094.200	360.000
98.000	6094.400	340.000
99.000	6094.600	370.000
100.000	6094.800	310.000
101.000	6095.000	250.000
102.000	6095.200	340.000
103.000	6095.400	360.000
104.000	6095.600	390.000
105.000	6095.800	360.000
106.000	6096.000	380.000
107.000	6096.200	340.000
108.000	6096.400	300.000
109.000	6096.600	340.000
110.000	6096.800	240.000
111.000	6097.000	220.000
112.000	6097.200	240.000
113.000	6097.400	460.000
114.000	6097.600	550.000
115.000	6097.800	500.000
116.000	6098.000	300.000
117.000	6098.200	300.000
118.000	6098.400	400.000
119.000	6098.600	380.000
120.000	6098.800	290.000
121.000	6099.000	320.000
122.000	6099.200	330.000
123.000	6099.400	210.000
124.000	6099.600	380.000
125.000	6099.800	270.000
126.000	6100.000	310.000
127.000	6100.200	320.000
128.000	6100.400	240.000
129.000	6100.600	320.000
130.000	6100.800	370.000
131.000	6101.000	420.000
132.000	6101.200	270.000
133.000	6101.400	250.000
134.000	6101.600	290.000
135.000	6101.800	340.000
136.000	6102.000	310.000
137.000	6102.200	440.000
138.000	6102.400	360.000
139.000	6102.600	390.000
140.000	6102.800	400.000
141.000	6103.000	290.000
142.000	6103.200	270.000
143.000	6103.400	220.000
144.000	6103.600	400.000
145.000	6103.800	310.000
146.000	6104.000	380.000
147.000	6104.200	240.000
148.000	6104.400	340.000
149.000	6104.600	430.000
150.000	6104.800	220.000
151.000	6105.000	370.000
152.000	6105.200	310.000
153.000	6105.400	340.000
154.000	6105.600	360.000
155.000	6105.800	490.000
156.000	6106.000	280.000
157.000	6106.200	380.000
158.000	6106.400	270.000
159.000	6106.600	290.000
160.000	6106.800	260.000
161.000	6107.000	330.000
162.000	6107.200	230.000
163.000	6107.400	280.000
164.000	6107.600	170.000
165.000	6107.800	500.000
166.000	6108.000	360.000
167.000	6108.200	260.000
168.000	6108.400	390.000
169.000	6108.600	350.000
170.000	6108.800	390.000
171.000	6109.000	310.000
172.000	6109.200	300.000
173.000	6109.400	300.000
174.000	6109.600	350.000
175.000	6109.800	340.000
176.000	6110.000	410.000
177.000	6110.200	340.000
178.000	6110.400	280.000
179.000	6110.600	230.000
180.000	6110.800	290.000
181.000	6111.000	290.000
182.000	6111.200	350.000
183.000	6111.400	290.000
184.000	6111.600	290.000
185.000	6111.800	300.000
186.000	6112.000	300.000
187.000	6112.200	260.000
188.000	6112.400	330.000
189.000	6112.600	380.000
190.000	6112.800	270.000
191.000	6113.000	300.000
192.000	6113.200	460.000
193.000	6113.400	300.000
194.000	6113.600	420.000
195.000	6113.800	330.000
196.000	6114.000	330.000
197.000	6114.200	410.000
198.000	6114.400	290.000
199.000	6114.600	320.000
200.000	6114.800	310.000
201.000	6115.000	370.000
202.000	6115.200	290.000
203.000	6115.400	360.000
204.000	6115.600	380.000
205.000	6115.800	310.000
206.000	6116.000	280.000
207.000	6116.200	360.000
208.000	6116.400	400.000
209.000	6116.600	340.000
210.000	6116.800	390.000
211.000	6117.000	290.000
212.000	6117.200	390.000
213.000	6117.400	280.000
214.000	6117.600	270.000
215.000	6117.800	260.000
216.000	6118.000	300.000
217.000	6118.200	330.000
218.000	6118.400	330.000
219.000	6118.600	220.000
220.000	6118.800	310.000
221.000	6119.000	230.000
222.000	6119.200	250.000
223.000	6119.400	300.000
224.000	6119.600	330.000
225.000	6119.800	260.000
226.000	6120.000	340.000
227.000	6120.200	260.000
228.000	6120.400	370.000
229.000	6120.600	400.000
230.000	6120.800	260.000
231.000	6121.000	340.000
232.000	6121.200	400.000
233.000	6121.400	270.000
234.000	6121.600	270.000
235.000	6121.800	340.000
236.000	6122.000	180.000
237.000	6122.200	340.000
238.000	6122.400	300.000
239.000	6122.600	460.000
240.000	6122.800	320.000
241.000	6123.000	370.000
242.000	6123.200	300.000
243.000	6123.400	420.000
244.000	6123.600	540.000
245.000	6123.800	350.000
246.000	6124.000	220.000
247.000	6124.200	270.000
248.000	6124.400	470.000
249.000	6124.600	400.000
250.000	6124.800	380.000
251.000	6125.000	330.000
252.000	6125.200	310.000
253.000	6125.400	290.000
254.000	6125.600	190.000
255.000	6125.800	330.000
256.000	6126.000	390.000
257.000	6126.200	340.000
258.000	6126.400	430.000
259.000	6126.600	360.000
260.000	6126.800	510.000
261.000	6127.000	360.000
262.000	6127.200	470.000
263.000	6127.400	260.000
264.000	6127.600	270.000
265.000	6127.800	320.000
266.000	6128.000	350.000
267.000	6128.200	360.000
268.000	6128.400	300.000
269.000	6128.600	380.000
270.000	6128.800	210.000
271.000	6129.000	180.000
272.000	6129.200	280.000
273.000	6129.400	350.000
274.000	6129.600	390.000
275.000	6129.800	290.000
276.000	6130.000	330.000
277.000	6130.200	290.000
278.000	6130.400	230.000
279.000	6130.600	320.000
280.000	6130.800	370.000
281.000	6131.000	400.000
282.000	6131.200	260.000
283.000	6131.400	340.000
284.000	6131.600	170.000
285.000	6131.800	430.000
286.000	6132.000	370.000
287.000	6132.200	260.000
288.000	6132.400	280.000
289.000	6132.600	330.000
290.000	6132.800	130.000
291.000	6133.000	310.000
292.000	6133.200	280.000
293.000	6133.400	380.000
294.000	6133.600	250.000
295.000	6133.800	430.000
296.000	6134.000	390.000
297.000	6134.200	430.000
298.000	6134.400	300.000
299.000	6134.600	290.000
300.000	6134.800	360.000
301.000	6135.000	260.000
302.000	6135.200	260.000
303.000	6135.400	360.000
304.000	6135.600	270.000
305.000	6135.800	390.000
306.000	6136.000	210.000
307.000	6136.200	240.000
308.000	6136.400	240.000
309.000	6136.600	320.000
310.000	6136.800	320.000
311.000	6137.000	400.000
312.000	6137.200	200.000
313.000	6137.400	270.000
314.000	6137.600	270.000
315.000	6137.800	270.000
316.000	6138.000	380.000
317.000	6138.200	300.000
318.000	6138.400	240.000
319.000	6138.600	470.000
320.000	6138.800	300.000
321.000	6139.000	290.000
322.000	6139.200	360.000
323.000	6139.400	330.000
324.000	6139.600	420.000
325.000	6139.800	360.000
326.000	6140.000	480.000
327.000	6140.200	340.000
328.000	6140.400	300.000
329.000	6140.600	140.000
330.000	6140.800	290.000
331.000	6141.000	250.000
332.000	6141.200	250.000
333.000	6141.400	310.000
334.000	6141.600	240.000
335.000	6141.800	250.000
336.000	6142.000	430.000
337.000	6142.200	250.000
338.000	6142.400	380.000
339.000	6142.600	330.000
340.000	6142.800	260.000
341.000	6143.000	250.000
342.000	6143.200	360.000
343.000	6143.400	350.000
344.000	6143.600	260.000
345.000	6143.800	230.000
346.000	6144.000	250.000
347.000	6144.200	350.000
348.000	6144.400	240.000
349.000	6144.600	340.000
350.000	6144.800	320.000
351.000	6145.000	440.000
352.000	6145.200	310.000
353.000	6145.400	360.000
354.000	6145.600	370.000
355.000	6145.800	330.000
356.000	6146.000	220.000
357.000	6146.200	360.000
358.000	6146.400	310.000
359.000	6146.600	220.000
360.000	6146.800	330.000
361.000	6147.000	400.000
362.000	6147.200	360.000
363.000	6147.400	380.000
364.000	6147.600	210.000
365.000	6147.800	440.000
366.000	6148.000	300.000
367.000	6148.200	350.000
368.000	6148.400	310.000
369.000	6148.600	320.000
370.000	6148.800	340.000
371.000	6149.000	350.000
372.000	6149.200	310.000
373.000	6149.400	330.000
374.000	6149.600	340.000
375.000	6149.800	360.000
376.000	6150.000	330.000
