1.000	3550.000	480.000
2.000	3551.000	330.000
3.000	3552.000	360.000
4.000	3553.000	400.000
5.000	3554.000	320.000
6.000	3555.000	330.000
7.000	3556.000	320.000
8.000	3557.000	320.000
9.000	3558.000	360.000
10.000	3559.000	360.000
11.000	3560.000	320.000
12.000	3561.000	300.000
13.000	3562.000	430.000
14.000	3563.000	280.000
15.000	3564.000	330.000
16.000	3565.000	370.000
17.000	3566.000	330.000
18.000	3567.000	400.000
19.000	3568.000	330.000
20.000	3569.000	400.000
21.000	3570.000	260.000
22.000	3571.000	330.000
23.000	3572.000	430.000
24.000	3573.000	370.000
25.000	3574.000	430.000
26.000	3575.000	330.000
27.000	3576.000	360.000
28.000	3577.000	300.000
29.000	3578.000	250.000
30.000	3579.000	280.000
31.000	3580.000	280.000
32.000	3581.000	290.000
33.000	3582.000	360.000
34.000	3583.000	280.000
35.000	3584.000	530.000
36.000	3585.000	380.000
37.000	3586.000	390.000
38.000	3587.000	360.000
39.000	3588.000	330.000
40.000	3589.000	360.000
41.000	3590.000	410.000
42.000	3591.000	330.000
43.000	3592.000	370.000
44.000	3593.000	430.000
45.000	3594.000	410.000
46.000	3595.000	400.000
47.000	3596.000	470.000
48.000	3597.000	380.000
49.000	3598.000	380.000
50.000	3599.000	340.000
51.000	3600.000	450.000
52.000	3601.000	380.000
53.000	3602.000	360.000
54.000	3603.000	420.000
55.000	3604.000	360.000
56.000	3605.000	280.000
57.000	3606.000	350.000
58.000	3607.000	360.000
59.000	3608.000	450.000
60.000	3609.000	450.000
61.000	3610.000	420.000
62.000	3611.000	480.000
63.000	3612.000	390.000
64.000	3613.000	300.000
65.000	3614.000	360.000
66.000	3615.000	260.000
67.000	3616.000	450.000
68.000	3617.000	420.000
69.000	3618.000	480.000
70.000	3619.000	330.000
71.000	3620.000	390.000
72.000	3621.000	570.000
73.000	3622.000	500.000
74.000	3623.000	420.000
75.000	3624.000	500.000
76.000	3625.000	660.000
77.000	3626.000	1620.000
78.000	3627.000	164590.000
79.000	3628.000	1860.000
80.000	3629.000	770.000
81.000	3630.000	540.000
82.000	3631.000	840.000
83.000	3632.000	45550.000
84.000	3633.000	690.000
85.000	3634.000	500.000
86.000	3635.000	390.000
87.000	3636.000	500.000
88.000	3637.000	490.000
89.000	3638.000	390.000
90.000	3639.000	430.000
91.000	3640.000	11200.000
92.000	3641.000	680.000
93.000	3642.000	590.000
94.000	3643.000	260.000
95.000	3644.000	520.000
96.000	3645.000	420.000
97.000	3646.000	360.000
98.000	3647.000	350.000
99.000	3648.000	530.000
100.000	3649.000	460.000
101.000	3650.000	290.000
102.000	3651.000	420.000
103.000	3652.000	330.000
104.000	3653.000	280.000
105.000	3654.000	330.000
106.000	3655.000	360.000
107.000	3656.000	290.000
108.000	3657.000	290.000
109.000	3658.000	300.000
110.000	3659.000	420.000
111.000	3660.000	360.000
112.000	3661.000	410.000
113.000	3662.000	350.000
114.000	3663.000	320.000
115.000	3664.000	460.000
116.000	3665.000	480.000
117.000	3666.000	420.000
118.000	3667.000	370.000
119.000	3668.000	370.000
120.000	3669.000	370.000
121.000	3670.000	410.000
122.000	3671.000	460.000
123.000	3672.000	320.000
124.000	3673.000	360.000
125.000	3674.000	460.000
126.000	3675.000	230.000
127.000	3676.000	270.000
128.000	3677.000	420.000
129.000	3678.000	340.000
130.000	3679.000	430.000
131.000	3680.000	420.000
132.000	3681.000	550.000
133.000	3682.000	460.000
134.000	3683.000	390.000
135.000	3684.000	260.000
136.000	3685.000	400.000
137.000	3686.000	480.000
138.000	3687.000	280.000
139.000	3688.000	350.000
140.000	3689.000	460.000
141.000	3690.000	230.000
142.000	3691.000	180.000
143.000	3692.000	340.000
144.000	3693.000	280.000
145.000	3694.000	350.000
146.000	3695.000	390.000
147.000	3696.000	370.000
148.000	3697.000	490.000
149.000	3698.000	420.000
150.000	3699.000	400.000
151.000	3700.000	290.000
