1.000	4019.000	1940.000
2.000	4019.010	2390.000
3.000	4019.020	2120.000
4.000	4019.030	2270.000
5.000	4019.040	2040.000
6.000	4019.050	2160.000
7.000	4019.060	2370.000
8.000	4019.070	2250.000
9.000	4019.080	2450.000
10.000	4019.090	2300.000
11.000	4019.100	2060.000
12.000	4019.110	2090.000
13.000	4019.120	2050.000
14.000	4019.130	2270.000
15.000	4019.140	2150.000
16.000	4019.150	2300.000
17.000	4019.160	1640.000
18.000	4019.170	2240.000
19.000	4019.180	2120.000
20.000	4019.190	2090.000
21.000	4019.200	1750.000
22.000	4019.210	1590.000
23.000	4019.220	1750.000
24.000	4019.230	1640.000
25.000	4019.240	1700.000
26.000	4019.250	1730.000
27.000	4019.260	1540.000
28.000	4019.270	1460.000
29.000	4019.280	1390.000
30.000	4019.290	1650.000
31.000	4019.300	1520.000
32.000	4019.310	1240.000
33.000	4019.320	1340.000
34.000	4019.330	1380.000
35.000	4019.340	1320.000
36.000	4019.350	1050.000
37.000	4019.360	1160.000
38.000	4019.370	1220.000
39.000	4019.380	1190.000
40.000	4019.390	1260.000
41.000	4019.400	1040.000
42.000	4019.410	1000.000
43.000	4019.420	950.000
44.000	4019.430	880.000
45.000	4019.440	870.000
46.000	4019.450	870.000
47.000	4019.460	800.000
48.000	4019.470	730.000
49.000	4019.480	820.000
50.000	4019.490	720.000
51.000	4019.500	630.000
52.000	4019.510	660.000
53.000	4019.520	620.000
54.000	4019.530	580.000
55.000	4019.540	720.000
56.000	4019.550	660.000
57.000	4019.560	580.000
58.000	4019.570	780.000
59.000	4019.580	760.000
60.000	4019.590	700.000
61.000	4019.600	570.000
62.000	4019.610	720.000
63.000	4019.620	710.000
64.000	4019.630	990.000
65.000	4019.640	810.000
66.000	4019.650	680.000
67.000	4019.660	750.000
68.000	4019.670	650.000
69.000	4019.680	830.000
70.000	4019.690	810.000
71.000	4019.700	730.000
72.000	4019.710	690.000
73.000	4019.720	780.000
74.000	4019.730	850.000
75.000	4019.740	770.000
76.000	4019.750	970.000
77.000	4019.760	820.000
78.000	4019.770	980.000
79.000	4019.780	780.000
80.000	4019.790	790.000
81.000	4019.800	820.000
82.000	4019.810	820.000
83.000	4019.820	780.000
84.000	4019.830	970.000
85.000	4019.840	870.000
86.000	4019.850	850.000
87.000	4019.860	890.000
88.000	4019.870	800.000
89.000	4019.880	750.000
90.000	4019.890	960.000
91.000	4019.900	1010.000
92.000	4019.910	870.000
93.000	4019.920	950.000
94.000	4019.930	990.000
95.000	4019.940	960.000
96.000	4019.950	950.000
97.000	4019.960	880.000
98.000	4019.970	920.000
99.000	4019.980	910.000
100.000	4019.990	1020.000
101.000	4020.000	940.000
102.000	4020.010	940.000
103.000	4020.020	950.000
104.000	4020.030	970.000
105.000	4020.040	1070.000
106.000	4020.050	930.000
107.000	4020.060	1250.000
108.000	4020.070	910.000
109.000	4020.080	1480.000
110.000	4020.090	1210.000
111.000	4020.100	1160.000
112.000	4020.110	1160.000
113.000	4020.120	1400.000
114.000	4020.130	1050.000
115.000	4020.140	1140.000
116.000	4020.150	1420.000
117.000	4020.160	1200.000
118.000	4020.170	1370.000
119.000	4020.180	1370.000
120.000	4020.190	1570.000
121.000	4020.200	1390.000
122.000	4020.210	1590.000
123.000	4020.220	1420.000
124.000	4020.230	1490.000
125.000	4020.240	1430.000
126.000	4020.250	1390.000
127.000	4020.260	1360.000
128.000	4020.270	1480.000
129.000	4020.280	1270.000
130.000	4020.290	1450.000
131.000	4020.300	1500.000
132.000	4020.310	1380.000
133.000	4020.320	1530.000
134.000	4020.330	1550.000
135.000	4020.340	1800.000
136.000	4020.350	1680.000
137.000	4020.360	1680.000
138.000	4020.370	1640.000
139.000	4020.380	1920.000
140.000	4020.390	2140.000
141.000	4020.400	1680.000
142.000	4020.410	1970.000
143.000	4020.420	1930.000
144.000	4020.430	2140.000
145.000	4020.440	2380.000
146.000	4020.450	2360.000
147.000	4020.460	2510.000
148.000	4020.470	2870.000
149.000	4020.480	2870.000
150.000	4020.490	3020.000
151.000	4020.500	3040.000
152.000	4020.510	3590.000
153.000	4020.520	3480.000
154.000	4020.530	3930.000
155.000	4020.540	4350.000
156.000	4020.550	5170.000
157.000	4020.560	5340.000
158.000	4020.570	6320.000
159.000	4020.580	6680.000
160.000	4020.590	7840.000
161.000	4020.600	9570.000
162.000	4020.610	10900.000
163.000	4020.620	13480.000
164.000	4020.630	14100.000
165.000	4020.640	16450.000
166.000	4020.650	19100.000
167.000	4020.660	20590.000
168.000	4020.670	23670.000
169.000	4020.680	26890.000
170.000	4020.690	27640.000
171.000	4020.700	32090.000
172.000	4020.710	33180.000
173.000	4020.720	37920.000
174.000	4020.730	40880.000
175.000	4020.740	43800.000
176.000	4020.750	46220.000
177.000	4020.760	50090.000
178.000	4020.770	54950.000
179.000	4020.780	56490.000
180.000	4020.790	63800.000
181.000	4020.800	66430.000
182.000	4020.810	70430.000
183.000	4020.820	72420.000
184.000	4020.830	80020.000
185.000	4020.840	80860.000
186.000	4020.850	81690.000
187.000	4020.860	88690.000
188.000	4020.870	95100.000
189.000	4020.880	97350.000
190.000	4020.890	103250.000
191.000	4020.900	106710.000
192.000	4020.910	113600.000
193.000	4020.920	119020.000
194.000	4020.930	119710.000
195.000	4020.940	124310.000
196.000	4020.950	130950.000
197.000	4020.960	135740.000
198.000	4020.970	140290.000
199.000	4020.980	148780.000
200.000	4020.990	153080.000
201.000	4021.000	166290.000
202.000	4021.010	171410.000
203.000	4021.020	169790.000
204.000	4021.030	181380.000
205.000	4021.040	178370.000
206.000	4021.050	182760.000
207.000	4021.060	190790.000
208.000	4021.070	188600.000
209.000	4021.080	192810.000
210.000	4021.090	195040.000
211.000	4021.100	194290.000
212.000	4021.110	201580.000
213.000	4021.120	201310.000
214.000	4021.130	203540.000
215.000	4021.140	192180.000
216.000	4021.150	205740.000
217.000	4021.160	201460.000
218.000	4021.170	199670.000
219.000	4021.180	200560.000
220.000	4021.190	191780.000
221.000	4021.200	192220.000
222.000	4021.210	186560.000
223.000	4021.220	188280.000
224.000	4021.230	186960.000
225.000	4021.240	183350.000
226.000	4021.250	177960.000
227.000	4021.260	168380.000
228.000	4021.270	171750.000
229.000	4021.280	164730.000
230.000	4021.290	165220.000
231.000	4021.300	160850.000
232.000	4021.310	157720.000
233.000	4021.320	148560.000
234.000	4021.330	142970.000
235.000	4021.340	139690.000
236.000	4021.350	137990.000
237.000	4021.360	132630.000
238.000	4021.370	123300.000
239.000	4021.380	120400.000
240.000	4021.390	106630.000
241.000	4021.400	107680.000
242.000	4021.410	100970.000
243.000	4021.420	91540.000
244.000	4021.430	88240.000
245.000	4021.440	79410.000
246.000	4021.450	73770.000
247.000	4021.460	68260.000
248.000	4021.470	63020.000
249.000	4021.480	56920.000
250.000	4021.490	52800.000
251.000	4021.500	47980.000
252.000	4021.510	44970.000
253.000	4021.520	39860.000
254.000	4021.530	35020.000
255.000	4021.540	30360.000
256.000	4021.550	23920.000
257.000	4021.560	21640.000
258.000	4021.570	18860.000
259.000	4021.580	14820.000
260.000	4021.590	13520.000
261.000	4021.600	11320.000
262.000	4021.610	8810.000
263.000	4021.620	7720.000
264.000	4021.630	5880.000
265.000	4021.640	5320.000
266.000	4021.650	4700.000
267.000	4021.660	3900.000
268.000	4021.670	3260.000
269.000	4021.680	2960.000
270.000	4021.690	2450.000
271.000	4021.700	2130.000
272.000	4021.710	1830.000
273.000	4021.720	1950.000
274.000	4021.730	1820.000
275.000	4021.740	1500.000
276.000	4021.750	1530.000
277.000	4021.760	1540.000
278.000	4021.770	1490.000
279.000	4021.780	1260.000
280.000	4021.790	1550.000
281.000	4021.800	1310.000
282.000	4021.810	1180.000
283.000	4021.820	1220.000
284.000	4021.830	1130.000
285.000	4021.840	1200.000
286.000	4021.850	1040.000
287.000	4021.860	1300.000
288.000	4021.870	940.000
289.000	4021.880	1080.000
290.000	4021.890	810.000
291.000	4021.900	1040.000
292.000	4021.910	880.000
293.000	4021.920	880.000
294.000	4021.930	730.000
295.000	4021.940	800.000
296.000	4021.950	880.000
297.000	4021.960	750.000
298.000	4021.970	590.000
299.000	4021.980	830.000
300.000	4021.990	740.000
301.000	4022.000	720.000
302.000	4022.010	700.000
303.000	4022.020	950.000
304.000	4022.030	910.000
305.000	4022.040	610.000
306.000	4022.050	570.000
307.000	4022.060	770.000
308.000	4022.070	620.000
309.000	4022.080	570.000
310.000	4022.090	620.000
311.000	4022.100	650.000
312.000	4022.110	820.000
313.000	4022.120	560.000
314.000	4022.130	440.000
315.000	4022.140	630.000
316.000	4022.150	560.000
317.000	4022.160	590.000
318.000	4022.170	570.000
319.000	4022.180	540.000
320.000	4022.190	550.000
321.000	4022.200	540.000
322.000	4022.210	590.000
323.000	4022.220	630.000
324.000	4022.230	730.000
325.000	4022.240	510.000
326.000	4022.250	480.000
327.000	4022.260	560.000
328.000	4022.270	540.000
329.000	4022.280	610.000
330.000	4022.290	320.000
331.000	4022.300	580.000
332.000	4022.310	640.000
333.000	4022.320	650.000
334.000	4022.330	410.000
335.000	4022.340	520.000
336.000	4022.350	500.000
337.000	4022.360	500.000
338.000	4022.370	540.000
339.000	4022.380	500.000
340.000	4022.390	460.000
341.000	4022.400	410.000
342.000	4022.410	570.000
343.000	4022.420	540.000
344.000	4022.430	560.000
345.000	4022.440	510.000
346.000	4022.450	650.000
347.000	4022.460	480.000
348.000	4022.470	400.000
349.000	4022.480	400.000
350.000	4022.490	460.000
351.000	4022.500	520.000
352.000	4022.510	470.000
353.000	4022.520	540.000
354.000	4022.530	780.000
355.000	4022.540	530.000
356.000	4022.550	430.000
357.000	4022.560	350.000
358.000	4022.570	550.000
359.000	4022.580	480.000
360.000	4022.590	340.000
361.000	4022.600	370.000
362.000	4022.610	440.000
363.000	4022.620	470.000
364.000	4022.630	380.000
365.000	4022.640	530.000
366.000	4022.650	380.000
367.000	4022.660	490.000
368.000	4022.670	560.000
369.000	4022.680	430.000
370.000	4022.690	360.000
371.000	4022.700	390.000
372.000	4022.710	290.000
373.000	4022.720	400.000
374.000	4022.730	490.000
375.000	4022.740	590.000
376.000	4022.750	440.000
377.000	4022.760	500.000
378.000	4022.770	430.000
379.000	4022.780	340.000
380.000	4022.790	360.000
381.000	4022.800	480.000
382.000	4022.810	570.000
383.000	4022.820	420.000
384.000	4022.830	340.000
385.000	4022.840	410.000
386.000	4022.850	380.000
387.000	4022.860	650.000
388.000	4022.870	390.000
389.000	4022.880	440.000
390.000	4022.890	450.000
391.000	4022.900	360.000
392.000	4022.910	560.000
393.000	4022.920	300.000
394.000	4022.930	380.000
395.000	4022.940	370.000
396.000	4022.950	500.000
397.000	4022.960	530.000
398.000	4022.970	750.000
399.000	4022.980	400.000
400.000	4022.990	380.000
401.000	4023.000	440.000
