1.000	5727.000	380.000
2.000	5727.010	360.000
3.000	5727.020	430.000
4.000	5727.030	380.000
5.000	5727.040	220.000
6.000	5727.050	310.000
7.000	5727.060	250.000
8.000	5727.070	350.000
9.000	5727.080	350.000
10.000	5727.090	510.000
11.000	5727.100	380.000
12.000	5727.110	410.000
13.000	5727.120	210.000
14.000	5727.130	240.000
15.000	5727.140	340.000
16.000	5727.150	400.000
17.000	5727.160	360.000
18.000	5727.170	350.000
19.000	5727.180	430.000
20.000	5727.190	360.000
21.000	5727.200	320.000
22.000	5727.210	440.000
23.000	5727.220	320.000
24.000	5727.230	390.000
25.000	5727.240	340.000
26.000	5727.250	330.000
27.000	5727.260	450.000
28.000	5727.270	280.000
29.000	5727.280	360.000
30.000	5727.290	400.000
31.000	5727.300	470.000
32.000	5727.310	300.000
33.000	5727.320	450.000
34.000	5727.330	400.000
35.000	5727.340	370.000
36.000	5727.350	220.000
37.000	5727.360	560.000
38.000	5727.370	430.000
39.000	5727.380	360.000
40.000	5727.390	370.000
41.000	5727.400	300.000
42.000	5727.410	250.000
43.000	5727.420	420.000
44.000	5727.430	320.000
45.000	5727.440	260.000
46.000	5727.450	380.000
47.000	5727.460	350.000
48.000	5727.470	400.000
49.000	5727.480	460.000
50.000	5727.490	520.000
51.000	5727.500	450.000
52.000	5727.510	470.000
53.000	5727.520	390.000
54.000	5727.530	450.000
55.000	5727.540	340.000
56.000	5727.550	380.000
57.000	5727.560	430.000
58.000	5727.570	400.000
59.000	5727.580	460.000
60.000	5727.590	340.000
61.000	5727.600	470.000
62.000	5727.610	400.000
63.000	5727.620	460.000
64.000	5727.630	450.000
65.000	5727.640	390.000
66.000	5727.650	420.000
67.000	5727.660	370.000
68.000	5727.670	420.000
69.000	5727.680	460.000
70.000	5727.690	480.000
71.000	5727.700	240.000
72.000	5727.710	410.000
73.000	5727.720	360.000
74.000	5727.730	300.000
75.000	5727.740	370.000
76.000	5727.750	440.000
77.000	5727.760	320.000
78.000	5727.770	390.000
79.000	5727.780	400.000
80.000	5727.790	350.000
81.000	5727.800	310.000
82.000	5727.810	330.000
83.000	5727.820	320.000
84.000	5727.830	380.000
85.000	5727.840	490.000
86.000	5727.850	370.000
87.000	5727.860	370.000
88.000	5727.870	530.000
89.000	5727.880	350.000
90.000	5727.890	400.000
91.000	5727.900	450.000
92.000	5727.910	320.000
93.000	5727.920	400.000
94.000	5727.930	390.000
95.000	5727.940	380.000
96.000	5727.950	410.000
97.000	5727.960	410.000
98.000	5727.970	400.000
99.000	5727.980	450.000
100.000	5727.990	380.000
101.000	5728.000	440.000
102.000	5728.010	340.000
103.000	5728.020	390.000
104.000	5728.030	390.000
105.000	5728.040	470.000
106.000	5728.050	530.000
107.000	5728.060	530.000
108.000	5728.070	470.000
109.000	5728.080	420.000
110.000	5728.090	430.000
111.000	5728.100	560.000
112.000	5728.110	440.000
113.000	5728.120	390.000
114.000	5728.130	400.000
115.000	5728.140	430.000
116.000	5728.150	420.000
117.000	5728.160	450.000
118.000	5728.170	520.000
119.000	5728.180	470.000
120.000	5728.190	470.000
121.000	5728.200	490.000
122.000	5728.210	520.000
123.000	5728.220	480.000
124.000	5728.230	520.000
125.000	5728.240	760.000
126.000	5728.250	680.000
127.000	5728.260	520.000
128.000	5728.270	560.000
129.000	5728.280	530.000
130.000	5728.290	580.000
131.000	5728.300	540.000
132.000	5728.310	470.000
133.000	5728.320	670.000
134.000	5728.330	790.000
135.000	5728.340	680.000
136.000	5728.350	550.000
137.000	5728.360	520.000
138.000	5728.370	610.000
139.000	5728.380	500.000
140.000	5728.390	660.000
141.000	5728.400	630.000
142.000	5728.410	680.000
143.000	5728.420	720.000
144.000	5728.430	720.000
145.000	5728.440	820.000
146.000	5728.450	790.000
147.000	5728.460	810.000
148.000	5728.470	1020.000
149.000	5728.480	930.000
150.000	5728.490	840.000
151.000	5728.500	810.000
152.000	5728.510	1210.000
153.000	5728.520	1120.000
154.000	5728.530	1290.000
155.000	5728.540	1200.000
156.000	5728.550	1440.000
157.000	5728.560	1290.000
158.000	5728.570	1920.000
159.000	5728.580	1950.000
160.000	5728.590	2510.000
161.000	5728.600	2550.000
162.000	5728.610	2630.000
163.000	5728.620	3010.000
164.000	5728.630	3440.000
165.000	5728.640	3790.000
166.000	5728.650	4280.000
167.000	5728.660	4380.000
168.000	5728.670	5410.000
169.000	5728.680	6090.000
170.000	5728.690	6880.000
171.000	5728.700	6330.000
172.000	5728.710	7640.000
173.000	5728.720	7520.000
174.000	5728.730	8530.000
175.000	5728.740	9190.000
176.000	5728.750	9590.000
177.000	5728.760	11060.000
178.000	5728.770	10770.000
179.000	5728.780	11110.000
180.000	5728.790	11860.000
181.000	5728.800	12990.000
182.000	5728.810	13480.000
183.000	5728.820	14510.000
184.000	5728.830	15750.000
185.000	5728.840	16050.000
186.000	5728.850	16960.000
187.000	5728.860	16690.000
188.000	5728.870	18130.000
189.000	5728.880	18960.000
190.000	5728.890	18900.000
191.000	5728.900	20730.000
192.000	5728.910	20880.000
193.000	5728.920	23410.000
194.000	5728.930	23120.000
195.000	5728.940	23450.000
196.000	5728.950	27870.000
197.000	5728.960	25940.000
198.000	5728.970	27050.000
199.000	5728.980	29620.000
200.000	5728.990	30890.000
201.000	5729.000	33040.000
202.000	5729.010	33710.000
203.000	5729.020	35400.000
204.000	5729.030	34500.000
205.000	5729.040	37180.000
206.000	5729.050	37000.000
207.000	5729.060	37310.000
208.000	5729.070	38630.000
209.000	5729.080	37590.000
210.000	5729.090	38270.000
211.000	5729.100	37540.000
212.000	5729.110	38380.000
213.000	5729.120	40130.000
214.000	5729.130	39330.000
215.000	5729.140	37610.000
216.000	5729.150	37650.000
217.000	5729.160	38690.000
218.000	5729.170	38360.000
219.000	5729.180	36340.000
220.000	5729.190	36680.000
221.000	5729.200	36810.000
222.000	5729.210	35290.000
223.000	5729.220	33510.000
224.000	5729.230	33040.000
225.000	5729.240	32700.000
226.000	5729.250	30970.000
227.000	5729.260	30340.000
228.000	5729.270	29970.000
229.000	5729.280	29420.000
230.000	5729.290	28810.000
231.000	5729.300	27290.000
232.000	5729.310	25800.000
233.000	5729.320	24950.000
234.000	5729.330	24280.000
235.000	5729.340	20860.000
236.000	5729.350	21050.000
237.000	5729.360	21140.000
238.000	5729.370	17690.000
239.000	5729.380	17660.000
240.000	5729.390	15640.000
241.000	5729.400	14410.000
242.000	5729.410	12030.000
243.000	5729.420	10950.000
244.000	5729.430	10410.000
245.000	5729.440	8590.000
246.000	5729.450	7560.000
247.000	5729.460	6920.000
248.000	5729.470	5710.000
249.000	5729.480	5030.000
250.000	5729.490	4710.000
251.000	5729.500	3720.000
252.000	5729.510	3300.000
253.000	5729.520	3300.000
254.000	5729.530	2440.000
255.000	5729.540	1950.000
256.000	5729.550	1550.000
257.000	5729.560	1750.000
258.000	5729.570	1540.000
259.000	5729.580	1100.000
260.000	5729.590	990.000
261.000	5729.600	870.000
262.000	5729.610	680.000
263.000	5729.620	650.000
264.000	5729.630	750.000
265.000	5729.640	770.000
266.000	5729.650	550.000
267.000	5729.660	770.000
268.000	5729.670	550.000
269.000	5729.680	510.000
270.000	5729.690	630.000
271.000	5729.700	560.000
272.000	5729.710	680.000
273.000	5729.720	570.000
274.000	5729.730	500.000
275.000	5729.740	640.000
276.000	5729.750	380.000
277.000	5729.760	350.000
278.000	5729.770	510.000
279.000	5729.780	390.000
280.000	5729.790	500.000
281.000	5729.800	500.000
282.000	5729.810	550.000
283.000	5729.820	540.000
284.000	5729.830	460.000
285.000	5729.840	560.000
286.000	5729.850	400.000
287.000	5729.860	410.000
288.000	5729.870	520.000
289.000	5729.880	440.000
290.000	5729.890	530.000
291.000	5729.900	320.000
292.000	5729.910	490.000
293.000	5729.920	400.000
294.000	5729.930	380.000
295.000	5729.940	440.000
296.000	5729.950	380.000
297.000	5729.960	410.000
298.000	5729.970	330.000
299.000	5729.980	430.000
300.000	5729.990	340.000
301.000	5730.000	300.000
302.000	5730.010	320.000
303.000	5730.020	330.000
304.000	5730.030	430.000
305.000	5730.040	400.000
306.000	5730.050	470.000
307.000	5730.060	400.000
308.000	5730.070	290.000
309.000	5730.080	380.000
310.000	5730.090	360.000
311.000	5730.100	420.000
312.000	5730.110	320.000
313.000	5730.120	330.000
314.000	5730.130	360.000
315.000	5730.140	280.000
316.000	5730.150	400.000
317.000	5730.160	250.000
318.000	5730.170	270.000
319.000	5730.180	330.000
320.000	5730.190	360.000
321.000	5730.200	370.000
322.000	5730.210	350.000
323.000	5730.220	400.000
324.000	5730.230	330.000
325.000	5730.240	340.000
326.000	5730.250	370.000
327.000	5730.260	380.000
328.000	5730.270	320.000
329.000	5730.280	340.000
330.000	5730.290	500.000
331.000	5730.300	300.000
332.000	5730.310	400.000
333.000	5730.320	240.000
334.000	5730.330	520.000
335.000	5730.340	340.000
336.000	5730.350	480.000
337.000	5730.360	420.000
338.000	5730.370	330.000
339.000	5730.380	390.000
340.000	5730.390	330.000
341.000	5730.400	500.000
342.000	5730.410	410.000
343.000	5730.420	470.000
344.000	5730.430	280.000
345.000	5730.440	420.000
346.000	5730.450	280.000
347.000	5730.460	320.000
348.000	5730.470	240.000
349.000	5730.480	440.000
350.000	5730.490	500.000
351.000	5730.500	400.000
352.000	5730.510	350.000
353.000	5730.520	340.000
354.000	5730.530	340.000
355.000	5730.540	300.000
356.000	5730.550	310.000
357.000	5730.560	420.000
358.000	5730.570	390.000
359.000	5730.580	280.000
360.000	5730.590	350.000
361.000	5730.600	430.000
362.000	5730.610	470.000
363.000	5730.620	360.000
364.000	5730.630	350.000
365.000	5730.640	340.000
366.000	5730.650	250.000
367.000	5730.660	390.000
368.000	5730.670	370.000
369.000	5730.680	510.000
370.000	5730.690	310.000
371.000	5730.700	390.000
372.000	5730.710	300.000
373.000	5730.720	210.000
374.000	5730.730	400.000
375.000	5730.740	210.000
376.000	5730.750	250.000
377.000	5730.760	430.000
378.000	5730.770	310.000
379.000	5730.780	300.000
380.000	5730.790	310.000
381.000	5730.800	380.000
382.000	5730.810	450.000
383.000	5730.820	250.000
384.000	5730.830	340.000
385.000	5730.840	320.000
386.000	5730.850	340.000
387.000	5730.860	300.000
388.000	5730.870	140.000
389.000	5730.880	270.000
390.000	5730.890	420.000
391.000	5730.900	390.000
392.000	5730.910	400.000
393.000	5730.920	340.000
394.000	5730.930	380.000
395.000	5730.940	330.000
396.000	5730.950	470.000
397.000	5730.960	290.000
398.000	5730.970	270.000
399.000	5730.980	390.000
400.000	5730.990	410.000
401.000	5731.000	310.000
