1.000	5350.000	420.000
2.000	5351.000	290.000
3.000	5352.000	300.000
4.000	5353.000	350.000
5.000	5354.000	350.000
6.000	5355.000	320.000
7.000	5356.000	230.000
8.000	5357.000	420.000
9.000	5358.000	230.000
10.000	5359.000	220.000
11.000	5360.000	370.000
12.000	5361.000	460.000
13.000	5362.000	470.000
14.000	5363.000	300.000
15.000	5364.000	260.000
16.000	5365.000	430.000
17.000	5366.000	430.000
18.000	5367.000	460.000
19.000	5368.000	280.000
20.000	5369.000	410.000
21.000	5370.000	360.000
22.000	5371.000	400.000
23.000	5372.000	330.000
24.000	5373.000	360.000
25.000	5374.000	330.000
26.000	5375.000	350.000
27.000	5376.000	380.000
28.000	5377.000	300.000
29.000	5378.000	330.000
30.000	5379.000	350.000
31.000	5380.000	340.000
32.000	5381.000	380.000
33.000	5382.000	410.000
34.000	5383.000	370.000
35.000	5384.000	360.000
36.000	5385.000	330.000
37.000	5386.000	410.000
38.000	5387.000	280.000
39.000	5388.000	370.000
40.000	5389.000	380.000
41.000	5390.000	340.000
42.000	5391.000	330.000
43.000	5392.000	360.000
44.000	5393.000	320.000
45.000	5394.000	320.000
46.000	5395.000	360.000
47.000	5396.000	380.000
48.000	5397.000	390.000
49.000	5398.000	220.000
50.000	5399.000	250.000
51.000	5400.000	330.000
52.000	5401.000	340.000
53.000	5402.000	260.000
54.000	5403.000	350.000
55.000	5404.000	310.000
56.000	5405.000	260.000
57.000	5406.000	310.000
58.000	5407.000	300.000
59.000	5408.000	270.000
60.000	5409.000	370.000
61.000	5410.000	460.000
62.000	5411.000	380.000
63.000	5412.000	330.000
64.000	5413.000	400.000
65.000	5414.000	410.000
66.000	5415.000	350.000
67.000	5416.000	370.000
68.000	5417.000	380.000
69.000	5418.000	490.000
70.000	5419.000	420.000
71.000	5420.000	480.000
72.000	5421.000	500.000
73.000	5422.000	1000.000
74.000	5423.000	165030.000
75.000	5424.000	1100.000
76.000	5425.000	490.000
77.000	5426.000	590.000
78.000	5427.000	500.000
79.000	5428.000	380.000
80.000	5429.000	340.000
81.000	5430.000	330.000
82.000	5431.000	210.000
83.000	5432.000	430.000
84.000	5433.000	250.000
85.000	5434.000	400.000
86.000	5435.000	340.000
87.000	5436.000	430.000
88.000	5437.000	390.000
89.000	5438.000	410.000
90.000	5439.000	420.000
91.000	5440.000	280.000
92.000	5441.000	350.000
93.000	5442.000	270.000
94.000	5443.000	430.000
95.000	5444.000	240.000
96.000	5445.000	280.000
97.000	5446.000	390.000
98.000	5447.000	280.000
99.000	5448.000	310.000
100.000	5449.000	370.000
101.000	5450.000	310.000
102.000	5451.000	310.000
103.000	5452.000	330.000
104.000	5453.000	430.000
105.000	5454.000	460.000
106.000	5455.000	200.000
107.000	5456.000	270.000
108.000	5457.000	290.000
109.000	5458.000	510.000
110.000	5459.000	340.000
111.000	5460.000	300.000
112.000	5461.000	340.000
113.000	5462.000	320.000
114.000	5463.000	320.000
115.000	5464.000	280.000
116.000	5465.000	320.000
117.000	5466.000	260.000
118.000	5467.000	350.000
119.000	5468.000	460.000
120.000	5469.000	300.000
121.000	5470.000	190.000
122.000	5471.000	320.000
123.000	5472.000	310.000
124.000	5473.000	390.000
125.000	5474.000	310.000
126.000	5475.000	310.000
127.000	5476.000	450.000
128.000	5477.000	370.000
129.000	5478.000	330.000
130.000	5479.000	350.000
131.000	5480.000	360.000
132.000	5481.000	340.000
133.000	5482.000	330.000
134.000	5483.000	290.000
135.000	5484.000	300.000
136.000	5485.000	270.000
137.000	5486.000	300.000
138.000	5487.000	320.000
139.000	5488.000	290.000
140.000	5489.000	330.000
141.000	5490.000	330.000
142.000	5491.000	240.000
143.000	5492.000	310.000
144.000	5493.000	400.000
145.000	5494.000	440.000
146.000	5495.000	380.000
147.000	5496.000	240.000
148.000	5497.000	450.000
149.000	5498.000	450.000
150.000	5499.000	240.000
151.000	5500.000	290.000
