1.000	4329.000	1130.000
2.000	4329.010	1260.000
3.000	4329.020	1530.000
4.000	4329.030	930.000
5.000	4329.040	1190.000
6.000	4329.050	1040.000
7.000	4329.060	1070.000
8.000	4329.070	940.000
9.000	4329.080	1090.000
10.000	4329.090	980.000
11.000	4329.100	1190.000
12.000	4329.110	1250.000
13.000	4329.120	1230.000
14.000	4329.130	1520.000
15.000	4329.140	1310.000
16.000	4329.150	1190.000
17.000	4329.160	1260.000
18.000	4329.170	1060.000
19.000	4329.180	1280.000
20.000	4329.190	1290.000
21.000	4329.200	1110.000
22.000	4329.210	1260.000
23.000	4329.220	1480.000
24.000	4329.230	1380.000
25.000	4329.240	1630.000
26.000	4329.250	1430.000
27.000	4329.260	1180.000
28.000	4329.270	1360.000
29.000	4329.280	1550.000
30.000	4329.290	1420.000
31.000	4329.300	1380.000
32.000	4329.310	1500.000
33.000	4329.320	1240.000
34.000	4329.330	1680.000
35.000	4329.340	1550.000
36.000	4329.350	1690.000
37.000	4329.360	1430.000
38.000	4329.370	1550.000
39.000	4329.380	1560.000
40.000	4329.390	1480.000
41.000	4329.400	1580.000
42.000	4329.410	1540.000
43.000	4329.420	1610.000
44.000	4329.430	1800.000
45.000	4329.440	1500.000
46.000	4329.450	1750.000
47.000	4329.460	1670.000
48.000	4329.470	1810.000
49.000	4329.480	1800.000
50.000	4329.490	1810.000
51.000	4329.500	1960.000
52.000	4329.510	1710.000
53.000	4329.520	1960.000
54.000	4329.530	1920.000
55.000	4329.540	1910.000
56.000	4329.550	1840.000
57.000	4329.560	2010.000
58.000	4329.570	1820.000
59.000	4329.580	1840.000
60.000	4329.590	1890.000
61.000	4329.600	1900.000
62.000	4329.610	2140.000
63.000	4329.620	2060.000
64.000	4329.630	2170.000
65.000	4329.640	2070.000
66.000	4329.650	2280.000
67.000	4329.660	1870.000
68.000	4329.670	2280.000
69.000	4329.680	2400.000
70.000	4329.690	2270.000
71.000	4329.700	2650.000
72.000	4329.710	2590.000
73.000	4329.720	2640.000
74.000	4329.730	2770.000
75.000	4329.740	2290.000
76.000	4329.750	2360.000
77.000	4329.760	2260.000
78.000	4329.770	2780.000
79.000	4329.780	2700.000
80.000	4329.790	2970.000
81.000	4329.800	2670.000
82.000	4329.810	3220.000
83.000	4329.820	3130.000
84.000	4329.830	3130.000
85.000	4329.840	3370.000
86.000	4329.850	3320.000
87.000	4329.860	3590.000
88.000	4329.870	3340.000
89.000	4329.880	3620.000
90.000	4329.890	3830.000
91.000	4329.900	3930.000
92.000	4329.910	4310.000
93.000	4329.920	4250.000
94.000	4329.930	4280.000
95.000	4329.940	5020.000
96.000	4329.950	4860.000
97.000	4329.960	5530.000
98.000	4329.970	5190.000
99.000	4329.980	5790.000
100.000	4329.990	7060.000
101.000	4330.000	6980.000
102.000	4330.010	7300.000
103.000	4330.020	8090.000
104.000	4330.030	8840.000
105.000	4330.040	10130.000
106.000	4330.050	11090.000
107.000	4330.060	13180.000
108.000	4330.070	13080.000
109.000	4330.080	16440.000
110.000	4330.090	16900.000
111.000	4330.100	19730.000
112.000	4330.110	23460.000
113.000	4330.120	27770.000
114.000	4330.130	31280.000
115.000	4330.140	38870.000
116.000	4330.150	43200.000
117.000	4330.160	46500.000
118.000	4330.170	51580.000
119.000	4330.180	61350.000
120.000	4330.190	69220.000
121.000	4330.200	75360.000
122.000	4330.210	78690.000
123.000	4330.220	89550.000
124.000	4330.230	96570.000
125.000	4330.240	102730.000
126.000	4330.250	115730.000
127.000	4330.260	116400.000
128.000	4330.270	133520.000
129.000	4330.280	146980.000
130.000	4330.290	150490.000
131.000	4330.300	157420.000
132.000	4330.310	170850.000
133.000	4330.320	184470.000
134.000	4330.330	186890.000
135.000	4330.340	200410.000
136.000	4330.350	215490.000
137.000	4330.360	216500.000
138.000	4330.370	229610.000
139.000	4330.380	250460.000
140.000	4330.390	253200.000
141.000	4330.400	268370.000
142.000	4330.410	274230.000
143.000	4330.420	283570.000
144.000	4330.430	309510.000
145.000	4330.440	318310.000
146.000	4330.450	320280.000
147.000	4330.460	341420.000
148.000	4330.470	354350.000
149.000	4330.480	365860.000
150.000	4330.490	380780.000
151.000	4330.500	407080.000
152.000	4330.510	413610.000
153.000	4330.520	414740.000
154.000	4330.530	443460.000
155.000	4330.540	447850.000
156.000	4330.550	455530.000
157.000	4330.560	456990.000
158.000	4330.570	482980.000
159.000	4330.580	484070.000
160.000	4330.590	489160.000
161.000	4330.600	503790.000
162.000	4330.610	500020.000
163.000	4330.620	515600.000
164.000	4330.630	490840.000
165.000	4330.640	497330.000
166.000	4330.650	522740.000
167.000	4330.660	513220.000
168.000	4330.670	495950.000
169.000	4330.680	513500.000
170.000	4330.690	508540.000
171.000	4330.700	497430.000
172.000	4330.710	498240.000
173.000	4330.720	472050.000
174.000	4330.730	474860.000
175.000	4330.740	452180.000
176.000	4330.750	453950.000
177.000	4330.760	447300.000
178.000	4330.770	431710.000
179.000	4330.780	441440.000
180.000	4330.790	427670.000
181.000	4330.800	402680.000
182.000	4330.810	399400.000
183.000	4330.820	378410.000
184.000	4330.830	374250.000
185.000	4330.840	351600.000
186.000	4330.850	356200.000
187.000	4330.860	344740.000
188.000	4330.870	343030.000
189.000	4330.880	328840.000
190.000	4330.890	300850.000
191.000	4330.900	292870.000
192.000	4330.910	261370.000
193.000	4330.920	255140.000
194.000	4330.930	236120.000
195.000	4330.940	212530.000
196.000	4330.950	203650.000
197.000	4330.960	192660.000
198.000	4330.970	172370.000
199.000	4330.980	162780.000
200.000	4330.990	143980.000
201.000	4331.000	132470.000
202.000	4331.010	127970.000
203.000	4331.020	105030.000
204.000	4331.030	99950.000
205.000	4331.040	83580.000
206.000	4331.050	73450.000
207.000	4331.060	66700.000
208.000	4331.070	54770.000
209.000	4331.080	50110.000
210.000	4331.090	45790.000
211.000	4331.100	36820.000
212.000	4331.110	32280.000
213.000	4331.120	28010.000
214.000	4331.130	24520.000
215.000	4331.140	20990.000
216.000	4331.150	16550.000
217.000	4331.160	15210.000
218.000	4331.170	13550.000
219.000	4331.180	11280.000
220.000	4331.190	10840.000
221.000	4331.200	9690.000
222.000	4331.210	8420.000
223.000	4331.220	7660.000
224.000	4331.230	6730.000
225.000	4331.240	5990.000
226.000	4331.250	5250.000
227.000	4331.260	4960.000
228.000	4331.270	4260.000
229.000	4331.280	4250.000
230.000	4331.290	3570.000
231.000	4331.300	3910.000
232.000	4331.310	3100.000
233.000	4331.320	3480.000
234.000	4331.330	2900.000
235.000	4331.340	2290.000
236.000	4331.350	2790.000
237.000	4331.360	2640.000
238.000	4331.370	2240.000
239.000	4331.380	2610.000
240.000	4331.390	2110.000
241.000	4331.400	2320.000
242.000	4331.410	1990.000
243.000	4331.420	2030.000
244.000	4331.430	1790.000
245.000	4331.440	1810.000
246.000	4331.450	1670.000
247.000	4331.460	1720.000
248.000	4331.470	1870.000
249.000	4331.480	1730.000
250.000	4331.490	1520.000
251.000	4331.500	1520.000
252.000	4331.510	1580.000
253.000	4331.520	1430.000
254.000	4331.530	1210.000
255.000	4331.540	1260.000
256.000	4331.550	1570.000
257.000	4331.560	1530.000
258.000	4331.570	1380.000
259.000	4331.580	1250.000
260.000	4331.590	1160.000
261.000	4331.600	1090.000
262.000	4331.610	1320.000
263.000	4331.620	1410.000
264.000	4331.630	1020.000
265.000	4331.640	1020.000
266.000	4331.650	1010.000
267.000	4331.660	1000.000
268.000	4331.670	810.000
269.000	4331.680	1260.000
270.000	4331.690	1120.000
271.000	4331.700	980.000
272.000	4331.710	910.000
273.000	4331.720	1030.000
274.000	4331.730	1000.000
275.000	4331.740	970.000
276.000	4331.750	870.000
277.000	4331.760	740.000
278.000	4331.770	1000.000
279.000	4331.780	1070.000
280.000	4331.790	870.000
281.000	4331.800	910.000
282.000	4331.810	950.000
283.000	4331.820	900.000
284.000	4331.830	810.000
285.000	4331.840	760.000
286.000	4331.850	920.000
287.000	4331.860	880.000
288.000	4331.870	820.000
289.000	4331.880	980.000
290.000	4331.890	880.000
291.000	4331.900	760.000
292.000	4331.910	760.000
293.000	4331.920	620.000
294.000	4331.930	600.000
295.000	4331.940	790.000
296.000	4331.950	800.000
297.000	4331.960	710.000
298.000	4331.970	1010.000
299.000	4331.980	840.000
300.000	4331.990	990.000
301.000	4332.000	700.000
302.000	4332.010	780.000
303.000	4332.020	780.000
304.000	4332.030	880.000
305.000	4332.040	640.000
306.000	4332.050	700.000
307.000	4332.060	760.000
308.000	4332.070	660.000
309.000	4332.080	600.000
310.000	4332.090	660.000
311.000	4332.100	730.000
312.000	4332.110	720.000
313.000	4332.120	660.000
314.000	4332.130	530.000
315.000	4332.140	620.000
316.000	4332.150	640.000
317.000	4332.160	830.000
318.000	4332.170	620.000
319.000	4332.180	590.000
320.000	4332.190	640.000
321.000	4332.200	690.000
322.000	4332.210	680.000
323.000	4332.220	710.000
324.000	4332.230	800.000
325.000	4332.240	480.000
326.000	4332.250	690.000
327.000	4332.260	670.000
328.000	4332.270	610.000
329.000	4332.280	660.000
330.000	4332.290	610.000
331.000	4332.300	540.000
332.000	4332.310	660.000
333.000	4332.320	520.000
334.000	4332.330	680.000
335.000	4332.340	680.000
336.000	4332.350	720.000
337.000	4332.360	500.000
338.000	4332.370	530.000
339.000	4332.380	480.000
340.000	4332.390	560.000
341.000	4332.400	510.000
342.000	4332.410	690.000
343.000	4332.420	620.000
344.000	4332.430	660.000
345.000	4332.440	610.000
346.000	4332.450	670.000
347.000	4332.460	520.000
348.000	4332.470	720.000
349.000	4332.480	620.000
350.000	4332.490	670.000
351.000	4332.500	630.000
352.000	4332.510	560.000
353.000	4332.520	780.000
354.000	4332.530	590.000
355.000	4332.540	730.000
356.000	4332.550	620.000
357.000	4332.560	630.000
358.000	4332.570	520.000
359.000	4332.580	610.000
360.000	4332.590	560.000
361.000	4332.600	760.000
362.000	4332.610	610.000
363.000	4332.620	500.000
364.000	4332.630	830.000
365.000	4332.640	530.000
366.000	4332.650	610.000
367.000	4332.660	500.000
368.000	4332.670	640.000
369.000	4332.680	630.000
370.000	4332.690	630.000
371.000	4332.700	600.000
372.000	4332.710	540.000
373.000	4332.720	550.000
374.000	4332.730	680.000
375.000	4332.740	660.000
376.000	4332.750	570.000
377.000	4332.760	460.000
378.000	4332.770	690.000
379.000	4332.780	680.000
380.000	4332.790	510.000
381.000	4332.800	530.000
382.000	4332.810	490.000
383.000	4332.820	450.000
384.000	4332.830	440.000
385.000	4332.840	570.000
386.000	4332.850	510.000
387.000	4332.860	660.000
388.000	4332.870	430.000
389.000	4332.880	680.000
390.000	4332.890	480.000
391.000	4332.900	790.000
392.000	4332.910	560.000
393.000	4332.920	480.000
394.000	4332.930	620.000
395.000	4332.940	650.000
396.000	4332.950	470.000
397.000	4332.960	490.000
398.000	4332.970	530.000
399.000	4332.980	510.000
400.000	4332.990	480.000
401.000	4333.000	580.000
