1.000	5421.000	520.000
2.000	5421.010	610.000
3.000	5421.020	670.000
4.000	5421.030	630.000
5.000	5421.040	580.000
6.000	5421.050	680.000
7.000	5421.060	660.000
8.000	5421.070	510.000
9.000	5421.080	620.000
10.000	5421.090	630.000
11.000	5421.100	680.000
12.000	5421.110	660.000
13.000	5421.120	460.000
14.000	5421.130	700.000
15.000	5421.140	690.000
16.000	5421.150	460.000
17.000	5421.160	680.000
18.000	5421.170	480.000
19.000	5421.180	570.000
20.000	5421.190	650.000
21.000	5421.200	680.000
22.000	5421.210	650.000
23.000	5421.220	550.000
24.000	5421.230	780.000
25.000	5421.240	560.000
26.000	5421.250	770.000
27.000	5421.260	600.000
28.000	5421.270	660.000
29.000	5421.280	710.000
30.000	5421.290	410.000
31.000	5421.300	500.000
32.000	5421.310	710.000
33.000	5421.320	750.000
34.000	5421.330	790.000
35.000	5421.340	600.000
36.000	5421.350	860.000
37.000	5421.360	940.000
38.000	5421.370	840.000
39.000	5421.380	660.000
40.000	5421.390	750.000
41.000	5421.400	990.000
42.000	5421.410	590.000
43.000	5421.420	660.000
44.000	5421.430	830.000
45.000	5421.440	650.000
46.000	5421.450	700.000
47.000	5421.460	700.000
48.000	5421.470	620.000
49.000	5421.480	810.000
50.000	5421.490	770.000
51.000	5421.500	830.000
52.000	5421.510	730.000
53.000	5421.520	1000.000
54.000	5421.530	820.000
55.000	5421.540	820.000
56.000	5421.550	840.000
57.000	5421.560	770.000
58.000	5421.570	860.000
59.000	5421.580	730.000
60.000	5421.590	930.000
61.000	5421.600	630.000
62.000	5421.610	730.000
63.000	5421.620	800.000
64.000	5421.630	850.000
65.000	5421.640	950.000
66.000	5421.650	790.000
67.000	5421.660	800.000
68.000	5421.670	980.000
69.000	5421.680	970.000
70.000	5421.690	810.000
71.000	5421.700	920.000
72.000	5421.710	830.000
73.000	5421.720	780.000
74.000	5421.730	770.000
75.000	5421.740	770.000
76.000	5421.750	860.000
77.000	5421.760	890.000
78.000	5421.770	850.000
79.000	5421.780	1060.000
80.000	5421.790	910.000
81.000	5421.800	920.000
82.000	5421.810	680.000
83.000	5421.820	970.000
84.000	5421.830	1100.000
85.000	5421.840	750.000
86.000	5421.850	960.000
87.000	5421.860	1070.000
88.000	5421.870	1160.000
89.000	5421.880	1070.000
90.000	5421.890	930.000
91.000	5421.900	1090.000
92.000	5421.910	1230.000
93.000	5421.920	1160.000
94.000	5421.930	950.000
95.000	5421.940	1060.000
96.000	5421.950	1050.000
97.000	5421.960	1130.000
98.000	5421.970	1150.000
99.000	5421.980	980.000
100.000	5421.990	1190.000
101.000	5422.000	1230.000
102.000	5422.010	1140.000
103.000	5422.020	1190.000
104.000	5422.030	1180.000
105.000	5422.040	1130.000
106.000	5422.050	1020.000
107.000	5422.060	1220.000
108.000	5422.070	1370.000
109.000	5422.080	1100.000
110.000	5422.090	940.000
111.000	5422.100	1300.000
112.000	5422.110	1340.000
113.000	5422.120	1170.000
114.000	5422.130	1320.000
115.000	5422.140	1390.000
116.000	5422.150	1310.000
117.000	5422.160	1450.000
118.000	5422.170	1230.000
119.000	5422.180	1420.000
120.000	5422.190	1340.000
121.000	5422.200	1270.000
122.000	5422.210	1660.000
123.000	5422.220	1660.000
124.000	5422.230	1480.000
125.000	5422.240	1480.000
126.000	5422.250	1500.000
127.000	5422.260	1720.000
128.000	5422.270	1370.000
129.000	5422.280	1410.000
130.000	5422.290	1610.000
131.000	5422.300	1500.000
132.000	5422.310	1280.000
133.000	5422.320	1690.000
134.000	5422.330	1730.000
135.000	5422.340	1640.000
136.000	5422.350	1770.000
137.000	5422.360	1660.000
138.000	5422.370	1750.000
139.000	5422.380	1610.000
140.000	5422.390	1980.000
141.000	5422.400	2040.000
142.000	5422.410	1730.000
143.000	5422.420	2290.000
144.000	5422.430	2100.000
145.000	5422.440	1880.000
146.000	5422.450	2030.000
147.000	5422.460	2380.000
148.000	5422.470	2170.000
149.000	5422.480	2190.000
150.000	5422.490	2160.000
151.000	5422.500	2360.000
152.000	5422.510	2410.000
153.000	5422.520	2290.000
154.000	5422.530	2440.000
155.000	5422.540	2630.000
156.000	5422.550	3260.000
157.000	5422.560	2960.000
158.000	5422.570	3340.000
159.000	5422.580	3240.000
160.000	5422.590	3470.000
161.000	5422.600	4240.000
162.000	5422.610	4240.000
163.000	5422.620	4960.000
164.000	5422.630	4350.000
165.000	5422.640	5110.000
166.000	5422.650	4860.000
167.000	5422.660	5880.000
168.000	5422.670	6030.000
169.000	5422.680	6980.000
170.000	5422.690	6810.000
171.000	5422.700	7870.000
172.000	5422.710	9360.000
173.000	5422.720	10250.000
174.000	5422.730	10870.000
175.000	5422.740	12470.000
176.000	5422.750	15280.000
177.000	5422.760	16170.000
178.000	5422.770	18090.000
179.000	5422.780	21460.000
180.000	5422.790	23620.000
181.000	5422.800	27850.000
182.000	5422.810	32470.000
183.000	5422.820	34200.000
184.000	5422.830	43160.000
185.000	5422.840	45610.000
186.000	5422.850	52700.000
187.000	5422.860	59480.000
188.000	5422.870	59020.000
189.000	5422.880	63860.000
190.000	5422.890	74310.000
191.000	5422.900	78500.000
192.000	5422.910	90310.000
193.000	5422.920	91990.000
194.000	5422.930	96130.000
195.000	5422.940	107440.000
196.000	5422.950	109190.000
197.000	5422.960	117720.000
198.000	5422.970	125870.000
199.000	5422.980	128410.000
200.000	5422.990	142980.000
201.000	5423.000	140750.000
202.000	5423.010	154720.000
203.000	5423.020	154680.000
204.000	5423.030	166330.000
205.000	5423.040	172520.000
206.000	5423.050	186060.000
207.000	5423.060	196330.000
208.000	5423.070	205840.000
209.000	5423.080	215600.000
210.000	5423.090	221000.000
211.000	5423.100	240410.000
212.000	5423.110	242240.000
213.000	5423.120	250190.000
214.000	5423.130	270450.000
215.000	5423.140	276350.000
216.000	5423.150	288710.000
217.000	5423.160	292900.000
218.000	5423.170	304110.000
219.000	5423.180	322960.000
220.000	5423.190	321790.000
221.000	5423.200	326090.000
222.000	5423.210	336450.000
223.000	5423.220	333760.000
224.000	5423.230	346350.000
225.000	5423.240	337950.000
226.000	5423.250	340580.000
227.000	5423.260	356080.000
228.000	5423.270	346540.000
229.000	5423.280	343680.000
230.000	5423.290	337180.000
231.000	5423.300	347460.000
232.000	5423.310	330050.000
233.000	5423.320	332780.000
234.000	5423.330	327240.000
235.000	5423.340	319810.000
236.000	5423.350	315270.000
237.000	5423.360	311710.000
238.000	5423.370	296960.000
239.000	5423.380	292740.000
240.000	5423.390	288080.000
241.000	5423.400	284800.000
242.000	5423.410	272920.000
243.000	5423.420	261350.000
244.000	5423.430	260720.000
245.000	5423.440	255420.000
246.000	5423.450	239270.000
247.000	5423.460	226670.000
248.000	5423.470	210780.000
249.000	5423.480	202450.000
250.000	5423.490	191290.000
251.000	5423.500	171660.000
252.000	5423.510	166030.000
253.000	5423.520	148420.000
254.000	5423.530	137010.000
255.000	5423.540	128390.000
256.000	5423.550	105550.000
257.000	5423.560	98870.000
258.000	5423.570	92820.000
259.000	5423.580	72650.000
260.000	5423.590	67200.000
261.000	5423.600	58200.000
262.000	5423.610	50150.000
263.000	5423.620	45570.000
264.000	5423.630	36790.000
265.000	5423.640	31660.000
266.000	5423.650	27940.000
267.000	5423.660	21190.000
268.000	5423.670	17860.000
269.000	5423.680	15890.000
270.000	5423.690	12990.000
271.000	5423.700	11210.000
272.000	5423.710	8930.000
273.000	5423.720	7650.000
274.000	5423.730	6580.000
275.000	5423.740	5160.000
276.000	5423.750	4630.000
277.000	5423.760	4310.000
278.000	5423.770	3910.000
279.000	5423.780	3930.000
280.000	5423.790	3090.000
281.000	5423.800	2850.000
282.000	5423.810	2780.000
283.000	5423.820	2840.000
284.000	5423.830	2550.000
285.000	5423.840	2310.000
286.000	5423.850	1960.000
287.000	5423.860	2190.000
288.000	5423.870	1790.000
289.000	5423.880	1920.000
290.000	5423.890	1880.000
291.000	5423.900	1730.000
292.000	5423.910	1790.000
293.000	5423.920	1650.000
294.000	5423.930	1680.000
295.000	5423.940	1580.000
296.000	5423.950	1440.000
297.000	5423.960	1670.000
298.000	5423.970	1510.000
299.000	5423.980	1520.000
300.000	5423.990	1360.000
301.000	5424.000	1420.000
302.000	5424.010	1190.000
303.000	5424.020	1240.000
304.000	5424.030	1170.000
305.000	5424.040	1110.000
306.000	5424.050	1260.000
307.000	5424.060	1260.000
308.000	5424.070	1070.000
309.000	5424.080	1100.000
310.000	5424.090	990.000
311.000	5424.100	1080.000
312.000	5424.110	1160.000
313.000	5424.120	1030.000
314.000	5424.130	830.000
315.000	5424.140	1030.000
316.000	5424.150	750.000
317.000	5424.160	1000.000
318.000	5424.170	1060.000
319.000	5424.180	850.000
320.000	5424.190	880.000
321.000	5424.200	980.000
322.000	5424.210	840.000
323.000	5424.220	850.000
324.000	5424.230	770.000
325.000	5424.240	690.000
326.000	5424.250	780.000
327.000	5424.260	690.000
328.000	5424.270	680.000
329.000	5424.280	860.000
330.000	5424.290	680.000
331.000	5424.300	910.000
332.000	5424.310	750.000
333.000	5424.320	900.000
334.000	5424.330	910.000
335.000	5424.340	830.000
336.000	5424.350	820.000
337.000	5424.360	590.000
338.000	5424.370	880.000
339.000	5424.380	800.000
340.000	5424.390	730.000
341.000	5424.400	840.000
342.000	5424.410	770.000
343.000	5424.420	580.000
344.000	5424.430	610.000
345.000	5424.440	600.000
346.000	5424.450	740.000
347.000	5424.460	640.000
348.000	5424.470	580.000
349.000	5424.480	530.000
350.000	5424.490	560.000
351.000	5424.500	670.000
352.000	5424.510	620.000
353.000	5424.520	490.000
354.000	5424.530	600.000
355.000	5424.540	750.000
356.000	5424.550	750.000
357.000	5424.560	500.000
358.000	5424.570	480.000
359.000	5424.580	750.000
360.000	5424.590	650.000
361.000	5424.600	440.000
362.000	5424.610	570.000
363.000	5424.620	490.000
364.000	5424.630	740.000
365.000	5424.640	620.000
366.000	5424.650	660.000
367.000	5424.660	580.000
368.000	5424.670	640.000
369.000	5424.680	660.000
370.000	5424.690	650.000
371.000	5424.700	580.000
372.000	5424.710	470.000
373.000	5424.720	550.000
374.000	5424.730	660.000
375.000	5424.740	660.000
376.000	5424.750	620.000
377.000	5424.760	520.000
378.000	5424.770	640.000
379.000	5424.780	500.000
380.000	5424.790	530.000
381.000	5424.800	620.000
382.000	5424.810	660.000
383.000	5424.820	660.000
384.000	5424.830	510.000
385.000	5424.840	590.000
386.000	5424.850	600.000
387.000	5424.860	470.000
388.000	5424.870	480.000
389.000	5424.880	520.000
390.000	5424.890	640.000
391.000	5424.900	510.000
392.000	5424.910	460.000
393.000	5424.920	620.000
394.000	5424.930	590.000
395.000	5424.940	600.000
396.000	5424.950	590.000
397.000	5424.960	440.000
398.000	5424.970	450.000
399.000	5424.980	630.000
400.000	5424.990	580.000
401.000	5425.000	450.000
