1.000	6025.000	370.000
2.000	6026.000	420.000
3.000	6027.000	330.000
4.000	6028.000	260.000
5.000	6029.000	370.000
6.000	6030.000	360.000
7.000	6031.000	190.000
8.000	6032.000	250.000
9.000	6033.000	310.000
10.000	6034.000	350.000
11.000	6035.000	280.000
12.000	6036.000	270.000
13.000	6037.000	350.000
14.000	6038.000	150.000
15.000	6039.000	320.000
16.000	6040.000	250.000
17.000	6041.000	330.000
18.000	6042.000	370.000
19.000	6043.000	200.000
20.000	6044.000	330.000
21.000	6045.000	360.000
22.000	6046.000	270.000
23.000	6047.000	380.000
24.000	6048.000	280.000
25.000	6049.000	290.000
26.000	6050.000	340.000
27.000	6051.000	250.000
28.000	6052.000	370.000
29.000	6053.000	450.000
30.000	6054.000	320.000
31.000	6055.000	350.000
32.000	6056.000	310.000
33.000	6057.000	350.000
34.000	6058.000	320.000
35.000	6059.000	330.000
36.000	6060.000	260.000
37.000	6061.000	330.000
38.000	6062.000	330.000
39.000	6063.000	210.000
40.000	6064.000	440.000
41.000	6065.000	340.000
42.000	6066.000	310.000
43.000	6067.000	510.000
44.000	6068.000	270.000
45.000	6069.000	290.000
46.000	6070.000	370.000
47.000	6071.000	380.000
48.000	6072.000	380.000
49.000	6073.000	200.000
50.000	6074.000	270.000
51.000	6075.000	150.000
52.000	6076.000	270.000
53.000	6077.000	260.000
54.000	6078.000	370.000
55.000	6079.000	380.000
56.000	6080.000	390.000
57.000	6081.000	220.000
58.000	6082.000	290.000
59.000	6083.000	380.000
60.000	6084.000	410.000
61.000	6085.000	280.000
62.000	6086.000	220.000
63.000	6087.000	340.000
64.000	6088.000	350.000
65.000	6089.000	250.000
66.000	6090.000	360.000
67.000	6091.000	230.000
68.000	6092.000	270.000
69.000	6093.000	300.000
70.000	6094.000	240.000
71.000	6095.000	200.000
72.000	6096.000	310.000
73.000	6097.000	350.000
74.000	6098.000	250.000
75.000	6099.000	260.000
76.000	6100.000	350.000
77.000	6101.000	180.000
78.000	6102.000	260.000
79.000	6103.000	310.000
80.000	6104.000	320.000
81.000	6105.000	400.000
82.000	6106.000	250.000
83.000	6107.000	400.000
84.000	6108.000	250.000
85.000	6109.000	290.000
86.000	6110.000	310.000
87.000	6111.000	250.000
88.000	6112.000	230.000
89.000	6113.000	280.000
90.000	6114.000	340.000
91.000	6115.000	310.000
92.000	6116.000	250.000
93.000	6117.000	240.000
94.000	6118.000	360.000
95.000	6119.000	340.000
96.000	6120.000	370.000
97.000	6121.000	390.000
98.000	6122.000	270.000
99.000	6123.000	220.000
100.000	6124.000	320.000
101.000	6125.000	400.000
102.000	6126.000	370.000
103.000	6127.000	300.000
104.000	6128.000	490.000
105.000	6129.000	380.000
106.000	6130.000	220.000
107.000	6131.000	310.000
108.000	6132.000	390.000
109.000	6133.000	260.000
110.000	6134.000	300.000
111.000	6135.000	220.000
112.000	6136.000	370.000
113.000	6137.000	220.000
114.000	6138.000	380.000
115.000	6139.000	200.000
116.000	6140.000	340.000
117.000	6141.000	320.000
118.000	6142.000	330.000
119.000	6143.000	270.000
120.000	6144.000	350.000
121.000	6145.000	350.000
122.000	6146.000	340.000
123.000	6147.000	390.000
124.000	6148.000	360.000
125.000	6149.000	280.000
126.000	6150.000	200.000
127.000	6151.000	360.000
128.000	6152.000	270.000
129.000	6153.000	280.000
130.000	6154.000	380.000
131.000	6155.000	310.000
132.000	6156.000	410.000
133.000	6157.000	310.000
134.000	6158.000	420.000
135.000	6159.000	270.000
136.000	6160.000	290.000
137.000	6161.000	360.000
138.000	6162.000	380.000
139.000	6163.000	330.000
140.000	6164.000	290.000
141.000	6165.000	260.000
142.000	6166.000	310.000
143.000	6167.000	470.000
144.000	6168.000	340.000
145.000	6169.000	210.000
146.000	6170.000	370.000
147.000	6171.000	390.000
148.000	6172.000	330.000
149.000	6173.000	280.000
150.000	6174.000	410.000
151.000	6175.000	260.000
