1.000	3622.000	340.000
2.000	3622.020	440.000
3.000	3622.040	510.000
4.000	3622.060	520.000
5.000	3622.080	420.000
6.000	3622.100	360.000
7.000	3622.120	440.000
8.000	3622.140	470.000
9.000	3622.160	420.000
10.000	3622.180	320.000
11.000	3622.200	290.000
12.000	3622.220	350.000
13.000	3622.240	490.000
14.000	3622.260	420.000
15.000	3622.280	490.000
16.000	3622.300	440.000
17.000	3622.320	370.000
18.000	3622.340	360.000
19.000	3622.360	410.000
20.000	3622.380	280.000
21.000	3622.400	400.000
22.000	3622.420	610.000
23.000	3622.440	490.000
24.000	3622.460	420.000
25.000	3622.480	420.000
26.000	3622.500	350.000
27.000	3622.520	470.000
28.000	3622.540	370.000
29.000	3622.560	400.000
30.000	3622.580	420.000
31.000	3622.600	530.000
32.000	3622.620	430.000
33.000	3622.640	420.000
34.000	3622.660	330.000
35.000	3622.680	550.000
36.000	3622.700	440.000
37.000	3622.720	410.000
38.000	3622.740	520.000
39.000	3622.760	420.000
40.000	3622.780	470.000
41.000	3622.800	590.000
42.000	3622.820	520.000
43.000	3622.840	350.000
44.000	3622.860	300.000
45.000	3622.880	500.000
46.000	3622.900	540.000
47.000	3622.920	480.000
48.000	3622.940	440.000
49.000	3622.960	380.000
50.000	3622.980	560.000
51.000	3623.000	470.000
52.000	3623.020	280.000
53.000	3623.040	500.000
54.000	3623.060	410.000
55.000	3623.080	410.000
56.000	3623.100	490.000
57.000	3623.120	440.000
58.000	3623.140	350.000
59.000	3623.160	460.000
60.000	3623.180	530.000
61.000	3623.200	330.000
62.000	3623.220	540.000
63.000	3623.240	370.000
64.000	3623.260	580.000
65.000	3623.280	290.000
66.000	3623.300	540.000
67.000	3623.320	270.000
68.000	3623.340	500.000
69.000	3623.360	540.000
70.000	3623.380	460.000
71.000	3623.400	470.000
72.000	3623.420	470.000
73.000	3623.440	600.000
74.000	3623.460	320.000
75.000	3623.480	540.000
76.000	3623.500	440.000
77.000	3623.520	480.000
78.000	3623.540	550.000
79.000	3623.560	600.000
80.000	3623.580	440.000
81.000	3623.600	630.000
82.000	3623.620	450.000
83.000	3623.640	420.000
84.000	3623.660	510.000
85.000	3623.680	450.000
86.000	3623.700	390.000
87.000	3623.720	560.000
88.000	3623.740	530.000
89.000	3623.760	460.000
90.000	3623.780	490.000
91.000	3623.800	580.000
92.000	3623.820	620.000
93.000	3623.840	440.000
94.000	3623.860	470.000
95.000	3623.880	580.000
96.000	3623.900	590.000
97.000	3623.920	330.000
98.000	3623.940	500.000
99.000	3623.960	430.000
100.000	3623.980	360.000
101.000	3624.000	600.000
102.000	3624.020	530.000
103.000	3624.040	420.000
104.000	3624.060	480.000
105.000	3624.080	590.000
106.000	3624.100	600.000
107.000	3624.120	470.000
108.000	3624.140	620.000
109.000	3624.160	420.000
110.000	3624.180	450.000
111.000	3624.200	630.000
112.000	3624.220	640.000
113.000	3624.240	440.000
114.000	3624.260	420.000
115.000	3624.280	580.000
116.000	3624.300	670.000
117.000	3624.320	460.000
118.000	3624.340	570.000
119.000	3624.360	550.000
120.000	3624.380	510.000
121.000	3624.400	470.000
122.000	3624.420	560.000
123.000	3624.440	560.000
124.000	3624.460	560.000
125.000	3624.480	550.000
126.000	3624.500	640.000
127.000	3624.520	620.000
128.000	3624.540	670.000
129.000	3624.560	550.000
130.000	3624.580	560.000
131.000	3624.600	610.000
132.000	3624.620	670.000
133.000	3624.640	560.000
134.000	3624.660	450.000
135.000	3624.680	760.000
136.000	3624.700	710.000
137.000	3624.720	730.000
138.000	3624.740	690.000
139.000	3624.760	640.000
140.000	3624.780	650.000
141.000	3624.800	740.000
142.000	3624.820	700.000
143.000	3624.840	770.000
144.000	3624.860	610.000
145.000	3624.880	970.000
146.000	3624.900	780.000
147.000	3624.920	670.000
148.000	3624.940	700.000
149.000	3624.960	830.000
150.000	3624.980	780.000
151.000	3625.000	750.000
152.000	3625.020	790.000
153.000	3625.040	660.000
154.000	3625.060	860.000
155.000	3625.080	860.000
156.000	3625.100	770.000
157.000	3625.120	990.000
158.000	3625.140	840.000
159.000	3625.160	570.000
160.000	3625.180	620.000
161.000	3625.200	590.000
162.000	3625.220	590.000
163.000	3625.240	710.000
164.000	3625.260	1030.000
165.000	3625.280	890.000
166.000	3625.300	900.000
167.000	3625.320	830.000
168.000	3625.340	900.000
169.000	3625.360	790.000
170.000	3625.380	820.000
171.000	3625.400	1130.000
172.000	3625.420	880.000
173.000	3625.440	900.000
174.000	3625.460	960.000
175.000	3625.480	960.000
176.000	3625.500	1010.000
177.000	3625.520	920.000
178.000	3625.540	1020.000
179.000	3625.560	1150.000
180.000	3625.580	920.000
181.000	3625.600	1220.000
182.000	3625.620	980.000
183.000	3625.640	1210.000
184.000	3625.660	1140.000
185.000	3625.680	1080.000
186.000	3625.700	1310.000
187.000	3625.720	1070.000
188.000	3625.740	1370.000
189.000	3625.760	1090.000
190.000	3625.780	1210.000
191.000	3625.800	1220.000
192.000	3625.820	1140.000
193.000	3625.840	1570.000
194.000	3625.860	1350.000
195.000	3625.880	1390.000
196.000	3625.900	1150.000
197.000	3625.920	1600.000
198.000	3625.940	1670.000
199.000	3625.960	1470.000
200.000	3625.980	1250.000
201.000	3626.000	1590.000
202.000	3626.020	1660.000
203.000	3626.040	1500.000
204.000	3626.060	1720.000
205.000	3626.080	1780.000
206.000	3626.100	1720.000
207.000	3626.120	1690.000
208.000	3626.140	2120.000
209.000	3626.160	1870.000
210.000	3626.180	2240.000
211.000	3626.200	2230.000
212.000	3626.220	1940.000
213.000	3626.240	1910.000
214.000	3626.260	2190.000
215.000	3626.280	2490.000
216.000	3626.300	2570.000
217.000	3626.320	2400.000
218.000	3626.340	2700.000
219.000	3626.360	2630.000
220.000	3626.380	2840.000
221.000	3626.400	2720.000
222.000	3626.420	3140.000
223.000	3626.440	3030.000
224.000	3626.460	3900.000
225.000	3626.480	3960.000
226.000	3626.500	3640.000
227.000	3626.520	4290.000
228.000	3626.540	5270.000
229.000	3626.560	5730.000
230.000	3626.580	5890.000
231.000	3626.600	8470.000
232.000	3626.620	10580.000
233.000	3626.640	12990.000
234.000	3626.660	18430.000
235.000	3626.680	25800.000
236.000	3626.700	35990.000
237.000	3626.720	41950.000
238.000	3626.740	52370.000
239.000	3626.760	65230.000
240.000	3626.780	72090.000
241.000	3626.800	81970.000
242.000	3626.820	95940.000
243.000	3626.840	110460.000
244.000	3626.860	122470.000
245.000	3626.880	134530.000
246.000	3626.900	148840.000
247.000	3626.920	160310.000
248.000	3626.940	176250.000
249.000	3626.960	188430.000
250.000	3626.980	198110.000
251.000	3627.000	219240.000
252.000	3627.020	234530.000
253.000	3627.040	253270.000
254.000	3627.060	265170.000
255.000	3627.080	300550.000
256.000	3627.100	321610.000
257.000	3627.120	314320.000
258.000	3627.140	325650.000
259.000	3627.160	337910.000
260.000	3627.180	348600.000
261.000	3627.200	345740.000
262.000	3627.220	359560.000
263.000	3627.240	358220.000
264.000	3627.260	363050.000
265.000	3627.280	360730.000
266.000	3627.300	341190.000
267.000	3627.320	333970.000
268.000	3627.340	315830.000
269.000	3627.360	319800.000
270.000	3627.380	305540.000
271.000	3627.400	287800.000
272.000	3627.420	271420.000
273.000	3627.440	245740.000
274.000	3627.460	237940.000
275.000	3627.480	204410.000
276.000	3627.500	179780.000
277.000	3627.520	150620.000
278.000	3627.540	132120.000
279.000	3627.560	111560.000
280.000	3627.580	91030.000
281.000	3627.600	73770.000
282.000	3627.620	59000.000
283.000	3627.640	42160.000
284.000	3627.660	27640.000
285.000	3627.680	20530.000
286.000	3627.700	14990.000
287.000	3627.720	8970.000
288.000	3627.740	5870.000
289.000	3627.760	4480.000
290.000	3627.780	3700.000
291.000	3627.800	3070.000
292.000	3627.820	2650.000
293.000	3627.840	2390.000
294.000	3627.860	2060.000
295.000	3627.880	2060.000
296.000	3627.900	2090.000
297.000	3627.920	1890.000
298.000	3627.940	1230.000
299.000	3627.960	1450.000
300.000	3627.980	1690.000
301.000	3628.000	1500.000
302.000	3628.020	1390.000
303.000	3628.040	1260.000
304.000	3628.060	1020.000
305.000	3628.080	1260.000
306.000	3628.100	1190.000
307.000	3628.120	1010.000
308.000	3628.140	980.000
309.000	3628.160	1100.000
310.000	3628.180	1200.000
311.000	3628.200	810.000
312.000	3628.220	950.000
313.000	3628.240	1030.000
314.000	3628.260	920.000
315.000	3628.280	910.000
316.000	3628.300	840.000
317.000	3628.320	920.000
318.000	3628.340	800.000
319.000	3628.360	720.000
320.000	3628.380	900.000
321.000	3628.400	660.000
322.000	3628.420	730.000
323.000	3628.440	690.000
324.000	3628.460	580.000
325.000	3628.480	880.000
326.000	3628.500	700.000
327.000	3628.520	810.000
328.000	3628.540	680.000
329.000	3628.560	820.000
330.000	3628.580	640.000
331.000	3628.600	690.000
332.000	3628.620	620.000
333.000	3628.640	730.000
334.000	3628.660	680.000
335.000	3628.680	540.000
336.000	3628.700	630.000
337.000	3628.720	620.000
338.000	3628.740	480.000
339.000	3628.760	600.000
340.000	3628.780	720.000
341.000	3628.800	600.000
342.000	3628.820	740.000
343.000	3628.840	670.000
344.000	3628.860	680.000
345.000	3628.880	530.000
346.000	3628.900	490.000
347.000	3628.920	470.000
348.000	3628.940	590.000
349.000	3628.960	470.000
350.000	3628.980	520.000
351.000	3629.000	630.000
352.000	3629.020	510.000
353.000	3629.040	490.000
354.000	3629.060	620.000
355.000	3629.080	820.000
356.000	3629.100	520.000
357.000	3629.120	510.000
358.000	3629.140	730.000
359.000	3629.160	530.000
360.000	3629.180	460.000
361.000	3629.200	470.000
362.000	3629.220	570.000
363.000	3629.240	600.000
364.000	3629.260	410.000
365.000	3629.280	610.000
366.000	3629.300	620.000
367.000	3629.320	580.000
368.000	3629.340	600.000
369.000	3629.360	600.000
370.000	3629.380	530.000
371.000	3629.400	520.000
372.000	3629.420	480.000
373.000	3629.440	460.000
374.000	3629.460	450.000
375.000	3629.480	520.000
376.000	3629.500	500.000
377.000	3629.520	570.000
378.000	3629.540	540.000
379.000	3629.560	520.000
380.000	3629.580	460.000
381.000	3629.600	480.000
382.000	3629.620	430.000
383.000	3629.640	510.000
384.000	3629.660	520.000
385.000	3629.680	490.000
386.000	3629.700	450.000
387.000	3629.720	410.000
388.000	3629.740	460.000
389.000	3629.760	470.000
390.000	3629.780	420.000
391.000	3629.800	560.000
392.000	3629.820	400.000
393.000	3629.840	520.000
394.000	3629.860	470.000
395.000	3629.880	590.000
396.000	3629.900	470.000
397.000	3629.920	560.000
398.000	3629.940	440.000
399.000	3629.960	530.000
400.000	3629.980	510.000
401.000	3630.000	600.000
402.000	3630.020	470.000
403.000	3630.040	700.000
404.000	3630.060	550.000
405.000	3630.080	300.000
406.000	3630.100	510.000
407.000	3630.120	440.000
408.000	3630.140	470.000
409.000	3630.160	490.000
410.000	3630.180	550.000
411.000	3630.200	500.000
412.000	3630.220	470.000
413.000	3630.240	490.000
414.000	3630.260	550.000
415.000	3630.280	500.000
416.000	3630.300	630.000
417.000	3630.320	400.000
418.000	3630.340	670.000
419.000	3630.360	620.000
420.000	3630.380	610.000
421.000	3630.400	660.000
422.000	3630.420	530.000
423.000	3630.440	500.000
424.000	3630.460	540.000
425.000	3630.480	550.000
426.000	3630.500	760.000
427.000	3630.520	560.000
428.000	3630.540	700.000
429.000	3630.560	580.000
430.000	3630.580	740.000
431.000	3630.600	620.000
432.000	3630.620	610.000
433.000	3630.640	530.000
434.000	3630.660	680.000
435.000	3630.680	590.000
436.000	3630.700	580.000
437.000	3630.720	490.000
438.000	3630.740	590.000
439.000	3630.760	710.000
440.000	3630.780	630.000
441.000	3630.800	550.000
442.000	3630.820	460.000
443.000	3630.840	610.000
444.000	3630.860	660.000
445.000	3630.880	720.000
446.000	3630.900	710.000
447.000	3630.920	540.000
448.000	3630.940	740.000
449.000	3630.960	750.000
450.000	3630.980	480.000
451.000	3631.000	600.000
452.000	3631.020	740.000
453.000	3631.040	750.000
454.000	3631.060	720.000
455.000	3631.080	810.000
456.000	3631.100	830.000
457.000	3631.120	650.000
458.000	3631.140	920.000
459.000	3631.160	1040.000
460.000	3631.180	770.000
461.000	3631.200	1050.000
462.000	3631.220	910.000
463.000	3631.240	1100.000
464.000	3631.260	1250.000
465.000	3631.280	1370.000
466.000	3631.300	1970.000
467.000	3631.320	2500.000
468.000	3631.340	3220.000
469.000	3631.360	2830.000
470.000	3631.380	4830.000
471.000	3631.400	5550.000
472.000	3631.420	7270.000
473.000	3631.440	8040.000
474.000	3631.460	9320.000
475.000	3631.480	10910.000
476.000	3631.500	11970.000
477.000	3631.520	14730.000
478.000	3631.540	14960.000
479.000	3631.560	16940.000
480.000	3631.580	20030.000
481.000	3631.600	22520.000
482.000	3631.620	23100.000
483.000	3631.640	24450.000
484.000	3631.660	27680.000
485.000	3631.680	28560.000
486.000	3631.700	31840.000
487.000	3631.720	33630.000
488.000	3631.740	38830.000
489.000	3631.760	36410.000
490.000	3631.780	38780.000
491.000	3631.800	38660.000
492.000	3631.820	42560.000
493.000	3631.840	42630.000
494.000	3631.860	44690.000
495.000	3631.880	42770.000
496.000	3631.900	43880.000
497.000	3631.920	44190.000
498.000	3631.940	42500.000
499.000	3631.960	39420.000
500.000	3631.980	39900.000
501.000	3632.000	37430.000
