1.000	6025.000	240.000
2.000	6025.100	270.000
3.000	6025.200	510.000
4.000	6025.300	380.000
5.000	6025.400	250.000
6.000	6025.500	310.000
7.000	6025.600	300.000
8.000	6025.700	280.000
9.000	6025.800	390.000
10.000	6025.900	270.000
11.000	6026.000	230.000
12.000	6026.100	350.000
13.000	6026.200	340.000
14.000	6026.300	240.000
15.000	6026.400	340.000
16.000	6026.500	390.000
17.000	6026.600	220.000
18.000	6026.700	390.000
19.000	6026.800	270.000
20.000	6026.900	290.000
21.000	6027.000	400.000
22.000	6027.100	410.000
23.000	6027.200	260.000
24.000	6027.300	370.000
25.000	6027.400	260.000
26.000	6027.500	290.000
27.000	6027.600	300.000
28.000	6027.700	370.000
29.000	6027.800	350.000
30.000	6027.900	280.000
31.000	6028.000	280.000
32.000	6028.100	200.000
33.000	6028.200	350.000
34.000	6028.300	410.000
35.000	6028.400	300.000
36.000	6028.500	450.000
37.000	6028.600	430.000
38.000	6028.700	320.000
39.000	6028.800	430.000
40.000	6028.900	250.000
41.000	6029.000	260.000
42.000	6029.100	260.000
43.000	6029.200	360.000
44.000	6029.300	440.000
45.000	6029.400	260.000
46.000	6029.500	280.000
47.000	6029.600	250.000
48.000	6029.700	250.000
49.000	6029.800	310.000
50.000	6029.900	310.000
51.000	6030.000	230.000
52.000	6030.100	250.000
53.000	6030.200	490.000
54.000	6030.300	370.000
55.000	6030.400	210.000
56.000	6030.500	270.000
57.000	6030.600	220.000
58.000	6030.700	390.000
59.000	6030.800	400.000
60.000	6030.900	270.000
61.000	6031.000	290.000
62.000	6031.100	300.000
63.000	6031.200	290.000
64.000	6031.300	430.000
65.000	6031.400	370.000
66.000	6031.500	350.000
67.000	6031.600	370.000
68.000	6031.700	280.000
69.000	6031.800	310.000
70.000	6031.900	190.000
71.000	6032.000	360.000
72.000	6032.100	340.000
73.000	6032.200	260.000
74.000	6032.300	330.000
75.000	6032.400	330.000
76.000	6032.500	290.000
77.000	6032.600	370.000
78.000	6032.700	300.000
79.000	6032.800	330.000
80.000	6032.900	260.000
81.000	6033.000	340.000
82.000	6033.100	380.000
83.000	6033.200	300.000
84.000	6033.300	340.000
85.000	6033.400	300.000
86.000	6033.500	320.000
87.000	6033.600	340.000
88.000	6033.700	340.000
89.000	6033.800	380.000
90.000	6033.900	310.000
91.000	6034.000	250.000
92.000	6034.100	350.000
93.000	6034.200	320.000
94.000	6034.300	350.000
95.000	6034.400	180.000
96.000	6034.500	370.000
97.000	6034.600	390.000
98.000	6034.700	360.000
99.000	6034.800	260.000
100.000	6034.900	330.000
101.000	6035.000	320.000
102.000	6035.100	390.000
103.000	6035.200	240.000
104.000	6035.300	270.000
105.000	6035.400	290.000
106.000	6035.500	330.000
107.000	6035.600	320.000
108.000	6035.700	410.000
109.000	6035.800	280.000
110.000	6035.900	270.000
111.000	6036.000	360.000
112.000	6036.100	320.000
113.000	6036.200	200.000
114.000	6036.300	300.000
115.000	6036.400	300.000
116.000	6036.500	320.000
117.000	6036.600	270.000
118.000	6036.700	350.000
119.000	6036.800	210.000
120.000	6036.900	300.000
121.000	6037.000	430.000
122.000	6037.100	360.000
123.000	6037.200	310.000
124.000	6037.300	220.000
125.000	6037.400	220.000
126.000	6037.500	300.000
127.000	6037.600	360.000
128.000	6037.700	440.000
129.000	6037.800	190.000
130.000	6037.900	260.000
131.000	6038.000	300.000
132.000	6038.100	220.000
133.000	6038.200	320.000
134.000	6038.300	380.000
135.000	6038.400	240.000
136.000	6038.500	260.000
137.000	6038.600	300.000
138.000	6038.700	340.000
139.000	6038.800	240.000
140.000	6038.900	340.000
141.000	6039.000	270.000
142.000	6039.100	340.000
143.000	6039.200	330.000
144.000	6039.300	330.000
145.000	6039.400	210.000
146.000	6039.500	270.000
147.000	6039.600	270.000
148.000	6039.700	400.000
149.000	6039.800	270.000
150.000	6039.900	200.000
151.000	6040.000	260.000
152.000	6040.100	330.000
153.000	6040.200	320.000
154.000	6040.300	160.000
155.000	6040.400	240.000
156.000	6040.500	210.000
157.000	6040.600	340.000
158.000	6040.700	320.000
159.000	6040.800	270.000
160.000	6040.900	320.000
161.000	6041.000	420.000
162.000	6041.100	310.000
163.000	6041.200	370.000
164.000	6041.300	290.000
165.000	6041.400	160.000
166.000	6041.500	260.000
167.000	6041.600	320.000
168.000	6041.700	300.000
169.000	6041.800	300.000
170.000	6041.900	360.000
171.000	6042.000	300.000
172.000	6042.100	400.000
173.000	6042.200	200.000
174.000	6042.300	350.000
175.000	6042.400	370.000
176.000	6042.500	420.000
177.000	6042.600	290.000
178.000	6042.700	260.000
179.000	6042.800	300.000
180.000	6042.900	470.000
181.000	6043.000	310.000
182.000	6043.100	250.000
183.000	6043.200	300.000
184.000	6043.300	260.000
185.000	6043.400	340.000
186.000	6043.500	370.000
187.000	6043.600	290.000
188.000	6043.700	260.000
189.000	6043.800	350.000
190.000	6043.900	370.000
191.000	6044.000	310.000
192.000	6044.100	340.000
193.000	6044.200	270.000
194.000	6044.300	210.000
195.000	6044.400	340.000
196.000	6044.500	210.000
197.000	6044.600	260.000
198.000	6044.700	200.000
199.000	6044.800	310.000
200.000	6044.900	330.000
201.000	6045.000	400.000
202.000	6045.100	230.000
203.000	6045.200	290.000
204.000	6045.300	270.000
205.000	6045.400	270.000
206.000	6045.500	240.000
207.000	6045.600	370.000
208.000	6045.700	200.000
209.000	6045.800	230.000
210.000	6045.900	240.000
211.000	6046.000	240.000
212.000	6046.100	270.000
213.000	6046.200	230.000
214.000	6046.300	320.000
215.000	6046.400	320.000
216.000	6046.500	200.000
217.000	6046.600	310.000
218.000	6046.700	420.000
219.000	6046.800	320.000
220.000	6046.900	240.000
221.000	6047.000	350.000
222.000	6047.100	260.000
223.000	6047.200	350.000
224.000	6047.300	240.000
225.000	6047.400	450.000
226.000	6047.500	510.000
227.000	6047.600	320.000
228.000	6047.700	290.000
229.000	6047.800	240.000
230.000	6047.900	430.000
231.000	6048.000	190.000
232.000	6048.100	380.000
233.000	6048.200	320.000
234.000	6048.300	480.000
235.000	6048.400	250.000
236.000	6048.500	300.000
237.000	6048.600	260.000
238.000	6048.700	380.000
239.000	6048.800	330.000
240.000	6048.900	330.000
241.000	6049.000	230.000
242.000	6049.100	380.000
243.000	6049.200	250.000
244.000	6049.300	300.000
245.000	6049.400	380.000
246.000	6049.500	270.000
247.000	6049.600	260.000
248.000	6049.700	290.000
249.000	6049.800	240.000
250.000	6049.900	320.000
251.000	6050.000	250.000
252.000	6050.100	260.000
253.000	6050.200	280.000
254.000	6050.300	280.000
255.000	6050.400	430.000
256.000	6050.500	410.000
257.000	6050.600	250.000
258.000	6050.700	270.000
259.000	6050.800	220.000
260.000	6050.900	360.000
261.000	6051.000	270.000
262.000	6051.100	300.000
263.000	6051.200	400.000
264.000	6051.300	230.000
265.000	6051.400	440.000
266.000	6051.500	340.000
267.000	6051.600	350.000
268.000	6051.700	240.000
269.000	6051.800	220.000
270.000	6051.900	210.000
271.000	6052.000	250.000
272.000	6052.100	220.000
273.000	6052.200	310.000
274.000	6052.300	260.000
275.000	6052.400	260.000
276.000	6052.500	390.000
277.000	6052.600	250.000
278.000	6052.700	340.000
279.000	6052.800	290.000
280.000	6052.900	270.000
281.000	6053.000	370.000
282.000	6053.100	320.000
283.000	6053.200	270.000
284.000	6053.300	240.000
285.000	6053.400	380.000
286.000	6053.500	340.000
287.000	6053.600	400.000
288.000	6053.700	320.000
289.000	6053.800	340.000
290.000	6053.900	350.000
291.000	6054.000	280.000
292.000	6054.100	320.000
293.000	6054.200	300.000
294.000	6054.300	340.000
295.000	6054.400	230.000
296.000	6054.500	410.000
297.000	6054.600	370.000
298.000	6054.700	340.000
299.000	6054.800	250.000
300.000	6054.900	310.000
301.000	6055.000	240.000
302.000	6055.100	290.000
303.000	6055.200	320.000
304.000	6055.300	290.000
305.000	6055.400	430.000
306.000	6055.500	340.000
307.000	6055.600	260.000
308.000	6055.700	260.000
309.000	6055.800	370.000
310.000	6055.900	360.000
311.000	6056.000	400.000
312.000	6056.100	270.000
313.000	6056.200	230.000
314.000	6056.300	380.000
315.000	6056.400	400.000
316.000	6056.500	260.000
317.000	6056.600	290.000
318.000	6056.700	390.000
319.000	6056.800	250.000
320.000	6056.900	320.000
321.000	6057.000	330.000
322.000	6057.100	340.000
323.000	6057.200	260.000
324.000	6057.300	300.000
325.000	6057.400	350.000
326.000	6057.500	180.000
327.000	6057.600	380.000
328.000	6057.700	350.000
329.000	6057.800	300.000
330.000	6057.900	260.000
331.000	6058.000	310.000
332.000	6058.100	360.000
333.000	6058.200	310.000
334.000	6058.300	430.000
335.000	6058.400	390.000
336.000	6058.500	270.000
337.000	6058.600	380.000
338.000	6058.700	250.000
339.000	6058.800	340.000
340.000	6058.900	250.000
341.000	6059.000	320.000
342.000	6059.100	420.000
343.000	6059.200	360.000
344.000	6059.300	310.000
345.000	6059.400	150.000
346.000	6059.500	240.000
347.000	6059.600	250.000
348.000	6059.700	400.000
349.000	6059.800	340.000
350.000	6059.900	320.000
351.000	6060.000	380.000
352.000	6060.100	360.000
353.000	6060.200	320.000
354.000	6060.300	280.000
355.000	6060.400	340.000
356.000	6060.500	310.000
357.000	6060.600	260.000
358.000	6060.700	210.000
359.000	6060.800	330.000
360.000	6060.900	300.000
361.000	6061.000	310.000
362.000	6061.100	360.000
363.000	6061.200	410.000
364.000	6061.300	320.000
365.000	6061.400	410.000
366.000	6061.500	390.000
367.000	6061.600	330.000
368.000	6061.700	290.000
369.000	6061.800	500.000
370.000	6061.900	350.000
371.000	6062.000	250.000
372.000	6062.100	280.000
373.000	6062.200	370.000
374.000	6062.300	270.000
375.000	6062.400	300.000
376.000	6062.500	250.000
377.000	6062.600	230.000
378.000	6062.700	350.000
379.000	6062.800	300.000
380.000	6062.900	350.000
381.000	6063.000	380.000
382.000	6063.100	280.000
383.000	6063.200	280.000
384.000	6063.300	270.000
385.000	6063.400	280.000
386.000	6063.500	240.000
387.000	6063.600	280.000
388.000	6063.700	340.000
389.000	6063.800	260.000
390.000	6063.900	400.000
391.000	6064.000	330.000
392.000	6064.100	300.000
393.000	6064.200	270.000
394.000	6064.300	420.000
395.000	6064.400	240.000
396.000	6064.500	280.000
397.000	6064.600	360.000
398.000	6064.700	400.000
399.000	6064.800	220.000
400.000	6064.900	250.000
401.000	6065.000	230.000
402.000	6065.100	350.000
403.000	6065.200	410.000
404.000	6065.300	270.000
405.000	6065.400	340.000
406.000	6065.500	480.000
407.000	6065.600	290.000
408.000	6065.700	410.000
409.000	6065.800	320.000
410.000	6065.900	190.000
411.000	6066.000	230.000
412.000	6066.100	260.000
413.000	6066.200	210.000
414.000	6066.300	310.000
415.000	6066.400	340.000
416.000	6066.500	270.000
417.000	6066.600	300.000
418.000	6066.700	340.000
419.000	6066.800	310.000
420.000	6066.900	380.000
421.000	6067.000	270.000
422.000	6067.100	370.000
423.000	6067.200	280.000
424.000	6067.300	280.000
425.000	6067.400	460.000
426.000	6067.500	350.000
427.000	6067.600	280.000
428.000	6067.700	340.000
429.000	6067.800	360.000
430.000	6067.900	420.000
431.000	6068.000	310.000
432.000	6068.100	260.000
433.000	6068.200	200.000
434.000	6068.300	270.000
435.000	6068.400	340.000
436.000	6068.500	270.000
437.000	6068.600	430.000
438.000	6068.700	360.000
439.000	6068.800	330.000
440.000	6068.900	250.000
441.000	6069.000	340.000
442.000	6069.100	250.000
443.000	6069.200	340.000
444.000	6069.300	460.000
445.000	6069.400	410.000
446.000	6069.500	360.000
447.000	6069.600	290.000
448.000	6069.700	320.000
449.000	6069.800	240.000
450.000	6069.900	200.000
451.000	6070.000	330.000
452.000	6070.100	370.000
453.000	6070.200	440.000
454.000	6070.300	380.000
455.000	6070.400	440.000
456.000	6070.500	380.000
457.000	6070.600	340.000
458.000	6070.700	390.000
459.000	6070.800	200.000
460.000	6070.900	440.000
461.000	6071.000	220.000
462.000	6071.100	290.000
463.000	6071.200	300.000
464.000	6071.300	240.000
465.000	6071.400	350.000
466.000	6071.500	320.000
467.000	6071.600	340.000
468.000	6071.700	250.000
469.000	6071.800	300.000
470.000	6071.900	330.000
471.000	6072.000	300.000
472.000	6072.100	370.000
473.000	6072.200	300.000
474.000	6072.300	330.000
475.000	6072.400	390.000
476.000	6072.500	360.000
477.000	6072.600	190.000
478.000	6072.700	220.000
479.000	6072.800	410.000
480.000	6072.900	340.000
481.000	6073.000	430.000
482.000	6073.100	420.000
483.000	6073.200	280.000
484.000	6073.300	320.000
485.000	6073.400	330.000
486.000	6073.500	310.000
487.000	6073.600	290.000
488.000	6073.700	280.000
489.000	6073.800	300.000
490.000	6073.900	370.000
491.000	6074.000	330.000
492.000	6074.100	290.000
493.000	6074.200	330.000
494.000	6074.300	310.000
495.000	6074.400	220.000
496.000	6074.500	360.000
497.000	6074.600	250.000
498.000	6074.700	310.000
499.000	6074.800	340.000
500.000	6074.900	380.000
501.000	6075.000	270.000
