1.000	4500.000	590.000
2.000	4501.000	560.000
3.000	4502.000	340.000
4.000	4503.000	500.000
5.000	4504.000	600.000
6.000	4505.000	690.000
7.000	4506.000	480.000
8.000	4507.000	410.000
9.000	4508.000	470.000
10.000	4509.000	430.000
11.000	4510.000	630.000
12.000	4511.000	640.000
13.000	4512.000	380.000
14.000	4513.000	410.000
15.000	4514.000	380.000
16.000	4515.000	610.000
17.000	4516.000	450.000
18.000	4517.000	730.000
19.000	4518.000	600.000
20.000	4519.000	400.000
21.000	4520.000	680.000
22.000	4521.000	390.000
23.000	4522.000	530.000
24.000	4523.000	460.000
25.000	4524.000	490.000
26.000	4525.000	290.000
27.000	4526.000	570.000
28.000	4527.000	510.000
29.000	4528.000	450.000
30.000	4529.000	540.000
31.000	4530.000	460.000
32.000	4531.000	400.000
33.000	4532.000	560.000
34.000	4533.000	550.000
35.000	4534.000	480.000
36.000	4535.000	540.000
37.000	4536.000	690.000
38.000	4537.000	440.000
39.000	4538.000	480.000
40.000	4539.000	580.000
41.000	4540.000	500.000
42.000	4541.000	490.000
43.000	4542.000	450.000
44.000	4543.000	330.000
45.000	4544.000	540.000
46.000	4545.000	640.000
47.000	4546.000	490.000
48.000	4547.000	480.000
49.000	4548.000	440.000
50.000	4549.000	540.000
51.000	4550.000	480.000
52.000	4551.000	460.000
53.000	4552.000	500.000
54.000	4553.000	570.000
55.000	4554.000	350.000
56.000	4555.000	570.000
57.000	4556.000	510.000
58.000	4557.000	540.000
59.000	4558.000	590.000
60.000	4559.000	470.000
61.000	4560.000	410.000
62.000	4561.000	260.000
63.000	4562.000	550.000
64.000	4563.000	370.000
65.000	4564.000	450.000
66.000	4565.000	520.000
67.000	4566.000	530.000
68.000	4567.000	430.000
69.000	4568.000	620.000
70.000	4569.000	410.000
71.000	4570.000	510.000
72.000	4571.000	460.000
73.000	4572.000	550.000
74.000	4573.000	390.000
75.000	4574.000	590.000
76.000	4575.000	500.000
77.000	4576.000	460.000
78.000	4577.000	590.000
79.000	4578.000	440.000
80.000	4579.000	570.000
81.000	4580.000	490.000
82.000	4581.000	540.000
83.000	4582.000	380.000
84.000	4583.000	510.000
85.000	4584.000	380.000
86.000	4585.000	530.000
87.000	4586.000	390.000
88.000	4587.000	460.000
89.000	4588.000	430.000
90.000	4589.000	520.000
91.000	4590.000	340.000
92.000	4591.000	520.000
93.000	4592.000	420.000
94.000	4593.000	680.000
95.000	4594.000	620.000
96.000	4595.000	470.000
97.000	4596.000	410.000
98.000	4597.000	430.000
99.000	4598.000	380.000
100.000	4599.000	730.000
101.000	4600.000	410.000
102.000	4601.000	520.000
103.000	4602.000	720.000
104.000	4603.000	540.000
105.000	4604.000	430.000
106.000	4605.000	560.000
107.000	4606.000	570.000
108.000	4607.000	540.000
109.000	4608.000	560.000
110.000	4609.000	460.000
111.000	4610.000	580.000
112.000	4611.000	450.000
113.000	4612.000	580.000
114.000	4613.000	370.000
115.000	4614.000	480.000
116.000	4615.000	550.000
117.000	4616.000	520.000
118.000	4617.000	570.000
119.000	4618.000	340.000
120.000	4619.000	620.000
121.000	4620.000	420.000
122.000	4621.000	850.000
123.000	4622.000	660.000
124.000	4623.000	600.000
125.000	4624.000	400.000
126.000	4625.000	410.000
127.000	4626.000	380.000
128.000	4627.000	500.000
129.000	4628.000	570.000
130.000	4629.000	530.000
131.000	4630.000	510.000
132.000	4631.000	500.000
133.000	4632.000	450.000
134.000	4633.000	480.000
135.000	4634.000	430.000
136.000	4635.000	380.000
137.000	4636.000	330.000
138.000	4637.000	500.000
139.000	4638.000	510.000
140.000	4639.000	500.000
141.000	4640.000	430.000
142.000	4641.000	520.000
143.000	4642.000	340.000
144.000	4643.000	380.000
145.000	4644.000	570.000
146.000	4645.000	420.000
147.000	4646.000	400.000
148.000	4647.000	440.000
149.000	4648.000	460.000
150.000	4649.000	650.000
151.000	4650.000	430.000
152.000	4651.000	550.000
153.000	4652.000	520.000
154.000	4653.000	520.000
155.000	4654.000	700.000
156.000	4655.000	470.000
157.000	4656.000	640.000
158.000	4657.000	650.000
159.000	4658.000	500.000
160.000	4659.000	470.000
161.000	4660.000	400.000
162.000	4661.000	440.000
163.000	4662.000	600.000
164.000	4663.000	540.000
165.000	4664.000	580.000
166.000	4665.000	480.000
167.000	4666.000	550.000
168.000	4667.000	480.000
169.000	4668.000	560.000
170.000	4669.000	570.000
171.000	4670.000	530.000
172.000	4671.000	710.000
173.000	4672.000	1510.000
174.000	4673.000	440.000
175.000	4674.000	360.000
176.000	4675.000	530.000
177.000	4676.000	350.000
178.000	4677.000	480.000
179.000	4678.000	470.000
180.000	4679.000	480.000
181.000	4680.000	440.000
182.000	4681.000	470.000
183.000	4682.000	410.000
184.000	4683.000	480.000
185.000	4684.000	500.000
186.000	4685.000	580.000
187.000	4686.000	450.000
188.000	4687.000	520.000
189.000	4688.000	430.000
190.000	4689.000	540.000
191.000	4690.000	680.000
192.000	4691.000	540.000
193.000	4692.000	530.000
194.000	4693.000	570.000
195.000	4694.000	480.000
196.000	4695.000	550.000
197.000	4696.000	330.000
198.000	4697.000	620.000
199.000	4698.000	500.000
200.000	4699.000	530.000
201.000	4700.000	620.000
202.000	4701.000	430.000
203.000	4702.000	450.000
204.000	4703.000	580.000
205.000	4704.000	420.000
206.000	4705.000	320.000
207.000	4706.000	460.000
208.000	4707.000	520.000
209.000	4708.000	470.000
210.000	4709.000	490.000
211.000	4710.000	450.000
212.000	4711.000	510.000
213.000	4712.000	650.000
214.000	4713.000	600.000
215.000	4714.000	500.000
216.000	4715.000	530.000
217.000	4716.000	600.000
218.000	4717.000	370.000
219.000	4718.000	360.000
220.000	4719.000	600.000
221.000	4720.000	460.000
222.000	4721.000	560.000
223.000	4722.000	450.000
224.000	4723.000	650.000
225.000	4724.000	480.000
226.000	4725.000	380.000
227.000	4726.000	460.000
228.000	4727.000	610.000
229.000	4728.000	410.000
230.000	4729.000	430.000
231.000	4730.000	480.000
232.000	4731.000	430.000
233.000	4732.000	410.000
234.000	4733.000	540.000
235.000	4734.000	500.000
236.000	4735.000	450.000
237.000	4736.000	430.000
238.000	4737.000	380.000
239.000	4738.000	520.000
240.000	4739.000	460.000
241.000	4740.000	400.000
242.000	4741.000	460.000
243.000	4742.000	530.000
244.000	4743.000	360.000
245.000	4744.000	480.000
246.000	4745.000	360.000
247.000	4746.000	520.000
248.000	4747.000	510.000
249.000	4748.000	480.000
250.000	4749.000	370.000
251.000	4750.000	410.000
252.000	4751.000	370.000
253.000	4752.000	610.000
254.000	4753.000	650.000
255.000	4754.000	450.000
256.000	4755.000	510.000
257.000	4756.000	560.000
258.000	4757.000	590.000
259.000	4758.000	490.000
260.000	4759.000	550.000
261.000	4760.000	480.000
262.000	4761.000	540.000
263.000	4762.000	520.000
264.000	4763.000	520.000
265.000	4764.000	540.000
266.000	4765.000	600.000
267.000	4766.000	400.000
268.000	4767.000	550.000
269.000	4768.000	560.000
270.000	4769.000	460.000
271.000	4770.000	580.000
272.000	4771.000	560.000
273.000	4772.000	510.000
274.000	4773.000	590.000
275.000	4774.000	350.000
276.000	4775.000	550.000
277.000	4776.000	320.000
278.000	4777.000	360.000
279.000	4778.000	400.000
280.000	4779.000	440.000
281.000	4780.000	620.000
282.000	4781.000	560.000
283.000	4782.000	620.000
284.000	4783.000	440.000
285.000	4784.000	330.000
286.000	4785.000	360.000
287.000	4786.000	410.000
288.000	4787.000	400.000
289.000	4788.000	500.000
290.000	4789.000	490.000
291.000	4790.000	310.000
292.000	4791.000	420.000
293.000	4792.000	440.000
294.000	4793.000	430.000
295.000	4794.000	560.000
296.000	4795.000	550.000
297.000	4796.000	490.000
298.000	4797.000	390.000
299.000	4798.000	520.000
300.000	4799.000	430.000
301.000	4800.000	440.000
302.000	4801.000	480.000
303.000	4802.000	520.000
304.000	4803.000	570.000
305.000	4804.000	470.000
306.000	4805.000	480.000
307.000	4806.000	430.000
308.000	4807.000	300.000
309.000	4808.000	450.000
310.000	4809.000	450.000
311.000	4810.000	420.000
312.000	4811.000	340.000
313.000	4812.000	450.000
314.000	4813.000	560.000
315.000	4814.000	360.000
316.000	4815.000	560.000
317.000	4816.000	370.000
318.000	4817.000	400.000
319.000	4818.000	450.000
320.000	4819.000	470.000
321.000	4820.000	480.000
322.000	4821.000	440.000
323.000	4822.000	610.000
324.000	4823.000	410.000
325.000	4824.000	400.000
326.000	4825.000	550.000
327.000	4826.000	470.000
328.000	4827.000	550.000
329.000	4828.000	540.000
330.000	4829.000	920.000
331.000	4830.000	840.000
332.000	4831.000	440.000
333.000	4832.000	470.000
334.000	4833.000	420.000
335.000	4834.000	540.000
336.000	4835.000	530.000
337.000	4836.000	570.000
338.000	4837.000	420.000
339.000	4838.000	480.000
340.000	4839.000	580.000
341.000	4840.000	580.000
342.000	4841.000	430.000
343.000	4842.000	440.000
344.000	4843.000	380.000
345.000	4844.000	450.000
346.000	4845.000	400.000
347.000	4846.000	420.000
348.000	4847.000	390.000
349.000	4848.000	480.000
350.000	4849.000	520.000
351.000	4850.000	410.000
352.000	4851.000	440.000
353.000	4852.000	430.000
354.000	4853.000	460.000
355.000	4854.000	470.000
356.000	4855.000	580.000
357.000	4856.000	550.000
358.000	4857.000	410.000
359.000	4858.000	480.000
360.000	4859.000	480.000
361.000	4860.000	590.000
362.000	4861.000	490.000
363.000	4862.000	460.000
364.000	4863.000	450.000
365.000	4864.000	460.000
366.000	4865.000	320.000
367.000	4866.000	420.000
368.000	4867.000	570.000
369.000	4868.000	470.000
370.000	4869.000	390.000
371.000	4870.000	650.000
372.000	4871.000	420.000
373.000	4872.000	360.000
374.000	4873.000	460.000
375.000	4874.000	480.000
376.000	4875.000	430.000
377.000	4876.000	470.000
378.000	4877.000	450.000
379.000	4878.000	320.000
380.000	4879.000	410.000
381.000	4880.000	350.000
382.000	4881.000	600.000
383.000	4882.000	400.000
384.000	4883.000	470.000
385.000	4884.000	13040.000
386.000	4885.000	450.000
387.000	4886.000	550.000
388.000	4887.000	410.000
389.000	4888.000	470.000
390.000	4889.000	460.000
391.000	4890.000	460.000
392.000	4891.000	430.000
393.000	4892.000	490.000
394.000	4893.000	530.000
395.000	4894.000	440.000
396.000	4895.000	610.000
397.000	4896.000	450.000
398.000	4897.000	520.000
399.000	4898.000	450.000
400.000	4899.000	420.000
401.000	4900.000	410.000
402.000	4901.000	560.000
403.000	4902.000	440.000
404.000	4903.000	490.000
405.000	4904.000	400.000
406.000	4905.000	480.000
407.000	4906.000	420.000
408.000	4907.000	670.000
409.000	4908.000	420.000
410.000	4909.000	540.000
411.000	4910.000	440.000
412.000	4911.000	410.000
413.000	4912.000	380.000
414.000	4913.000	420.000
415.000	4914.000	640.000
416.000	4915.000	520.000
417.000	4916.000	420.000
418.000	4917.000	440.000
419.000	4918.000	380.000
420.000	4919.000	530.000
421.000	4920.000	420.000
422.000	4921.000	250.000
423.000	4922.000	500.000
424.000	4923.000	370.000
425.000	4924.000	740.000
426.000	4925.000	490.000
427.000	4926.000	370.000
428.000	4927.000	260.000
429.000	4928.000	410.000
430.000	4929.000	500.000
431.000	4930.000	540.000
432.000	4931.000	430.000
433.000	4932.000	500.000
434.000	4933.000	520.000
435.000	4934.000	510.000
436.000	4935.000	350.000
437.000	4936.000	430.000
438.000	4937.000	430.000
439.000	4938.000	490.000
440.000	4939.000	400.000
441.000	4940.000	480.000
442.000	4941.000	530.000
443.000	4942.000	300.000
444.000	4943.000	370.000
445.000	4944.000	350.000
446.000	4945.000	460.000
447.000	4946.000	420.000
448.000	4947.000	510.000
449.000	4948.000	530.000
450.000	4949.000	490.000
451.000	4950.000	410.000
452.000	4951.000	480.000
453.000	4952.000	440.000
454.000	4953.000	550.000
455.000	4954.000	360.000
456.000	4955.000	380.000
457.000	4956.000	570.000
458.000	4957.000	540.000
459.000	4958.000	450.000
460.000	4959.000	420.000
461.000	4960.000	480.000
462.000	4961.000	540.000
463.000	4962.000	300.000
464.000	4963.000	370.000
465.000	4964.000	680.000
466.000	4965.000	590.000
467.000	4966.000	380.000
468.000	4967.000	420.000
469.000	4968.000	320.000
470.000	4969.000	370.000
471.000	4970.000	350.000
472.000	4971.000	420.000
473.000	4972.000	390.000
474.000	4973.000	330.000
475.000	4974.000	380.000
476.000	4975.000	350.000
477.000	4976.000	470.000
478.000	4977.000	450.000
479.000	4978.000	550.000
480.000	4979.000	380.000
481.000	4980.000	470.000
482.000	4981.000	380.000
483.000	4982.000	420.000
484.000	4983.000	440.000
485.000	4984.000	450.000
486.000	4985.000	470.000
487.000	4986.000	300.000
488.000	4987.000	280.000
489.000	4988.000	380.000
490.000	4989.000	380.000
491.000	4990.000	520.000
492.000	4991.000	580.000
493.000	4992.000	450.000
494.000	4993.000	340.000
495.000	4994.000	290.000
496.000	4995.000	420.000
497.000	4996.000	440.000
498.000	4997.000	260.000
499.000	4998.000	380.000
500.000	4999.000	360.000
501.000	5000.000	330.000
